0.00535214	1617.6514285714075	251.26958717659235
0.00565114	1416.1314285714252	204.44926805642024
0.00595014	1435.056190476198	179.6544012770816
0.00624914	1588.140000000003	137.78432752668584
0.00654814	1344.779047619054	116.17152992333472
0.00684714	1394.8799999999892	102.52211761340732
0.00714615	1585.1514285714347	97.22930556843446
0.00744515	1548.4933333333356	88.2872506734559
0.00774415	1438.82761904762	79.51067069468328
0.00804315	1554.1514285714402	75.66337240037436
0.00834215	1538.8026666666747	68.28605931915023
0.00864115	1521.3076190476181	64.93482456439602
0.00894016	1453.6628571428605	59.44641124158845
0.00923916	1596.769619047618	56.27204444090616
0.00953816	1483.0965714285685	53.019942603760256
0.00983716	1355.5470476190453	48.7655743392087
0.0101362	1381.940095238092	47.24909721451898
0.0104352	1416.1661904761934	43.46292290964506
0.0107342	1433.809333333337	41.991985559766114
0.0110332	1353.9948571428579	39.633297013789665
0.0113322	1450.3132380952377	38.079965788338605
0.0116312	1403.5975238095227	36.06528659237577
0.0119302	1397.8212380952357	33.67783014268407
0.0122292	1419.15676190476	33.120822312288524
0.0125282	1353.5586666666654	31.582888081948784
0.0128272	1356.692190476191	30.186660120989742
0.0131262	1288.0416190476194	29.312028416341597
0.0134252	1336.9514285714286	28.0475225621948
0.0137242	1307.087714285716	27.26878410964883
0.0140232	1294.201619047617	25.946367143306155
0.0143222	1290.1218095238114	25.21069391556864
0.0146212	1313.1301904761915	24.672794321100014
0.0149202	1273.2309523809517	23.52680547144924
0.0152192	1247.5029523809512	23.197180170517054
0.0155182	1241.6257142857153	21.895613434667666
0.0158172	1237.622952380952	21.90504215528733
0.0161162	1250.790952380952	20.955931516478895
0.0164152	1218.9089523809544	20.53046754920292
0.0167142	1200.0432380952384	20.333383212051235
0.0170132	1156.8587619047612	19.30468590079863
0.0173122	1149.1595238095233	19.521067994395217
0.0176112	1190.3157142857144	18.642603740690955
0.0179102	1134.2107619047606	18.25810200846165
0.0182092	1122.3556190476188	18.174773315053255
0.0185082	1103.3123809523806	17.465828185031434
0.0188072	1108.4039047619056	17.48451210647008
0.0191062	1087.7960000000003	16.7071330458474
0.0194052	1120.0192380952376	16.478830368937192
0.0197042	1097.7673333333335	16.378205390661268
0.0200032	1046.8328571428572	15.997902940541769
0.0203022	1066.7712380952375	15.887305377565388
0.0206012	1043.9315238095242	15.503194151214199
0.0209002	1032.0680952380949	15.259802501436038
0.0211992	989.6091428571435	14.987417012504288
0.0214982	985.2144761904767	14.780298168709589
0.0217972	995.9800761904756	14.56162153067207
0.0220962	991.774885714286	14.273898020576564
0.0223952	954.9388571428562	14.313148610075658
0.0226942	974.654819047619	13.820042899052575
0.0229932	935.0220761904757	13.753652315399709
0.0232922	928.2740571428567	13.591400414784127
0.0235912	915.8671047619052	13.398602289201882
0.0238902	929.9103238095239	13.278923988302022
0.0241892	920.9666476190478	13.08165951763369
0.0244882	902.2485333333341	12.962616815501104
0.0247872	888.2866095238101	12.77041390978595
0.0250862	860.5024190476189	12.748017486069536
0.0253852	847.7669238095243	12.86175386713023
0.0256842	854.3664190476184	12.862460034539364
0.0259832	825.8570666666672	13.242958003902274
0.0262823	820.7166095238094	13.345221414416113
0.0265813	812.9366380952385	13.388103331119357
0.0268803	787.976885714286	13.396607510763358
0.0271793	803.1328952380954	13.396661930539706
0.0274783	764.8177714285705	13.57980771587342
0.0277773	756.6679809523811	13.438717269223101
0.0280763	763.7901714285709	13.55096973123035
0.0283753	742.5635047619048	13.488583755123159
0.0286743	717.7294095238085	13.403651945869893
0.0289733	727.0047809523811	13.6688835387245
0.0292723	693.7542761904763	13.429340837826928
0.0295713	699.9483714285719	13.693103976531988
0.0298703	666.1729428571425	13.418840368474655
0.0301693	696.2735238095238	13.5094289905117
0.0304683	692.3111523809528	13.580481509242489
0.0307673	683.9760666666668	13.095602482648868
0.0310663	669.8642380952376	13.046920640084746
0.0313653	649.4328476190478	12.579394471057485
0.0316643	645.0643428571427	12.68729263479335
0.0319633	628.1202000000002	12.363874833708223
0.0322623	641.7667904761904	12.014670043872094
0.0325613	595.0491904761907	12.301048260597074
0.0328603	612.3123714285712	11.930419737458875
0.0331593	617.9830285714288	11.99266439326623
0.0334583	605.0449142857144	11.642490185417348
0.0337573	559.918733333333	11.704587360941442
0.0340563	592.5415904761908	11.65502524063109
0.0343553	567.2242571428575	11.692522623652202
0.0346543	560.1880761904761	12.01260348092083
0.0349533	567.9243333333335	11.960848952762205
0.0352523	528.2266666666667	12.195940705727457
0.0355513	549.2245333333337	12.1020147075372
0.0358503	509.17474285714263	12.029504604337152
0.0361493	534.5160380952382	12.062451452963305
0.0364483	513.3455523809522	11.997344983856744
0.0367473	525.0873047619046	12.140546351133457
0.0370463	519.5680761904765	12.013904047216506
0.0373453	498.813057142857	11.938696281856057
0.0376443	496.09538095238065	11.988048707177148
0.0379433	494.86439047619	11.832231125299877
0.0382423	517.0992761904765	11.922381523857172
0.0385413	470.80646666666667	11.939744344222996
0.0388403	455.34750476190453	11.778521723672535
0.0391393	464.1697142857146	11.99483768189082
0.0394383	463.70018095238066	11.717447274268318
0.0397373	462.8669142857143	11.952845009902951
0.0400363	445.5334095238098	11.76770007186966
0.0403353	434.3408095238101	11.846589376057132
0.0406343	439.70524761904784	11.906699749200445
0.0409333	435.60567619047646	11.691773277314137
0.0412323	419.0321809523809	11.926538327400698
0.0415313	394.60255238095186	11.689566222742567
0.0418303	398.39794285714333	11.855714344153798
0.0421293	429.80452380952414	11.695030005038936
0.0424283	410.49265714285696	11.84384879040428
0.0427273	417.7591714285714	11.782070613431173
0.0430263	403.79827619047603	11.594956235513132
0.0433253	367.960066666667	11.732088011571236
0.0436243	381.40835238095207	11.49005705462248
0.0439233	410.36248571428644	11.695207335562813
0.0442223	381.907209523809	11.641899862148602
0.0445214	391.92379047619056	11.500521148094336
0.0448204	375.1826952380955	11.555817929462698
0.0451194	356.0296857142856	11.378596432954877
0.0454184	335.54122857142914	11.537670555643667
0.0457174	359.61245714285695	11.34700888038218
0.0460164	340.52341904761875	11.352706803730205
0.0463154	345.49481904761905	11.414054865914522
0.0466144	358.6219523809524	11.314472539617151
0.0469134	364.0256857142859	11.410814983167016
0.0472124	343.44835238095186	11.163917348425475
0.0475114	336.3182190476192	11.320820261223192
0.0478104	343.95093333333307	11.270439222966687
0.0481094	337.8190952380959	11.23388541633512
0.0484084	324.4947523809523	11.138015135128436
0.0487074	327.42993333333317	11.100552862877603
0.0490064	300.6671238095234	11.163251882276473
0.0493054	323.74286666666706	11.05414923148113
0.0496044	304.626438095238	11.055084845148425
0.0499034	314.46499047619056	11.062590278794966
0.0502024	311.9235428571429	11.141990633092583
0.0505014	322.89103809523766	10.999350924988931
0.0508004	318.7685047619041	10.92997608159088
0.0510994	312.9878666666667	10.988541356839594
0.0513984	298.80330476190494	10.910114605101661
0.0516974	253.97716190476217	10.876796090370807
0.0519964	296.2247047619047	10.97467997648783
0.0522954	289.2231142857145	10.701801198937368
0.0525944	277.94410476190507	10.844622077074742
0.0528934	267.88981904761897	10.808631486550453
0.0531924	290.6741142857146	10.743476046149823
0.0534914	281.40931428571434	10.80580252064439
0.0537904	274.36314285714275	10.720681528564848
0.0540894	246.59769523809587	10.813996383268961
0.0543884	281.9056952380947	10.607452670990238
0.0546874	258.96791428571447	10.70025119585835
0.0549864	265.6257333333329	10.597702702302986
0.0552854	242.62094285714284	10.599267409473644
0.0555844	251.23174285714242	10.738033939134423
0.0558834	229.47580952380918	10.429899392933637
0.0561824	251.82216190476169	10.634950053204362
0.0564814	245.72789523809547	10.503141016773654
0.0567804	242.90771428571475	10.509709724548546
0.0570794	223.19564761904758	10.584744660558716
0.0573784	236.45184761904716	10.379782213057167
0.0576774	235.961219047619	10.51679431966275
0.0579764	224.31203809523822	10.346034046259556
0.0582754	229.66822857142859	10.385381731712327
0.0585744	241.15711428571387	10.3874830516922
0.0588734	236.1481999999998	10.346322546326544
0.0591724	233.15997142857128	10.352099287852424
0.0594714	220.11750476190457	10.317730035986695
0.0597704	222.35320000000002	10.347497259235304
0.0600694	216.6740285714286	10.167343739767373
0.0603684	214.31335238095215	10.230092508317849
0.0606674	202.41521904761925	10.344679233037493
0.0609664	223.77126666666697	10.193857419150028
0.0612654	206.58769523809497	10.250493292183032
0.0615644	206.55752380952407	10.164697867714612
0.0618634	218.34402857142862	10.165765224438434
0.0621624	220.00826666666683	10.13773980500133
0.0624614	189.00065714285745	10.118746725522644
0.0627605	206.85182857142877	10.184635766558829
0.0630595	226.69339047619076	10.002049672948255
0.0633585	202.15001904761863	10.122853372083442
0.0636575	179.096857142857	10.019137105232229
0.0639565	204.35401904761903	9.938634444967882
0.0642555	209.38162857142828	10.072258863372795
0.0645545	190.6657333333331	9.945116671548185
0.0648535	183.76883809523747	10.095316974705133
0.0651525	208.6850761904762	9.965423439091287
0.0654515	190.63873333333305	9.903538567373069
0.0657505	189.65193333333303	9.933575613279583
0.0660495	184.71948571428612	9.928760238154613
0.0663485	174.90475238095257	9.8929935599773
0.0666475	167.0241904761903	9.888224220277541
0.0669465	193.9302952380956	9.857265042315506
0.0672455	160.0372476190475	9.829376991391428
0.0675445	189.8870857142856	9.75857878828879
0.0678435	175.36515238095262	9.880690405963575
0.0681425	178.22269523809553	9.724436875036497
0.0684415	163.4890761904768	9.87205674637757
0.0687405	178.31120952380957	9.716432529396467
0.0690395	169.3233428571429	9.773370469728519
0.0693385	176.14424761904758	9.744965714145772
0.0696375	166.7831047619046	9.641760590097597
0.0699365	154.3070857142851	9.689898363600747
0.0702355	152.67931428571444	9.63168289088731
0.0705345	165.88945714285728	9.709757495698419
0.0708335	158.6976380952379	9.620957197320305
0.0711325	166.13520000000022	9.624638307713472
0.0714315	171.38661904761847	9.556311957079204
0.0717305	168.15800000000024	9.605997018126104
0.0720295	142.02373333333327	9.653905930846753
0.0723285	143.41057142857153	9.549548524441652
0.0726275	153.5862285714282	9.509433952187807
0.0729265	168.00204761904752	9.549045665749944
0.0732255	153.51486666666688	9.45929953945405
0.0735245	146.0800857142857	9.562728590047769
0.0738235	149.78300952380948	9.445585062775946
0.0741225	149.18080952380876	9.516186693419078
0.0744215	155.3411619047614	9.427617099299631
0.0747205	141.22097142857115	9.463405671568978
0.0750195	150.21546666666694	9.400275064721
0.0753185	151.6277809523811	9.345394450499446
0.0756175	144.5255238095237	9.4414038212667
0.0759165	135.12773333333342	9.409742396107886
0.0762155	148.43041904761947	9.332157751989328
0.0765145	132.80500000000018	9.414438533737961
0.0768135	147.40505714285717	9.219889077801986
0.0771125	147.44075238095206	9.291284953266542
0.0774115	143.8155809523809	9.305972986426696
0.0777105	149.22018095238087	9.333505368028254
0.0780095	119.28089523809547	9.346667290680058
0.0783085	135.98678095238114	9.173218000619162
0.0786075	129.89467619047645	9.287219810460476
0.0789065	135.03193333333343	9.157994093418417
0.0792055	129.36579999999992	9.303803181066865
0.0795045	130.6153714285719	9.201164373078452
0.0798035	139.193904761905	9.17436932382776
0.0801025	134.19146666666705	9.204900807894626
0.0804015	123.9878476190475	9.118557309826908
0.0807005	119.99337142857144	9.206897905291733
0.0809995	125.83024761904795	9.140617210392092
0.0812986	117.41954285714286	9.159028858777559
0.0815976	118.44659047619018	9.165228406352231
0.0818966	121.15079047619048	9.030207650285076
0.0821956	127.21607619047603	9.096570312398065
0.0824946	138.0323714285717	9.016319829259519
0.0827936	109.65340000000026	9.069503400921018
0.0830926	120.5589428571426	9.071634630601046
0.0833916	122.22715238095248	8.992069962735407
0.0836906	137.38313333333338	9.121997875799606
0.0839896	122.2708666666665	8.888375641311336
0.0842886	119.38300952381013	9.029142012361845
0.0845876	119.08844761904732	8.980757725417382
0.0848866	117.98495238095228	8.990205390248216
0.0851856	117.73881904761907	9.023512580645146
0.0854846	102.6974761904765	8.905123496558117
0.0857836	93.45722857142846	8.92377547953998
0.0860826	117.59660952380926	8.91268008376
0.0863816	106.51892380952404	8.93746624099149
0.0866806	121.51491428571461	8.910326781903692
0.0869796	103.11132380952387	8.823174681215264
0.0872786	130.20850476190475	8.925807419851632
0.0875776	115.07870476190476	8.806349194511661
0.0878766	104.49424761904766	8.849780191783848
0.0881756	106.25216190476209	8.853329063321137
0.0884746	99.56129523809551	8.809993381512436
0.0887736	99.7925047619043	8.867370648758895
0.0890726	105.44006666666661	8.814604711086144
0.0893716	108.6434380952386	9.20264742011852
0.0896706	107.59379047619092	9.24917670884826
0.0899696	109.66829523809537	9.450919830488132
0.0902686	113.0849333333336	9.553024225588427
0.0905676	133.84078095238095	9.555216933373451
0.0908666	108.70664761904777	9.722251631231249
0.0911656	116.33486666666641	9.714211606608735
0.0914646	111.56622857142906	9.770344776397597
0.0917636	112.03844761904747	9.911016592561804
0.0920626	94.09464761904758	9.917350363426468
0.0923616	114.5587333333333	10.122898733752129
0.0926606	110.47754285714262	9.939580355101436
0.0929596	100.12040952380971	10.159939963870686
0.0932586	107.43725714285745	10.111932029476371
0.0935576	86.31862857142892	10.043298748505016
0.0938566	90.61975238095215	10.188640052802837
0.0941556	87.30908571428586	9.904570322432466
0.0944546	93.21464761904764	9.74904196905712
0.0947536	93.9366857142852	9.435840039613568
0.0950526	91.36323809523816	9.411215280088507
0.0953516	97.87043809523823	9.26268102467138
0.0956506	99.38594285714316	9.178205747035634
0.0959496	90.57818095238076	9.138106900158915
0.0962486	94.97396190476167	9.038321485235661
0.0965476	92.70756190476192	9.008460931743262
0.0968466	99.43551428571425	8.874813428301264
0.0971456	95.07279047619079	8.866648264181046
0.0974446	95.89446666666589	8.886738463743017
0.0977436	93.0352571428574	8.754919274291796
0.0980426	80.30102857142879	8.804964200363276
0.0983416	95.41575238095191	8.749879237492326
0.0986406	86.35177142857117	8.750658040763305
0.0989396	94.12225714285682	8.744862120381358
0.0992386	81.881076190476	8.675536614954638
0.0995377	92.76171428571416	8.741522940062607
0.0998367	73.1154952380956	8.648573486021851
0.100136	80.7573809523808	8.683725835857249
0.100435	86.50933333333313	8.600418865262537
0.100734	74.10579999999953	8.601084761269341
0.101033	93.31360952380919	8.6801821034554
0.101332	90.56563809523823	8.589406664932843
0.101631	82.16936190476218	8.590219065653585
0.10193	88.14702857142834	8.598206927435694
0.102229	74.96054285714251	8.561188888868434
0.102528	89.9182666666664	8.604866421041171
0.102827	91.02901904761865	8.433434133413185
0.103126	87.71814285714271	8.550350317418186
0.103425	82.63633333333331	8.482777971818498
0.103724	84.80608571428547	8.537552033254649
0.104023	84.1905523809524	8.475018216628934
0.104322	89.80858095238062	8.44005616591552
0.104621	90.62844761904785	8.52376990983447
0.10492	83.88820952380968	8.409641964715275
0.105219	71.28290476190472	8.48106541679288
0.105518	78.22986666666708	8.38805501049889
0.105817	78.88246666666618	8.397984477109405
0.106116	66.03987619047672	8.386088129532002
0.106415	72.39643809523727	8.301442535506006
0.106714	77.8380952380951	8.393124933913
0.107013	87.46071428571469	8.359773509368928
0.107312	86.35027619047577	8.394559771695247
0.107611	84.05499047619031	8.339658938043613
0.10791	91.33645714285791	8.238006331004257
0.108209	75.21503809523836	8.383633556158534
0.108508	76.706895238095	8.298450475928973
0.108807	75.97175238095303	8.339132118125914
0.109106	77.48272380952329	8.281268452893597
0.109405	64.97641904761906	8.243207047033241
0.109704	85.72423809523826	8.282224015291495
0.110003	76.16065714285725	8.20585244325159
0.110302	76.72262857142869	8.26164683618353
0.110601	55.385771428571786	8.218797214279835
0.1109	79.47958095238079	8.267997994882467
0.111199	78.65870476190508	8.247756113755042
0.111498	77.24348571428521	8.157313034823513
0.111797	72.60133333333357	8.211992326465616
0.112096	75.30386666666658	8.146019795465408
0.112395	82.04810476190488	8.192545090841058
0.112694	65.96059999999966	8.172746819302716
0.112993	74.08872380952374	8.127213538989306
0.113292	68.29575238095174	8.157204389345994
0.113591	71.32850476190526	8.106173199734473
0.11389	63.13201904761854	8.09965529983337
0.114189	67.56922857142854	8.118146022978344
0.114488	74.93835238095215	8.12939112794306
0.114787	75.579657142857	8.159965127182609
0.115086	65.69702857142886	7.991175503902107
0.115385	58.32634285714249	8.046253714580384
0.115684	65.31372380952405	8.039270017427082
0.115983	78.31886666666662	8.068185626768152
0.116282	68.4561999999994	8.07544745844429
0.116581	59.97451428571395	8.037883673973415
0.11688	64.84806666666714	8.012366142775534
0.117179	60.7863428571423	7.9929495447629675
0.117478	73.62563809523834	8.023875808973402
0.117777	79.99277142857181	8.007538096629585
0.118076	66.1092761904763	7.98120784352572
0.118375	66.65538095238048	8.020764260762538
0.118674	58.03811428571407	7.949626777234816
0.118973	68.60015238095173	7.94233580891227
0.119272	72.89588571428595	7.919999602582961
0.119571	79.55756190476137	7.978236014474136
0.11987	60.40525714285707	7.966021344950034
0.120169	53.78121904761883	7.920248846741165
0.120468	69.90340952380961	7.911748572513555
0.120767	49.362238095237956	7.842994554597716
0.121066	74.31028571428612	7.903655754274256
0.121365	63.89021904761961	7.861892949110042
0.121664	71.92999999999984	7.943424718119948
0.121963	44.38751428571436	7.872082244309551
0.122262	50.01540952380964	8.050212012963037
0.122561	68.63746666666628	8.2639054456026
0.12286	74.42452380952432	8.321788405691043
0.123159	64.20539047619087	8.44755641469163
0.123458	64.50275238095259	8.62561371107157
0.123757	54.776952380952366	8.539659228942222
0.124056	51.68645714285702	8.651496554615521
0.124355	45.944723809523964	8.355522769710795
0.124654	50.6438666666665	8.292557677248414
0.124953	67.06589523809527	8.221272782800835
0.125252	44.962885714286074	8.097964740402368
0.125551	59.40156190476188	8.102829394050925
0.12585	57.39943809523794	7.9941250792447835
0.126149	55.117076190475984	7.976957470902705
0.126448	46.77430476190494	7.961695258387809
0.126747	68.25644761904726	7.955828894516839
0.127046	54.0871904761903	7.907716567252693
0.127345	60.91531428571443	7.917055115721467
0.127644	54.7043238095236	7.907900405097003
0.127943	57.48092380952414	7.82743832814894
0.128242	48.44530476190471	7.84092519423835
0.128541	67.46481904761936	7.823795475389874
0.12884	49.627561904761706	7.827348887358054
0.129139	49.86595238095276	7.775774576349555
0.129438	63.88958095238024	7.783305495294942
0.129737	43.807533333333595	7.741987021644478
0.130036	54.5173619047614	7.758522250439635
0.130335	60.01798095238115	7.740802752311611
0.130634	37.05359999999985	7.745614642848453
0.130933	57.69505714285742	7.703049770143212
0.131232	49.33386666666678	7.722535185848991
0.131531	41.5856285714284	7.669510819477861
0.13183	62.203447619047836	7.70670009010577
0.132129	65.49494285714275	7.6798511740969015
0.132428	53.22113333333306	7.667731090561162
0.132727	59.06997142857193	7.691331804976973
0.133026	55.93970476190435	7.640137776407436
0.133325	54.1285809523805	7.618580458357225
0.133624	34.105257142856544	7.622727383479312
0.133923	50.61736190476182	7.64344231287059
0.134222	58.47002857142854	7.656336673273245
0.134521	63.01780952380909	7.551513747241617
0.13482	48.26874285714297	7.606520816102487
0.135119	57.60067619047646	7.5851385572990635
0.135418	59.9607904761902	7.568534232591372
0.135717	43.773466666666536	7.614010662247825
0.136016	41.299295238095226	7.52942431145064
0.136315	37.0988571428569	7.605727307935915
0.136614	57.44078095238109	7.531456774334132
0.136913	53.482685714285196	7.555185401162577
0.137212	50.41717142857095	7.5508590304779
0.137511	52.784561904762484	7.514243035277253
0.13781	59.36845714285738	7.531621283845008
0.138109	50.39978095238098	7.479728152644158
0.138408	39.09941904761922	7.508533204364424
0.138707	59.010123809523805	7.521354554636034
0.139006	44.44064761904741	7.444056351928775
0.139305	39.9667809523811	7.474412079548691
0.139604	55.415257142857115	7.455962915571734
0.139903	40.0870380952378	7.514685071025825
0.140202	44.340542857142964	7.416050123071961
0.140501	44.95188571428571	7.494701241838491
0.1408	54.793761904762164	7.443819891183805
0.141099	38.25691428571389	7.400497817489915
0.141398	44.42739047619028	7.491181336936592
0.141697	51.61293333333305	7.370509898334369
0.141996	48.016476190476	7.456505514413437
0.142295	53.41541904761897	7.390714345086083
0.142594	48.04812380952342	7.393646807445986
0.142893	32.70317142857152	7.407699315668163
0.143192	45.22401904761949	7.357786362489241
0.143491	49.14384761904756	7.372246546348901
0.14379	39.123847619048036	7.34904800412146
0.144089	45.56756190476165	7.362369437943078
0.144388	37.98196190476176	7.394352462835182
0.144687	51.64126666666675	7.300427295306813
0.144986	37.76428571428511	7.351666467332038
0.145285	48.09097142857155	7.310831516367603
0.145584	41.64320952380933	7.312035723440486
0.145883	50.859933333333345	7.365542361687258
0.146182	38.86716190476221	7.283656774388076
0.146481	46.60164761904781	7.319303719139143
0.14678	35.03599047619019	7.257117217800102
0.147079	38.04010476190399	7.296134648839194
0.147378	48.045028571428645	7.299845130276702
0.147677	44.89770476190472	7.287308285862421
0.147976	54.945352380952386	7.318489581227974
0.148275	46.79964761904756	7.238463184842309
0.148574	37.76555238095227	7.215383330588928
0.148873	25.60189523809555	7.258940565807244
0.149172	42.398971428571315	7.236647024047391
0.149471	32.23759047619069	7.258986656036259
0.14977	40.80085714285701	7.234551073719864
0.150069	31.577990476190507	7.232188329067064
0.150368	43.229085714285986	7.166841850372981
0.150667	41.02084761904791	7.223011340043771
0.150966	35.5294476190474	7.212753249454067
0.151265	37.82963809523835	7.1940033395486225
0.151564	33.94358095238147	7.217788538296961
0.151863	56.463161904761705	7.126264880504577
0.152162	36.297857142857595	7.146328226490679
0.152461	40.07847619047652	7.190812332499207
0.15276	39.395152380952254	7.433492415676692
0.153059	47.39399999999989	7.546067105468096
0.153358	34.32190476190442	7.550394551804754
0.153657	46.04625714285703	7.6427167968525165
0.153956	45.56437142857135	7.662102808366113
0.154255	25.00315238095311	7.784950498588477
0.154554	41.19674285714268	7.8124090419254335
0.154853	36.0185904761903	7.817267803918366
0.155152	29.60840952380977	7.9724565812348756
0.155451	38.97129523809497	7.851851633282276
0.15575	23.07410476190455	7.962492045420461
0.156049	41.72471428571441	7.912329948146761
0.156348	44.196571428571474	7.945623404624239
0.156647	25.799676190476077	8.053735766675128
0.156946	25.023533333333603	7.966802718730568
0.157245	43.81502857142834	8.0106120802725
0.157544	48.74697142857144	7.864653218001382
0.157843	38.55551428571431	7.70301224385762
0.158142	56.965028571428604	7.586749036859133
0.158441	34.49400952380984	7.50090711656776
0.15874	39.199438095237724	7.453079649758144
0.159039	39.7428000000005	7.4041315405824335
0.159338	31.23287619047602	7.305196538419549
0.159637	44.09694285714238	7.292365580432065
0.159936	38.10341904761856	7.278429739700765
0.160235	26.424257142857357	7.3209795574626755
0.160534	37.62379047619021	7.209195538973447
0.160833	24.3639523809523	7.287643050688198
0.161132	51.72330476190467	7.19153728004081
0.161431	39.778600000000495	7.225349459150552
0.16173	35.99635238095203	7.248961667101224
0.162029	41.08177142857187	7.165180133812284
0.162328	51.4632285714282	7.221730266712473
0.162627	41.83804761904781	7.137486095061699
0.162926	27.633171428571757	7.2002672321246
0.163225	33.48771428571439	7.1793571392951545
0.163524	32.87710476190455	7.109702394147579
0.163823	43.34861904761908	7.171213556110395
0.164122	44.14191428571428	7.116167355267642
0.164421	43.773561904762346	7.129582544536696
0.16472	34.93971428571399	7.113489652923227
0.165019	31.866685714285836	7.080101812641383
0.165318	43.255390476190314	7.125527360349947
0.165617	39.229457142857314	7.049027951724236
0.165916	51.620704761904506	7.099425831621447
0.166215	26.287066666666306	7.073754421794525
0.166514	43.0754095238089	7.058354260401235
0.166813	42.255914285713914	7.032097121201275
0.167112	32.808457142857606	7.015368644576881
0.167411	37.15009523809471	7.0578335801915095
0.16771	23.8683904761902	7.026425011002646
0.168009	43.47483809523709	7.045892630079951
0.168308	29.828799999999944	6.9923302254060795
0.168607	20.130495238095136	6.993690753565006
0.168906	42.686247619047606	7.006630514654399
0.169205	43.09708571428587	6.988326232169676
0.169504	33.246152380952196	6.97430354131254
0.169803	35.60978095238113	6.957461244982346
0.170102	33.10270476190482	6.958205922372105
0.170401	29.652142857142962	6.9560371971759345
0.1707	43.196980952380954	6.946777793745936
0.170999	36.497504761904906	6.962688264141292
0.171298	29.91572380952391	6.918118238625562
0.171597	49.53760952380975	6.9463495285904475
0.171896	38.03053333333338	6.921926745724124
0.172195	30.448752380952158	6.903666383437104
0.172494	37.89811428571426	6.880787632595018
0.172793	41.97093333333328	6.883530871620625
0.173092	36.36048571428546	6.908104586697499
0.173391	26.612800000000618	6.919574537359203
0.17369	32.01201904761916	6.875617994238591
0.173989	38.2559333333333	6.862264207335374
0.174288	35.082676190476434	6.84863635682998
0.174587	41.40680952380933	6.918502242153171
0.174886	38.037800000000175	6.871535562966206
0.175185	30.10724761904754	6.840486858239474
0.175484	29.66111428571452	6.862379259794987
0.175783	22.30530476190438	6.826602182906942
0.176082	28.391047619047924	6.852207951272236
0.176381	35.392419047618375	6.802208946339473
0.17668	19.25694285714286	6.836531741185491
0.176979	29.19705714285726	6.810714691805916
0.177278	38.204161904761804	6.836042524500496
0.177577	44.96778095238113	6.816044943674083
0.177876	41.2498857142856	6.772057241598697
0.178175	36.39689523809551	6.803536374078255
0.178474	27.6774666666671	6.757071192440199
0.178773	21.55095238095214	6.8014604712688795
0.179072	22.522742857142646	6.777636205666805
0.179371	39.6342666666672	6.764079271029567
0.17967	32.5196857142862	6.766218793010465
0.179969	38.39313333333337	6.736595916801164
0.180268	29.10686666666635	6.778796092420398
0.180567	21.76658095238139	6.729441415081766
0.180866	28.679599999999823	6.756409685383149
0.181165	33.02755238095216	6.792647480677453
0.181464	28.550704761904058	6.665326511472341
0.181763	22.31490476190487	6.724188483419705
0.182062	36.00059047619112	6.704600910501971
0.182361	35.61576190476217	6.74450421389747
0.18266	17.282171428572042	6.740327228200554
0.182959	34.15199047619069	6.670701495803715
0.183258	34.675495238095095	6.714384100976013
0.183557	13.51167619047601	6.671093944931693
0.183856	28.756095238095156	6.700514303838117
0.184155	35.134419047618906	6.682655411536825
0.184454	40.94114285714312	6.664415846675226
0.184753	20.17338095238074	6.6923983889053655
0.185052	34.42886666666652	6.6039168410640805
0.185351	26.16927619047658	6.698090804532261
0.18565	29.23401904761903	6.683811651075805
0.185949	18.75702857142869	6.6227733405081235
0.186248	35.5397142857143	6.680281718698156
0.186547	33.56229523809532	6.625739496202954
0.186846	44.59299999999985	6.651306402951579
0.187145	28.43524761904746	6.627618812932136
0.187444	33.71290476190467	6.6383460866839625
0.187743	26.098361904761873	6.6056661361466045
0.188042	41.338428571428665	6.59955180618775
0.188341	32.41752380952448	6.632070860746362
0.18864	38.25008571428555	6.60402938009729
0.188939	21.8752476190474	6.574359268151685
0.189238	29.013657142856744	6.601676232353137
0.189537	28.73529523809509	6.607988796711649
0.189836	36.82958095238064	6.597076878530155
0.190135	14.15413333333305	6.55743558065491
0.190434	36.44804761904709	6.593836284625478
0.190733	16.48180000000025	6.545975687241264
0.191032	28.814285714285575	6.559669633558912
0.191331	33.67505714285642	6.599673099938213
0.19163	19.607523809523855	6.507307942679024
0.191929	31.451047619047756	6.599014529569914
0.192228	22.387580952380972	6.522041286164097
0.192527	42.791447619047176	6.572477615431339
0.192826	25.281495238095033	6.498062262333852
0.193125	30.32787619047639	6.521992953654595
0.193424	41.94025714285743	6.54183484391437
0.193723	19.285380952381388	6.5075359404082604
0.194022	27.35033333333348	6.55160425090941
0.194321	22.11588571428564	6.486762311628974
0.19462	30.73789523809552	6.488709482877724
0.194919	32.92283809523809	6.544768583868064
0.195218	30.81577142857185	6.452714072220267
0.195517	29.48184761904713	6.51936258385703
0.195816	20.559742857142567	6.480214699513121
0.196115	31.02385714285674	6.430217214756338
0.196414	22.14396190476208	6.4609662566173025
0.196713	24.189304761904964	6.422380057918567
0.197012	28.048219047618375	6.480560882058103
0.197311	35.72289523809559	6.41974552144954
0.19761	24.249304761904966	6.445469978062446
0.197909	30.648828571428623	6.415987504531674
0.198208	38.81377142857161	6.434458886900138
0.198507	18.746266666666997	6.441127651913302
0.198806	19.57727619047631	6.387619750524572
0.199105	29.361476190476594	6.448713958554826
0.199404	22.564542857142555	6.408697922346507
0.199703	21.895009523809392	6.438640444111671
0.200002	33.514971428571414	6.389939465900165
0.200301	20.302542857142498	6.4248710226513674
0.2006	26.519361904762206	6.447532670396371
0.200899	32.03921904761927	6.388808049006649
0.201198	27.669104761904748	6.438624913512465
0.201497	32.61519047619004	6.384684819629064
0.201796	14.853219047618893	6.39045180998124
0.202095	19.333333333333087	6.407275017446964
0.202394	25.5018000000004	6.346640587459566
0.202693	38.595085714285915	6.426012904920726
0.202992	33.234733333333395	6.369269831994524
0.203291	20.376304761904862	6.373974668951429
0.20359	25.25198095238096	6.3807574079228875
0.203889	27.335485714285426	6.304945762221604
0.204188	21.879019047618726	6.410346971168146
0.204487	20.84599047619065	6.348001417950036
0.204786	27.983923809523503	6.386542319700549
0.205085	28.082104761904816	6.329209155956962
0.205384	22.253190476190525	6.318357081403842
0.205683	11.222133333333204	6.335083852549296
0.205982	19.271314285714425	6.311386683470186
0.206281	22.37929523809555	6.316118094296689
0.20658	21.08184761904738	6.355202626565692
0.206879	37.41979047619054	6.333477709077272
0.207178	20.68197142857116	6.340086669171907
0.207477	27.6017904761909	6.272900708804421
0.207776	31.520457142857197	6.329743497886238
0.208075	18.58401904761905	6.301903407399686
0.208374	29.568676190475855	6.329363185703716
0.208673	31.00039047618992	6.317721529439458
0.208972	17.935714285714255	6.244733388914318
0.209271	28.72429523809501	6.297501654975418
0.20957	22.067257142857102	6.259218123231271
0.209869	29.658733333333203	6.299958243734707
0.210168	34.544371428571594	6.279157278988232
0.210467	21.25334285714274	6.280173378856796
0.210766	14.894695238095323	6.295752588993446
0.211065	20.523352380952247	6.22894217981411
0.211364	16.351895238095437	6.262661154194636
0.211663	26.81455238095282	6.228727992382385
0.211962	26.998952380953085	6.2711964885839135
0.212261	29.89555238095221	6.256381042933633
0.21256	20.547066666666183	6.206909073528326
0.212859	45.030895238095354	6.264507280851487
0.213158	27.745876190476224	6.189005383944658
0.213457	21.993342857143148	6.2644199023330405
0.213756	28.385495238094904	6.227579990791018
0.214055	18.376695238094953	6.219675092721028
0.214354	20.163314285714762	6.225644495157131
0.214653	23.514885714285754	6.185111796558394
0.214952	28.9121047619048	6.222441009569355
0.215251	23.383638095237984	6.225176073362073
0.21555	19.007352380952227	6.229875061089826
0.215849	17.24472380952392	6.279112224905148
0.216148	21.433266666667237	6.406838571377871
0.216447	23.875352380952393	6.47612504110892
0.216746	12.223333333333244	6.5634051288092685
0.217045	17.876609523809464	6.609132807252554
0.217344	15.26118095238104	6.701469947020304
0.217643	13.638390476189954	6.635985727386209
0.217942	34.44664761904761	6.680783277148342
0.218241	19.489723809523696	6.675242142618194
0.21854	22.396123809523658	6.722419554480829
0.218839	16.03886666666682	6.740615594554546
0.219138	29.553200000000288	6.758177613144617
0.219437	22.84894285714273	6.760793946788395
0.219736	22.76755238095234	6.805305714567607
0.220035	14.18974285714313	6.757702092947212
0.220334	22.871571428571258	6.789738681148546
0.220633	24.581114285714136	6.823924824906787
0.220932	23.338266666666243	6.761944208718877
0.221231	19.95730476190488	6.609992220494768
0.22153	19.94878095238107	6.502196703979348
0.221829	22.296447619047797	6.427708513171087
0.222128	15.70602857142859	6.389110742457012
0.222427	20.757885714285464	6.367550454517095
0.222726	33.379752380952254	6.360980737896567
0.223025	32.92027619047616	6.339770811477039
0.223324	16.274857142857115	6.28909763379904
0.223623	11.761619047619263	6.324064437366145
0.223922	25.996857142857266	6.258893678145904
0.224221	18.803447619047517	6.296649889176482
0.22452	14.012171428571492	6.278878200055843
0.224819	22.059647619046814	6.247988640293027
0.225118	22.9800666666668	6.271947624393426
0.225417	22.96099047619009	6.218156207285283
0.225716	27.26421904761878	6.230632268342039
0.226015	16.601514285713677	6.242458488413786
0.226314	24.47677142857117	6.203944367400929
0.226613	20.783628571428494	6.242932799364432
0.226912	19.18132380952386	6.18562889239267
0.227211	23.691847619047905	6.215865412695263
0.22751	15.825904761904894	6.196085858703181
0.227809	32.76829523809511	6.187855980462596
0.228108	34.25784761904822	6.208612078454545
0.228407	29.584380952381082	6.157424985974257
0.228706	18.022257142857256	6.21684112481958
0.229005	28.048676190475987	6.155769778336837
0.229304	25.486790476190606	6.149473659615099
0.229603	23.067114285714467	6.144074334919393
0.229902	26.665609523809337	6.141046611652731
0.230201	25.57722857142835	6.144802511510791
0.2305	12.912047619047371	6.138790291218533
0.230799	22.462114285713994	6.151675212782147
0.231098	14.98503809523811	6.126174037556509
0.231397	23.253400000000113	6.138811992838653
0.231696	19.747980952381283	6.112657889891297
0.231995	22.16303809523822	6.099356773548631
0.232294	17.86029523809532	6.1263170998291745
0.232593	20.34130476190427	6.093553239145177
0.232892	9.943590476190423	6.111656033347662
0.233191	17.744257142856554	6.108146500462559
0.23349	27.469628571428757	6.049193436685584
0.233789	27.5056285714291	6.126903358685314
0.234088	9.053933333333362	6.049176327461208
0.234387	22.334380952380286	6.108880132493275
0.234686	30.667504761904638	6.053139075793061
0.234985	21.510361904761623	6.054609710769057
0.235284	21.36581904761897	6.081347324781376
0.235583	18.85027619047662	6.044146265800636
0.235882	13.991638095237988	6.055008097151542
0.236181	19.04305714285698	6.052169857021629
0.23648	26.002914285714382	6.016915163200665
0.236779	7.758895238095249	6.058349254765613
0.237078	21.39435238095217	6.011793260493973
0.237377	26.687000000000296	6.042551232772392
0.237676	19.71010476190486	6.031645490636672
0.237975	18.026685714285406	6.036070096175953
0.238274	35.73115238095312	6.054334727291506
0.238573	33.89444761904741	5.9722737499838265
0.238872	24.791257142857148	6.026681136191555
0.239171	11.763161904762	5.956433874340789
0.23947	18.483857142857403	6.013579316245142
0.239769	16.75549523809508	6.004619350569764
0.240068	25.431733333333284	6.00592231114712
0.240367	17.389561904761592	6.00132390036758
0.240666	26.751771428571658	5.961047943471838
0.240965	19.183723809524054	5.988882553686912
0.241264	21.880638095237828	5.96132161972457
0.241563	28.16811428571441	5.980646881526644
0.241862	25.919723809523703	5.996878725676672
0.242161	16.875019047618878	5.919003857260398
0.24246	17.78726666666671	5.962153722934447
0.242759	29.992399999999293	5.949294709459577
0.243058	13.274438095238281	5.984519830586113
0.243357	18.99227619047622	5.938870790050618
0.243656	20.66515238095235	5.950251557919145
0.243955	20.20743809523765	5.951829614194918
0.244254	22.20300952380967	5.9219137517964935
0.244553	23.43862857142824	5.947783865284614
0.244852	12.019485714285736	5.897707289797346
0.245151	21.574647619047767	5.937961451899456
0.24545	14.941057142856948	5.962090779075214
0.245749	12.692771428571348	5.887488009475064
0.246048	24.76044761904774	5.9098886485899005
0.246347	26.17927619047606	5.8938099494154095
0.246646	13.914609523809247	5.90140271061303
0.246945	11.24374285714282	5.921622025390349
0.247244	18.552771428571475	5.905377883860422
0.247543	13.643028571428601	5.9132315585469755
0.247842	15.409847619047525	5.853202483353682
0.248141	21.878038095237855	5.914571868223476
0.24844	15.703085714285692	5.840660954753835
0.248739	10.653819047619209	5.883388414493208
0.249038	22.18471428571462	5.890863585248653
0.249337	10.917047619047082	5.817334857899425
0.249636	10.404285714285777	5.861371878736664
0.249935	20.40248571428606	5.815836916206817
0.250234	22.893000000000256	5.86788869275118
0.250533	12.51884761904762	5.8581396223285775
0.250832	19.533971428571988	5.830477577043453
0.251131	26.260838095237773	5.839876434706937
0.25143	18.142228571428518	5.804740641562326
0.251729	23.63248571428528	5.82895027155934
0.252028	13.108447619047752	5.82069980436578
0.252327	19.770009523809335	5.826194884397271
0.252626	32.36247619047617	5.860935137504011
0.252925	23.75425714285683	5.799021028103369
0.253224	15.964695238095317	5.847623391977034
0.253523	11.577085714286	5.8099580535816
0.253822	15.004590476190458	5.835316763208719
0.254121	15.730142857142653	5.840462862153876
0.25442	20.674695238095637	5.7779058119389894
0.254719	7.19054285714293	5.84392369953663
0.255018	24.83873333333321	5.7850326968556285
0.255318	19.542199999999355	5.80372949347322
0.255617	25.279133333333448	5.787459902538191
0.255916	6.46046666666706	5.773577914907499
0.256215	15.325933333333523	5.842023118461683
0.256514	19.04740000000004	5.768580290191939
0.256813	18.4269809523812	5.7926176586702285
0.257112	12.603085714285953	5.778264880755101
0.257411	18.52300952380972	5.760994541712417
0.25771	15.425904761904405	5.821719687350574
0.258009	27.611342857142915	5.753030227627774
0.258308	19.919114285714272	5.772964695833535
0.258607	11.69637142857141	5.758454389835823
0.258906	9.993790476190725	5.754219382768903
0.259205	22.635914285714307	5.789310146179699
0.259504	12.908190476190384	5.754269317773968
0.259803	12.007800000000088	5.749452033742113
0.260102	17.371076190475776	5.754146342068417
0.260401	22.173533333332784	5.763615497155213
0.2607	15.914342857142572	5.734764307851381
0.260999	7.453952380952558	5.7156911841365465
0.261298	29.1668761904765	5.742902210779253
0.261597	10.735152380952968	5.7190523542615335
0.261896	19.6770380952384	5.747452666988822
0.262195	19.27209523809495	5.7264499244090565
0.262494	15.465771428571315	5.701329346197761
0.262793	14.850038095237892	5.745872766909718
0.263092	17.36720000000048	5.6840557875533895
0.263391	18.453876190476137	5.726860118084169
0.26369	13.673580952380462	5.701169562953218
0.263989	10.687247619047469	5.701309024841907
0.264288	16.13496190476212	5.690884293959274
0.264587	13.108085714286233	5.704661254629386
0.264886	13.127352380952289	5.715065555486172
0.265185	16.81709523809559	5.6885923804567256
0.265484	23.153685714285643	5.697416908129687
0.265783	23.500361904761746	5.665869539273739
0.266082	14.291123809523754	5.684766641077053
0.266381	19.831647619047885	5.688431889694306
0.26668	12.158742857143068	5.6567041974110275
0.266979	13.154561904761692	5.681203784584307
0.267278	24.141980952380493	5.668182568574723
0.267577	13.68008571428561	5.659774802440469
0.267876	14.954276190476037	5.660122578995601
0.268175	29.618314285713723	5.639489511412607
0.268474	14.349542857143547	5.672363692923877
0.268773	15.294076190476176	5.628514064792997
0.269072	16.791523809524165	5.678067810245224
0.269371	13.9751714285714	5.663428538239435
0.26967	17.97271428571463	5.643519319568515
0.269969	16.889266666667027	5.767326709169975
0.270268	13.64754285714298	5.818390762913043
0.270567	21.11489523809496	5.913372468878654
0.270866	9.084600000000194	5.917868362211699
0.271165	12.191971428571549	5.964550895279592
0.271464	22.820228571428913	5.983565918465803
0.271763	17.001171428571524	5.977977651066297
0.272062	7.0336761904758305	6.032215412930033
0.272361	11.986952380952118	6.010343101717277
0.27266	15.925990476190464	6.052155059135643
0.272959	26.87863809523833	6.050189991379748
0.273258	24.310342857142757	6.061074296290685
0.273557	3.697866666666414	6.104776482447203
0.273856	10.780609523809517	6.027231832135515
0.274155	21.78512380952384	6.118248383104504
0.274454	20.017876190476045	6.1000317771058885
0.274753	22.14817142857072	6.1071514582504305
0.275052	7.406095238095531	6.1635887640748654
0.275351	9.770904761904546	6.075024682929255
0.27565	15.567866666666248	6.169254376243566
0.275949	21.920942857142904	6.101820268467044
0.276248	17.988276190475858	6.159731803178039
0.276547	22.332095238095064	6.157445476172106
0.276846	23.019590476190217	6.150638303846508
0.277145	9.92798095238129	6.195490484344443
0.277444	18.155057142856776	6.141211318512881
0.277743	11.82398095238085	6.174380967334053
0.278042	15.204695238095098	6.183132135933144
0.278341	22.692657142856945	6.176473078215034
0.27864	3.7156000000001654	6.234622231997804
0.278939	13.590180952381274	6.184767312827406
0.279238	16.15594285714309	6.279470677683479
0.279537	34.11886666666646	6.456302823418916
0.279836	33.67039047619102	6.574909660716573
0.280135	12.905876190475851	6.684784088858841
0.280434	22.254247619047476	6.715718580514558
0.280733	5.824476190475991	6.811406669138378
0.281032	20.791114285714514	6.79089694094586
0.281331	26.152647619047684	6.825538848744782
0.28163	7.11080952380911	6.865793195071576
0.281929	22.92320000000018	6.918205588464483
0.282228	11.584438095237886	6.9885073784594915
0.282527	10.483533333333526	6.966893551565464
0.282826	13.167133333333254	6.982335403493382
0.283125	19.568733333333626	7.020183114386897
0.283424	25.53960952380976	7.050824454420295
0.283723	25.5304000000001	7.181054522119414
0.284022	-3.4496952380959556	7.031623297869557
0.284321	19.716733333333423	7.175259916235545
0.28462	14.133085714285869	7.109360649730629
0.284919	5.5194095238096	7.165320378571426
0.285218	13.873076190476183	7.139926641231595
0.285517	22.35884761904714	7.179381748650143
0.285816	24.120676190476047	7.2459548806525556
0.286115	8.951723809524026	7.183341651114966
0.286414	22.889819047619255	7.285112384118779
0.286713	7.870304761904379	7.26542216253919
0.287012	9.33981904761879	7.296206246086411
0.287311	19.49047619047633	7.360036289538725
0.28761	25.76312380952345	7.370457179444343
0.287909	22.509371428571683	7.403775611472556
0.288208	36.18818095238112	7.380752250781356
0.288507	18.535742857142168	7.407402447126595
0.288806	11.375352380952108	7.470429177034445
0.289105	13.538009523809365	7.454002284454388
0.289404	14.960609523809012	7.548897688973266
0.289703	3.0403047619043377	7.495604806792141
0.290002	13.345676190476183	7.571993127105707
0.290301	13.962628571428581	7.531840890970557
0.2906	9.990580952381265	7.591017892032369
0.290899	17.61832380952427	7.6574235140232165
0.291198	10.654361904762482	7.5915053951907305
0.291497	-1.5606380952377208	7.709050893567953
0.291796	6.1012476190475695	7.64185411123205
0.292095	-0.45597142857161543	7.723294746676559
0.292394	15.937095238095935	7.733171305504108
0.292693	14.785419047619257	7.680525426133723
0.292992	17.21574285714297	7.83356382025373
0.293291	9.961847619047717	7.75322309507928
0.29359	24.645542857142857	7.8257440355242744
0.293889	25.24953333333343	7.8078464048414435
0.294188	2.9091999999999985	7.852233000419215
0.294487	8.978619047619816	7.917658159307923
0.294786	3.6992285714282502	7.838396785170802
0.295085	3.7731333333326234	7.965842496719047
0.295384	25.5781619047616	7.916436970749609
0.295683	23.37609523809448	8.00365376234166
0.295982	12.639866666667388	8.071492497917603
0.296281	25.533085714285164	7.936695624479881
0.29658	13.61921904761914	8.088117833949681
0.296879	25.723780952380935	8.014872556929028
0.297178	18.752628571428716	8.116428447248252
0.297477	10.92941904761858	8.1047651651173
0.297776	15.068295238095288	8.050497341554522
0.298075	14.011742857142906	8.249843680500437
0.298374	33.438104761905265	8.10877387613041
0.298673	11.24994285714223	8.25256132156477
0.298972	20.025714285714287	8.214760415305037
0.299271	10.660219047618966	8.18461369494023
0.29957	14.826438095238643	8.392315012866508
0.299869	24.123704761904605	8.162255041682878
0.300168	16.108857142857005	8.37852606264918
0.300467	14.367780952380542	8.246032612407605
0.300766	28.685771428571343	8.424547405558286
0.301065	21.854895238095082	8.354355437816066
0.301364	11.417904761904936	8.348526932528447
0.301663	5.77446666666674	8.488363943197532
0.301962	10.312495238095778	8.387622491117343
0.302261	15.624552380952537	8.479458733591873
0.30256	14.52425714285738	8.408035080422934
0.302859	12.163352380952404	8.48790592442534
0.303158	11.95703809523792	8.584700487641094
0.303457	11.370104761904543	8.506488870521098
0.303756	12.711428571428769	8.587185920777593
0.304055	11.803704761904896	8.525538992231937
0.304354	7.129057142857391	8.664823599405606
0.304653	3.512523809523884	8.703053327620635
0.304952	13.426361904761848	8.599759624931782
0.305251	9.224942857143219	8.622646868032145
0.30555	17.296199999999544	8.66890784624397
0.305849	5.864419047618696	8.69823500945736
0.306148	9.347247619047891	8.679362186906218
0.306447	7.774895238094928	8.663052881244782
0.306746	21.626085714285637	8.77529055848711
0.307045	14.93414285714266	8.777576545746703
0.307344	13.451228571428544	8.80499079542955
0.307643	14.780009523809667	8.80069465683775
0.307942	25.580028571428386	8.808578895886326
0.308241	10.653761904761723	8.880908337912798
0.30854	14.10981904761968	8.910074144086629
0.308839	8.873628571428469	8.86399369559932
0.309138	19.390314285714396	8.975659777530412
0.309437	18.714266666666788	8.9596136872139
0.309736	27.218095238094975	9.106583614073527
0.310035	6.901600000000201	8.887807572752395
0.310334	19.953952380951705	9.004575234074304
0.310633	15.859533333333218	9.03423547439039
0.310932	-0.3500571428568833	9.012027740739864
0.311231	19.30466666666689	9.026369566084803
0.31153	14.250761904762044	8.998808038052731
0.311829	17.563504761904767	9.082418311436971
0.312128	-7.377761904761542	9.006629038428425
0.312427	7.69959047619011	9.12222111941237
0.312726	28.362285714285633	9.067619954524288
0.313025	8.0761714285714	9.110740533704252
0.313324	14.076723809523344	9.190228408614116
0.313623	16.654295238095074	9.057177194109865
0.313922	15.442533333333586	9.233653060474396
0.314221	1.8930666666662432	9.113564575458554
0.31452	16.292876190476022	9.311107909333193
0.314819	9.00768571428614	9.22853394957464
0.315118	30.998019047618754	9.24188716546675
0.315417	8.055085714286179	9.3624414884788
0.315716	19.712723809523993	9.253396133417628
0.316015	2.0808380952377092	9.408629242682839
0.316314	21.663590476190677	9.31540501689759
0.316613	26.073638095238323	9.42784690638533
0.316912	18.332447619047798	9.53505521542496
0.317211	21.448980952380623	9.331539268486091
0.31751	17.322333333332836	9.52843694169617
0.317809	18.14661904761863	9.440906321394229
0.318108	4.215733333333276	9.535996212704081
0.318407	20.93677142857132	9.562953537944836
0.318706	11.454038095237706	9.713416405105109
0.319005	33.90865714285667	9.687276915099677
0.319304	28.961847619047774	9.561062412660199
0.319603	10.486219047619443	9.723723131331763
0.319902	17.10298095238045	9.62192857949009
0.320201	17.29283809523764	9.725320438914272
0.3205	19.511085714285343	9.809523710230373
0.320799	11.670676190476286	9.63908498525064
0.321098	15.784847619047468	9.8572521530553
0.321397	6.0334190476189065	9.785808245909791
0.321696	10.427876190476297	9.89063002700725
0.321995	37.92033333333336	9.846477122332843
0.322294	21.418504761904558	9.81206895745163
0.322593	8.202666666666403	9.998512595793407
0.322892	-2.4083238095238357	9.834994266065857
0.323191	1.153047619047527	10.121794770536043
0.32349	7.94620000000009	9.916685651935408
0.323789	25.354933333333634	10.062753231824033
0.324088	-3.4129714285714385	10.17417260677883
0.324387	19.528066666666746	9.91839507631764
0.324686	14.207790476190212	10.317206085269499
0.324985	4.248295238095068	10.028342566061692
0.325284	7.958666666666545	10.18358061538559
0.325583	3.662752380952554	10.425743642553682
0.325882	-2.9134666666669773	9.957207421536433
0.326181	30.04724761904754	10.486225269650154
0.32648	4.609466666666151	10.135199341814069
0.326779	17.902580952381015	10.374957350304513
0.327078	19.028533333332973	10.39612452103701
0.327377	21.74492380952387	10.253899735981964
0.327676	15.598657142857348	10.592996814976722
0.327975	22.162352380952655	10.272552483547022
0.328274	8.529047619047674	10.571824867874449
0.328573	8.568114285714046	10.461839589611904
0.328872	10.418238095238053	10.448360906784892
0.329171	21.35440000000017	10.832530953248487
0.32947	9.090219047619144	10.406714212443127
0.329769	13.965819047619448	10.751967088888838
0.330068	13.685152380952275	10.572932433177598
0.330367	32.37090476190474	10.71773168293779
0.330666	7.873066666666659	10.828055733117818
0.330965	-8.617752380952197	10.605055143107423
0.331264	10.549695238095751	10.940355070241077
0.331563	9.051790476190149	10.705287721870647
0.331862	22.250342857142584	10.827235667906525
0.332161	4.673742857142997	10.956871224799116
0.33246	12.368914285714538	10.836513451480378
0.332759	5.819504761904568	11.070389470821693
0.333058	21.637790476190162	10.838737113696638
0.333357	32.04520952380932	11.060628381833197
0.333656	21.688580952381074	11.024684464384041
0.333955	28.907600000000286	11.172217984264206
0.334254	39.171009523809914	11.269787491989549
0.334553	26.126390476190693	10.937878163957995
0.334852	26.247876190475665	11.299575240658974
0.335151	30.873314285713604	11.119592639447474
0.33545	-8.239085714286034	11.352483584929642
0.335749	21.74743809523818	11.341983435465055
0.336048	0.8610476190474969	11.296130699760942
0.336347	39.789209523809745	11.47389057853424
0.336646	11.121780952380789	11.256074540542759
0.336945	22.62685714285709	11.598291657171716
0.337244	8.756114285714602	11.355339906752931
0.337543	13.011647619047153	11.61539066039295
0.337842	23.342428571428115	11.785578947207199
0.338141	-9.018523809524481	11.377760603461663
0.33844	11.275161904762001	11.773718770963328
0.338739	3.6323619047624334	11.571623441170935
0.339038	-5.811752380952271	11.795365200391576
0.339337	21.36380000000031	11.789768187379128
0.339636	1.4024000000003412	11.745823020295214
0.339935	10.638895238095074	12.027108486433466
0.340234	-10.472209523809681	11.70615299072405
0.340533	11.577190476190253	12.180173397583802
0.340832	15.533771428571583	11.896519183324552
0.341131	0.29396190476205675	12.019253631476179
0.34143	21.259142857142876	12.307755448752712
0.341729	13.236238095237809	11.854510267849518
0.342028	-0.7279333333335103	12.394481494237027
0.342327	9.100838095237975	12.005974102231558
0.342626	45.67781904761887	12.3033533460065
0.342925	-1.840495238095059	12.497428394725551
0.343224	5.306933333333461	12.080103196569539
0.343523	26.975752380952542	12.699440945499722
0.343822	14.302723809524025	12.200398084170317
0.344121	22.2720190476187	12.531340626815659
0.34442	-7.016390476190111	12.644243896449257
0.344719	21.4112190476186	12.45461953645963
0.345018	16.45636190476239	12.855475206557603
0.345317	3.604133333333266	12.412189783980946
0.345616	-2.7500952380955823	12.800099081263062
0.345915	-0.26572380952416097	12.555729144278674
0.346214	14.126599999999598	12.786336014924668
0.346513	1.2393428571428444	12.964742923775969
0.346812	12.55262857142867	12.384830296211023
0.347111	3.688590476190825	12.892362632366739
0.34741	17.675866666666877	12.524758947997194
0.347709	-2.481019047619384	12.843881027230044
0.348008	15.515428571428345	12.698142072372512
0.348307	2.832476190476143	12.649559194443986
0.348606	-1.4599333333333675	12.965952313679871
0.348905	17.157580952381295	12.596290052299054
0.349204	8.45939047619055	13.04653951208828
0.349503	28.642276190475968	12.883237952085464
0.349802	10.450057142857645	13.007760338350199
0.350101	0.0885047619047441	13.399520858865849
0.3504	26.284266666666838	12.729775811616884
0.350699	4.056123809523626	13.303360185834624
0.350998	-4.697352380952395	13.116185059739555
0.351297	19.83350476190452	13.34583932983737
0.351596	11.547914285714569	13.556745300968132
0.351895	0.5019999999996116	13.078933994911708
0.352194	8.083419047618747	13.701873259342424
0.352493	2.7908761904760127	13.166884505505251
0.352792	-7.2291523809525415	13.7320474318555
0.353091	15.589895238095153	13.492078323285275
0.35339	34.66720000000009	13.60597527972474
0.353689	5.453428571428844	14.055238186952128
0.353988	22.945438095237876	13.378125204420598
0.354287	6.431885714285954	14.15681929343153
0.354586	-24.32490476190395	13.641978848269822
0.354885	13.961371428571283	14.107200961479665
0.355184	22.533495238095327	14.465317014329493
0.355483	2.3586190476189017	13.613381985074103
0.355782	16.875657142857108	14.574676125640282
0.356081	26.562314285714876	13.877095945253055
0.35638	2.62702857142898	14.60720270171831
0.356679	9.105028571428306	14.372680892205214
0.356978	31.917714285714283	14.337768781934766
0.357277	8.73427619047618	14.970003602936782
0.357576	25.43108571428604	14.238131647065666
0.357875	-7.883542857143482	14.996173619493439
0.358174	7.8844380952384086	14.58838368560087
0.358473	7.591961904761888	14.760370271720372
0.358772	26.258257142857246	15.571368973610749
0.359071	2.934514285714158	14.429484900328593
0.35937	23.770009523809676	15.49102957705043
0.359669	0.8146190476185211	14.831486552136898
0.359968	26.6272952380956	15.310192653194921
0.360267	-9.69725714285687	15.557412731006043
0.360566	16.33033333333259	15.122067486717095
0.360865	-6.192428571428508	15.758628049895387
0.361164	-14.670133333333695	15.223332715771784
0.361463	-4.318457142857426	15.928722915905682
0.361762	-0.35015238095240875	15.679594072064354
0.362061	29.07087619047587	15.718588525766325
0.36236	25.338019047619014	16.732323802812317
0.362659	36.76613333333336	15.378016949801399
0.362958	16.77340952380945	16.518594316196857
0.363257	15.079980952380652	15.893317148866341
0.363556	-16.36113333333384	16.38825213396964
0.363855	-5.1792666666665355	17.135490790416533
0.364154	36.83457142857165	15.726365803607239
0.364453	15.701123809523665	17.212358706595275
0.364752	12.022685714286183	16.286801984845948
0.365051	14.844799999999623	17.0609247933387
0.36535	-14.267895238095605	17.08240339600046
0.365649	10.609000000000037	16.845773141814245
0.365948	40.706752380952054	17.98240204269053
0.366247	17.79705714285683	16.669157837826095
0.366546	-24.819000000000244	17.86619862244531
0.366845	-25.176666666666847	17.277727446322608
0.367144	43.63436190476165	18.007585961122327
0.367443	4.891619047619145	18.67510175571978
0.367742	4.751466666666602	16.961911095917614
0.368041	-9.708809523809805	18.67729948509515
0.36834	39.267095238095635	17.605228952229325
0.368639	5.564514285713926	18.694311628322275
0.368938	22.80243809523796	18.795874932153772
0.369237	4.459285714285386	18.395524776809403
0.369536	19.598838095238307	19.571494092154072
0.369835	24.09268571428555	18.45540869505415
0.370134	35.20576190476163	19.710493715797565
0.370433	35.21171428571421	19.205385573161372
0.370732	18.373066666666205	19.543361893433506
0.371031	25.01187619047613	21.1338751692005
0.37133	-27.161180952381017	18.78883747348596
0.371629	3.7517809523805568	20.89595105367399
0.371928	-14.477647619047502	19.7871614818976
0.372227	12.777695238095532	20.54110056456748
0.372526	53.677209523810205	21.638981219620494
0.372825	24.826352380952414	19.517271427627115
0.373124	43.080771428571296	22.71416528557525
0.373423	60.413076190476005	19.854431266575734
0.373722	-20.63595238095246	22.44430293470103
0.374021	18.485076190476377	21.606592771431544
0.37432	4.450628571428297	21.761735467001806
0.374619	20.861180952381346	23.982311454623904
0.374918	34.56065714285728	20.731531892197843
0.375217	5.3477809523812425	24.340979179917298
0.375516	-28.56698095238073	21.946389695288055
0.375815	15.943466666666666	24.10513577775657
0.376114	13.948714285714061	25.53663660620984
0.376413	-10.353552380952351	21.95530277148013
0.376712	41.80439999999976	26.039983329865244
0.377011	-27.2939333333332	23.053384432901822
0.37731	-12.461714285714436	26.0253660654335
0.377609	-0.15214285714307607	24.605364624939625
0.377908	33.53752380952329	25.697638010038037
0.378207	2.5694857142852356	27.929265605957386
0.378506	40.62678095238098	24.625728232588628
0.378805	-29.98222857142906	28.21694185885823
0.379104	34.493057142857424	26.52137426202561
0.379403	-16.914561904762024	28.034518422523607
0.379702	62.605009523809514	30.81371391306994
0.380001	-1.7627333333331308	26.333891339783953
0.3803	30.12858095238073	31.59775814433463
0.380599	-25.76444761904753	28.62976696757122
0.380898	-57.12944761904751	31.752196178307237
0.381197	-4.207828571429104	32.052651811227804
0.381496	30.12695238095219	30.81609191781389
0.381795	1.3676857142854715	34.99860895897641
0.382094	23.372361904762045	32.04899724327368
0.382393	10.540952380952433	35.30996902295628
0.382692	51.073342857142734	36.57794407030987
0.382991	42.767733333332956	35.484296367314236
0.38329	19.698114285714325	40.38712018722311
0.383589	51.704723809523614	37.21720529068923
0.383888	74.5545238095238	40.26422324307199
0.384187	-26.867190476190785	45.30177338588728
0.384486	3.812666666666331	40.446603347720654
0.384785	-74.70855238095226	52.802575815737
0.385084	20.23021904761947	43.70061664078074
0.385383	36.07471428571415	56.01382891343648
0.385682	25.907304761904157	54.06156551514257
0.385981	39.799447619047044	55.2070873715049
0.38628	0.	0.
0.386579	-3.288504761904676	60.007479469709764