0.00540153	131.57271708680128	357.8059611369253
0.00569995	-10.993893557424599	202.55178229486447
0.00599837	198.47243697480735	172.49736154280825
0.00629679	-22.783361344509103	148.9124103667577
0.00659521	97.02145658263362	137.84101993352056
0.00689363	236.40044817928356	120.82822056903952
0.00719205	376.4097478991607	108.38911255578583
0.00749048	148.45344537815436	100.70803578120356
0.0077889	145.64862745097344	90.55413284910999
0.00808732	227.71781512604775	84.69780274379902
0.00838574	179.8010084033649	76.5811774127184
0.00868416	208.77686274509415	70.74393394298197
0.00898258	52.955910364144074	66.4314743374001
0.009281	171.50941176470042	60.37900918644666
0.00957942	164.0171876750719	57.45500074959689
0.00987784	104.69388235294446	52.85340193253906
0.0101763	206.75628011204708	50.313337476921795
0.0104747	235.90145098039557	47.53098916677981
0.0107731	212.2512829131665	43.432665820856904
0.0110715	127.55681232492861	42.13773186876969
0.01137	195.52355182072688	39.49784754009307
0.0116684	144.98031372549121	37.86206700542052
0.0119668	201.9837871148468	35.48419496848621
0.0122652	157.55371428571266	33.81375377140024
0.0125636	198.24532212884947	32.625688186670075
0.0128621	179.64817366946704	30.67781054874983
0.0131605	229.10642577031012	29.792513440234224
0.0134589	121.72977030812262	28.372874318327295
0.0137573	174.74096358543648	27.52792446914594
0.0140557	188.81777030812145	26.484649736945272
0.0143542	125.16409523809443	25.18192464159007
0.0146526	163.37856022408914	24.54045522796462
0.014951	132.3547002801115	23.421533527829503
0.0152494	146.55493557423142	23.151260540568934
0.0155478	179.1171596638634	22.33759047243594
0.0158463	128.3113557422962	21.338948349808717
0.0161447	137.70053221288663	21.002494277068934
0.0164431	123.61385994397949	20.274442806211916
0.0167415	166.48686834733837	19.79928443122234
0.01704	158.53280112044786	19.761225396008754
0.0173384	141.54676190476152	19.488671516206995
0.0176368	138.80839775910545	19.45126431059121
0.0179352	135.07383753501415	18.956435194760317
0.0182336	143.72755742296988	18.770881562484337
0.0185321	166.4058487394965	18.618823951541575
0.0188305	161.0674733893535	18.344540800317944
0.0191289	163.1159551820724	18.26937133878792
0.0194273	132.89262745097858	18.10189198017421
0.0197257	157.45064425770352	18.2311998120135
0.0200242	117.04207843137226	18.176252465120985
0.0203226	143.2643137254894	18.475803774661664
0.020621	148.6564033613456	18.355875936521556
0.0209194	146.98727731092333	18.11922405227152
0.0212178	129.01339495798425	18.227323737889773
0.0215163	155.42960784313777	18.248843743588278
0.0218147	151.42914285714255	18.334053644528506
0.0221131	165.5026666666663	17.573721069455242
0.0224115	130.49865546218427	17.010879436771052
0.02271	158.95054341736625	16.866504424354066
0.0230084	142.62701960784284	16.54887358194943
0.0233068	149.80622408963654	16.445809593318454
0.0236052	135.86998879551743	15.823900137780004
0.0239036	116.50464425770224	15.937051440259253
0.0242021	86.19885714285658	15.561789689962488
0.0245005	141.65141176470655	15.502679119148732
0.0247989	145.18421848739536	15.137108892314275
0.0250973	137.3889187675067	15.099626707906747
0.0253957	111.04513165266042	14.834952518950871
0.0256942	143.70236414565795	14.702711111044666
0.0259926	119.91361904761874	14.450246706265501
0.026291	146.13198879551732	14.298980699620918
0.0265894	123.73349019607815	14.147595329093201
0.0268879	113.8308963585439	14.032415877435408
0.0271863	128.5492661064427	13.714039055045182
0.0274847	125.91275630252056	13.616487046086341
0.0277831	117.46419047619042	13.480108704008401
0.0280815	127.66419607843119	13.27269546041075
0.02838	111.20835294117654	13.270812571821038
0.0286784	115.75109803921606	13.082485312335132
0.0289768	116.19178711484636	12.87227026707856
0.0292752	145.02970308123366	12.843234543605286
0.0295736	119.71695798319331	12.736698050686071
0.0298721	117.72142296918815	12.585500988180021
0.0301705	119.02728851540616	12.573519219180131
0.0304689	126.63346778711514	12.559671164751535
0.0307673	111.28214005602246	12.502296215100657
0.0310657	121.56965266106397	12.232675292464927
0.0313642	107.53972549019494	12.331265935980824
0.0316626	98.22646498599397	12.219251166049705
0.031961	110.2674677871147	12.129883788949972
0.0322594	96.12962464985998	12.081799231824352
0.0325579	105.26877310924391	12.04003756969039
0.0328563	102.92049299719906	11.937543029132328
0.0331547	106.71129411764724	11.921203430192795
0.0334531	103.59478711484542	11.817103216247482
0.0337515	102.51648683473348	11.78324016659472
0.03405	109.67787675069985	11.776544901028906
0.0343484	78.84691876750736	11.592198896595516
0.0346468	87.91439215686239	11.635472330606989
0.0349452	87.5552212885151	11.480254466219291
0.0352436	90.65396302520952	11.447661025336426
0.0355421	88.8314005602237	11.513555005816531
0.0358405	99.79496358543457	11.36069798582697
0.0361389	74.31206666666668	11.390084845628186
0.0364373	104.11848795518097	11.289769435982898
0.0367357	87.05782801120392	11.276730545416076
0.0370342	80.69663865546175	11.222376362107152
0.0373326	102.50258991596638	11.054546321322494
0.037631	85.70274621848739	11.208771739400126
0.0379294	84.28518767506972	11.022687752369444
0.0382279	66.37189803921586	11.043922409282471
0.0385263	111.93578207282883	10.975896426776814
0.0388247	92.12483193277222	10.863827125004498
0.0391231	82.18416190476177	11.00513252142498
0.0394215	91.2951988795524	10.831931054559515
0.03972	75.09694733893582	10.80191174308072
0.0400184	77.15501344537785	10.736025148973727
0.0403168	91.49551372549013	10.646762201727624
0.0406152	94.20741400560217	10.727779969207118
0.0409136	84.97393221288519	10.650659654433639
0.0412121	90.03079047619082	10.644235352163335
0.0415105	84.7762666666668	10.58345159240319
0.0418089	79.38609803921537	10.54336667458185
0.0421073	94.5061120448176	10.47976687854293
0.0424058	82.43308683473344	10.656516625895607
0.0427042	90.65229411764676	10.932116776080916
0.0430026	89.7606078431383	10.969506265551638
0.043301	73.41247338935574	11.101950199356754
0.0435994	72.11501232493077	11.001971322921847
0.0438979	84.56089075630246	11.007189367080786
0.0441963	78.6369803921562	11.199670798193912
0.0444947	76.92184929971944	11.199028818744551
0.0447931	82.52795574229708	11.29096801527682
0.0450915	77.02555238095158	11.172079056260548
0.04539	70.66445658263376	11.240594399215993
0.0456884	77.69558823529451	11.258296582584721
0.0459868	68.7594330532221	11.315604669247891
0.0462852	57.13548291316499	11.29752529729904
0.0465836	78.18171652661107	11.352892911033965
0.0468821	74.5936750700281	11.35927880323907
0.0471805	59.095453781512504	11.282515296094278
0.0474789	70.55881288515508	11.218336417863826
0.0477773	68.92844929971972	11.27289410955118
0.0480758	90.94188291316499	11.232262608216072
0.0483742	72.64951540616238	11.268169728460988
0.0486726	52.05315630252102	11.177773088928603
0.048971	42.97113221288498	11.248787013340786
0.0492694	37.761469467787094	11.087113849682916
0.0495679	60.12268571428564	11.101349051153932
0.0498663	69.12207394958017	11.230693843225676
0.0501647	64.6099613445378	11.085055768286434
0.0504631	53.885501960783984	11.214242939897483
0.0507615	55.05695126050398	11.106274500649162
0.05106	56.7701764705879	11.044096304870797
0.0513584	82.03609803921552	11.10006011501268
0.0516568	61.46178263305245	10.986225114255054
0.0519552	38.77602689075559	11.112246086541289
0.0522536	56.36788403361436	11.002682341249514
0.0525521	64.55786050420272	10.941323186550738
0.0528505	40.53461792717087	11.015855690310554
0.0531489	43.0440280112046	10.914614686333234
0.0534473	63.08921848739544	11.039126082199477
0.0537458	40.649331652660976	10.82184303504199
0.0540442	66.61018879551875	10.980450002228617
0.0543426	56.6941591036408	10.926499651109618
0.054641	63.44111820728301	10.811789748490352
0.0549394	43.82395854341695	10.998355548947135
0.0552379	45.33882969187658	10.789635922154801
0.0555363	42.65486610644359	10.872389643608283
0.0558347	50.884429691876676	10.879709073461326
0.0561331	59.01761400560247	10.729224092709334
0.0564315	56.5862610644254	10.884244310886658
0.05673	58.040109243697486	10.666925705715048
0.0570284	47.51214901960793	10.796911631410628
0.0573268	41.48061120448148	10.71439774034063
0.0576252	45.78143081232554	10.678357136321715
0.0579237	51.59930588235255	10.759731554855268
0.0582221	46.33395126050431	10.64276431524259
0.0585205	50.47662408963532	10.712889387668996
0.0588189	48.77100448179277	10.65363152302626
0.0591173	45.471520448179206	10.6563757763983
0.0594158	45.63347450980416	10.632330282333356
0.0597142	51.48687226890644	10.573050835848232
0.0600126	45.311042577030776	10.640159068457887
0.060311	36.181490196077846	10.565374904159878
0.0606094	43.369466106442474	10.500491586947344
0.0609079	42.949625770307875	10.57284133150073
0.0612063	61.088684593837286	10.47020675200833
0.0615047	31.99907787114853	10.54526576346641
0.0618031	31.475951820728767	10.459893669577852
0.0621015	64.5926229691878	10.418391569971439
0.0624	34.95275630252081	10.509054779276116
0.0626984	35.78660616246452	10.43086968021436
0.0629968	39.66275966386547	10.47009683779425
0.0632952	39.96365882352933	10.39255616938615
0.0635937	43.44775406162455	10.418501556398889
0.0638921	46.20070420167963	10.356980976696693
0.0641905	37.45001400560142	10.400149237464662
0.0644889	9.698614565825494	10.299571805951288
0.0647873	36.01029635854303	10.295660494832735
0.0650858	37.0291260504203	10.325476635724385
0.0653842	54.67614229691861	10.292564849100682
0.0656826	21.616634733893534	10.346768894760526
0.065981	41.04053837535076	10.229093695804593
0.0662794	15.085752380952329	10.177296458861402
0.0665779	46.70155742296856	10.276322161248451
0.0668763	15.4693557422965	10.143243414111229
0.0671747	39.01170420168057	10.264072876828731
0.0674731	36.01173949579817	10.168508083315423
0.0677715	24.569234173669372	10.147603148686667
0.06807	34.72056862745063	10.2688937196329
0.0683684	27.319789355743183	10.018900022074813
0.0686668	32.17064201680756	10.188533207054459
0.0689652	45.524531652660585	10.10258027963792
0.0692637	32.756096918767525	10.107731178799613
0.0695621	17.390741736694793	10.114202465019
0.0698605	34.044887955181764	9.99571382706532
0.0701589	29.30981904761893	10.135436925660548
0.0704573	26.18580840336108	10.002205057785389
0.0707558	29.751885154061313	10.058999134774158
0.0710542	29.76101568627456	10.019025625733128
0.0713526	29.1302044817931	9.94375422295959
0.071651	41.35730364145644	10.086076095865335
0.0719494	33.52456246498605	9.888071953142013
0.0722479	31.07780952381063	9.95034511597626
0.0725463	45.089201680672204	10.019895719691265
0.0728447	33.3830022408975	9.923947743295743
0.0731431	19.123091316525915	9.951075539776967
0.0734415	25.675259383753826	9.832552322955392
0.07374	42.75719495798285	9.912995877674879
0.0740384	27.856582072829212	9.895225382996248
0.0743368	45.19138767506945	9.90488796429679
0.0746352	20.432267787114142	9.869574610099544
0.0749337	26.640392717087593	9.840126167627927
0.0752321	31.521401680672057	9.857713221786861
0.0755305	13.23465770308104	9.811187265844975
0.0758289	17.38572717086896	9.759284991967457
0.0761273	17.837269467787564	9.800470321916944
0.0764258	29.783278991595523	9.771599990549335
0.0767242	27.02694173669471	9.780110887794166
0.0770226	35.076475630252446	9.672116300763406
0.077321	33.647561344536996	9.767617676910124
0.0776194	44.47054229691901	9.757792830419431
0.0779179	19.998299159663304	9.732437851666434
0.0782163	42.4710229691874	9.68368134198556
0.0785147	38.09143865546275	9.639584453258337
0.0788131	41.65915518207214	9.723240623549177
0.0791116	31.274108123248823	9.633917503644087
0.07941	40.48716862745039	9.730657366173833
0.0797084	40.0056711484595	9.636646023473745
0.0800068	13.550443137255002	9.643574499490311
0.0803052	9.345514285714103	9.858051991696025
0.0806037	19.691366386555558	9.991256487483156
0.0809021	26.973220168067655	10.229962418836324
0.0812005	22.546681232492745	10.237032164026566
0.0814989	18.93072605042022	10.398156270142673
0.0817973	5.456273949579611	10.61489222706623
0.0820958	21.90807675070033	10.514993464764629
0.0823942	24.757885714284953	10.730827349851442
0.0826926	27.467220168067	10.648500315110969
0.082991	25.449091316526165	10.71311697857627
0.0832894	12.291888515406129	10.70682768477717
0.0835879	10.560228011204913	10.714912338676397
0.0838863	34.281790476190395	10.952907096791236
0.0841847	23.851889635854207	10.738671383275397
0.0844831	29.500002801119933	10.93254139689942
0.0847816	14.433703641456646	10.774817812095696
0.08508	-6.413241456582455	10.879943221800644
0.0853784	29.2773400560219	10.659090148248156
0.0856768	15.041211204481328	10.253660065679579
0.0859752	-7.301076190475726	10.23777550634069
0.0862737	4.394955742296247	9.939355337805424
0.0865721	17.37221848739466	9.980583444088447
0.0868705	13.2517658263302	9.883881902569636
0.0871689	18.49214117647051	9.792229657176101
0.0874673	29.40069579831885	9.790145264066894
0.0877658	10.564927170868543	9.688816644552157
0.0880642	17.950046498599193	9.660817069354126
0.0883626	27.22263697478951	9.727736665679815
0.088661	10.738107002800632	9.550415488307685
0.0889594	23.43585210084001	9.742068109202854
0.0892579	13.889269467786391	9.50163028484972
0.0895563	28.30675014005692	9.574485253506941
0.0898547	24.712125490195547	9.589111878577064
0.0901531	23.555104201680592	9.554352299904448
0.0904516	-3.402082913164861	9.520173829386087
0.09075	9.462854901960895	9.424408902001657
0.0910484	27.41142633053215	9.545975433701738
0.0913468	3.743296918767669	9.443284105201187
0.0916452	19.344197759103565	9.416527407430014
0.0919437	29.136387114846798	9.496288536928478
0.0922421	10.941058823529204	9.369255442347244
0.0925405	17.028068347339058	9.449491210272889
0.0928389	28.915244817927146	9.395340874650621
0.0931373	26.000278431372976	9.400734030674736
0.0934358	15.353123809523481	9.30192600808222
0.0937342	19.836976470587615	9.36050831764232
0.0940326	8.151738935574997	9.344650338293185
0.094331	20.582384873950446	9.32958730985423
0.0946295	19.29150364145613	9.336162622841215
0.0949279	7.239656022408951	9.241510049293515
0.0952263	22.299352380952655	9.284632079755735
0.0955247	16.75648123249232	9.229960134790373
0.0958231	10.771133333333012	9.263394445436827
0.0961216	10.884271708683002	9.203085358383028
0.09642	16.1698896358547	9.178301385915239
0.0967184	22.362944537814542	9.279887751140945
0.0970168	20.745618487395063	9.206183123560615
0.0973152	11.052227450979899	9.179247174552563
0.0976137	19.346338375350456	9.200125754339792
0.0979121	12.436388795518667	9.12237286025977
0.0982105	21.53718935574176	9.203323162238394
0.0985089	11.768992156862055	9.072505734375879
0.0988073	11.839690756303014	9.091469348633723
0.0991058	13.470580392156535	9.146129306923955
0.0994042	14.124483473389375	9.108041664867056
0.0997026	3.4991490196082964	9.077531593088882
0.100001	13.214857142857284	8.984986761803569
0.100299	4.373234173668834	9.067075811617045
0.100598	12.088804481792863	9.0620182620601
0.100896	-4.403885714285138	8.994662087352081
0.101195	20.21338991596565	9.017752275533045
0.101493	-1.7987098039219518	8.954287426388083
0.101792	16.343779831933034	9.03764460350218
0.10209	12.7893019607842	9.035524001971233
0.102388	-8.041090756302083	8.918721879117596
0.102687	19.43165770308184	8.971929168090986
0.102985	17.184898039216137	8.949511022081728
0.103284	11.721061624649849	8.969717342497809
0.103582	27.43661344537827	8.92579871251835
0.103881	22.5876268907561	8.91772292757601
0.104179	18.12090364145547	8.963775254625133
0.104477	15.968906442577122	8.914181839029418
0.104776	10.508082352941415	8.894373008882447
0.105074	21.549446498599423	8.844511530690053
0.105373	8.188220168067346	8.891807661964318
0.105671	16.523740616246698	8.828913710640583
0.105969	9.049152380952137	8.897155651199265
0.106268	9.389598879552636	8.848452730634492
0.106566	0.8733697478990621	8.738479902365732
0.106865	11.543541736695033	8.840048296822706
0.107163	-0.23462857142817484	8.797956482992209
0.107462	25.373167507003416	8.82307306796477
0.10776	1.939376470587888	8.745561966728172
0.108058	17.153185434172542	8.748393032982799
0.108357	-2.181885154061831	8.767617851670462
0.108655	18.00400448179232	8.712924756270407
0.108954	14.054133893557434	8.74785808283961
0.109252	4.566926610644373	8.745188304165154
0.109551	1.9857770308121303	8.757544276848488
0.109849	20.439892997198967	8.770200855949417
0.110147	4.491522128851955	8.623376648939187
0.110446	-1.515722689075858	8.69667960091994
0.110744	-3.461345098039601	8.646698426852652
0.111043	5.879301400560166	8.68216452927269
0.111341	4.835217366947404	8.713458172030782
0.111639	7.630752380952686	8.586253193192125
0.111938	17.195923249299767	8.673635663275544
0.112236	0.5984616246496444	8.618012559940524
0.112535	13.363049299719876	8.632008888670033
0.112833	7.634583193277251	8.601941330965008
0.113132	-0.8598621848739185	8.589314955368618
0.11343	-0.2608717086840784	8.683804559635387
0.113728	5.9620644257705635	8.507049059061686
0.114027	6.89466386554642	8.59049436661107
0.114325	8.700877871148691	8.570995198866035
0.114624	7.464589355741964	8.56143769709405
0.114922	14.396036414565572	8.589938120811423
0.115221	8.508824089635425	8.503072586369411
0.115519	20.706146778710774	8.553149105245145
0.115817	11.8789691876745	8.537165918465359
0.116116	5.597128851540276	8.48218304724098
0.116414	5.82335070028023	8.52410526576042
0.116713	5.810356862744754	8.478024842913092
0.117011	19.397575910362832	8.529977300460665
0.117309	1.277996638655452	8.479919649154233
0.117608	16.89056694677788	8.413951278571615
0.117906	5.567014565826298	8.470370342519988
0.118205	11.136313725490368	8.470187315279782
0.118503	12.450540056022987	8.490437493386105
0.118802	18.123797198879856	8.397956563039434
0.1191	17.26662801120483	8.421103181876758
0.119398	14.112307563024444	8.40374914973432
0.119697	5.26236582633004	8.404428727474917
0.119995	8.201337254901944	8.406654215401586
0.120294	6.239911484593392	8.357817497356017
0.120592	12.639640336134335	8.3894716697515
0.120891	4.193736694677455	8.385742737663659
0.121189	21.786295798320054	8.371727498377652
0.121487	14.66605602240918	8.33548371298732
0.121786	7.133615126050188	8.31832316015751
0.122084	7.684551260502985	8.371386954644045
0.122383	6.792096358543347	8.333782238264888
0.122681	-10.329919327731432	8.295382034521435
0.122979	13.198845938374575	8.315714356381577
0.123278	18.343437535013436	8.360565313529603
0.123576	11.196521008404261	8.342274635228959
0.123875	1.4107058823529428	8.252460652283398
0.124173	-8.459578711484994	8.274136403584597
0.124472	5.022124929971881	8.25032905128357
0.12477	-1.9574117647053413	8.26158238698937
0.125068	15.372333333333188	8.23350195885465
0.125367	8.658235854342138	8.201935686610284
0.125665	9.765886274510933	8.292576129129873
0.125964	0.8320767506995708	8.232924302282601
0.126262	4.719431372549252	8.259643991847694
0.126561	-7.055262745098787	8.153283180016281
0.126859	2.786756862745108	8.167041963960793
0.127157	3.31030980392228	8.452572707909384
0.127456	20.421864425769627	8.538251837832364
0.127754	-4.455862184873638	8.733756320162605
0.128053	10.12973333333349	8.704586067559518
0.128351	1.1983831932766975	8.852899968791379
0.128649	11.71366778711473	8.9016118695471
0.128948	11.289095238095399	8.819147689821488
0.129246	-2.21906050420273	8.687335184343501
0.129545	15.659195518207696	8.518218613735462
0.129843	-0.702157983193672	8.533358680912752
0.130142	13.256754061624747	8.398046526508766
0.13044	15.694236414565523	8.423905218012662
0.130738	-2.2714565826325384	8.549906746043904
0.131037	17.085040336133943	8.398154067853367
0.131335	5.540490756302745	8.455847798865342
0.131634	3.485944537815726	8.349413856404949
0.131932	-5.611897478992205	8.344328970375617
0.132231	5.87708123249314	8.386816334950703
0.132529	3.3392941176472846	8.287576837508835
0.132827	-4.131366386554021	8.287334092899185
0.133126	4.76730532212855	8.275768437103507
0.133424	17.204513165266917	8.341170064737
0.133723	2.204718207282781	8.250898100000116
0.134021	-2.572579271709685	8.192167184438732
0.134319	2.743098599439975	8.221195702685629
0.134618	-2.91658487394983	8.142434348447768
0.134916	19.76873893557439	8.200123804320501
0.135215	6.535229131652898	8.14696507938086
0.135513	13.343459943977791	8.036007261759007
0.135812	5.103872268907708	8.123323285186299
0.13611	9.370188235293426	8.037992892215565
0.136408	17.149163025210328	8.052614503451958
0.136707	17.31394453781661	8.01961988976312
0.137005	-1.8251871148464716	8.058105177636014
0.137304	-3.9921176470588193	8.03720933242976
0.137602	19.49085602240899	8.0240536971261
0.137901	5.657499159664496	8.023439594822925
0.138199	13.8936683473392	7.9676310149585365
0.138497	15.9582745098038	8.01819323172134
0.138796	9.003233613444479	7.987298999673008
0.139094	6.0047585434165285	7.979565295045081
0.139393	6.212185434172852	7.961951446793481
0.139691	4.104001680672695	7.923844411025469
0.139989	7.467854901960038	7.993204123712171
0.140288	8.598377591036694	7.898685906367133
0.140586	1.2174212885156521	7.932608339947404
0.140885	-4.712092436975297	7.979793036393046
0.141183	8.698182633053193	7.880173651813495
0.141482	5.853210644256706	7.932056104594565
0.14178	6.877966386555272	7.868664310335046
0.142078	7.362777591035865	7.912210022998866
0.142377	-4.803514845939105	7.882849959508771
0.142675	8.604999439776009	7.905900549929408
0.142974	11.522111484594575	7.8948036120086975
0.143272	-8.551959663865318	7.826679743865675
0.143571	0.30117142857164936	8.051328909879887
0.143869	1.3168873949589965	8.167819842504093
0.144167	5.56862633053214	8.280754792116005
0.144466	15.89232549019556	8.408273759336764
0.144764	-2.549917086834057	8.386270878829745
0.145063	-5.736297478992469	8.530722453468567
0.145361	-11.00511932773145	8.474506910683308
0.145659	21.038338375349497	8.527992684845923
0.145958	17.351751260504216	8.600619870417704
0.146256	3.9178431372550904	8.549679384725271
0.146555	12.333411204481592	8.650044859721508
0.146853	9.05384929971973	8.519150429571125
0.147152	-9.929124369747626	8.652418590306347
0.14745	20.276382633053345	8.661119226870449
0.147748	3.653486834734565	8.651648343860007
0.148047	0.9134890756297409	8.720329596228344
0.148345	17.960226890755848	8.619888361975207
0.148644	13.960189355741477	8.587414277327717
0.148942	-2.5462268907566	8.268541221924792
0.149241	8.69048627450951	8.188638073505958
0.149539	-12.264774789915975	8.127918267156197
0.149837	17.722500840336295	8.085750833009834
0.150136	-4.367263305321956	8.059277100554143
0.150434	7.573408403360702	7.962406426723188
0.150733	9.52791708683435	7.958102833275399
0.151031	7.401404481793463	7.983458361605573
0.151329	-12.920386554622496	7.897996300061053
0.151628	-1.5169260504208637	7.908800168008535
0.151926	9.471270588235825	7.812565748502273
0.152225	-6.024890756303307	7.87395204542039
0.152523	4.60833725490204	7.877972660933952
0.152822	-1.3601591036413652	7.839357600504002
0.15312	4.310947899158748	7.807802936215915
0.153418	13.444928851540396	7.7784538660942815
0.153717	-1.5987865546219382	7.86382808552049
0.154015	9.00689019607853	7.811794388608622
0.154314	7.26558207282892	7.8243107403533605
0.154612	14.30908851540579	7.8295109541972465
0.154911	3.4850834733896363	7.838189153415228
0.155209	-1.538998879551059	7.814383821037879
0.155507	6.278026890754802	7.7588223515456844
0.155806	-6.2264436974794535	7.7865193102585275
0.156104	-0.6350577030804061	7.748099565144636
0.156403	9.349411204481726	7.767208757501702
0.156701	26.40880336134444	7.760242722175211
0.156999	6.834929971989254	7.652118141863747
0.157298	12.79582464985964	7.787744513469377
0.157596	-7.3741165266108055	7.686123574512265
0.157895	-8.114076190475998	7.7319900560074135
0.158193	14.400749579831995	7.6910401413098475
0.158492	5.940039775910009	7.672084743760931
0.15879	26.38423305322135	7.753725973389808
0.159088	8.277433613445169	7.624474185956277
0.159387	10.587226890755801	7.695484581524875
0.159685	0.654402801120284	7.6424329307057555
0.159984	2.7570711484597155	7.648910631898529
0.160282	15.38266722689059	7.710135796877353
0.160581	8.383871708683728	7.570089392505456
0.160879	1.3307411764708377	7.660865597427237
0.161177	-6.490724929971918	7.580372210308064
0.161476	6.8827770308118374	7.625808904523548
0.161774	5.753586554621961	7.652677933841402
0.162073	-3.0699798319326987	7.52577757707215
0.162371	13.115771428571463	7.657265432499639
0.162669	5.751743977590422	7.546587535036134
0.162968	1.641410644258201	7.587843144940399
0.163266	1.5992896358548592	7.536171519250237
0.163565	3.388997198879906	7.562874960851662
0.163863	10.553182072828236	7.603588572064908
0.164162	-4.803885154062186	7.486106189842179
0.16446	-5.898278991596442	7.553020900673719
0.164758	13.597754621848992	7.528881637245793
0.165057	3.9105002801116484	7.535088912959296
0.165355	2.455394397758539	7.543012964120637
0.165654	11.805482352941112	7.463147214494631
0.165952	6.018977591035366	7.5059162424022645
0.166251	12.375729411764382	7.486991760877318
0.166549	-14.45738375350146	7.495400859024422
0.166847	-7.946357983192911	7.467479892860862
0.167146	6.640839215687038	7.4612878247414285
0.167444	11.949688515406365	7.498305469492763
0.167743	13.874452661064822	7.451846582045314
0.168041	-0.050497478991644584	7.460032745986754
0.168339	-7.212871708683792	7.420653530124576
0.168638	6.295480112044629	7.4205938161204275
0.168936	-1.7939921568626005	7.500485142364884
0.169235	19.884550700279817	7.389380055648296
0.169533	0.8963876750704003	7.4125911718348725
0.169832	-7.277099719887872	7.389084865835093
0.17013	-1.9167473389362044	7.444565550572491
0.170428	0.5184235294115069	7.419788063799471
0.170727	4.318601120448591	7.348806768928615
0.171025	10.965030812325267	7.417272668925579
0.171324	7.527430252100942	7.358871206521242
0.171622	1.4323484593830926	7.410971918327256
0.171921	-7.166849859944193	7.333546654297605
0.172219	4.970701400559676	7.34226506824214
0.172517	1.0128739495786476	7.399830824261792
0.172816	-2.8654672268910986	7.344099158592532
0.173114	-11.344807282912655	7.352630747366897
0.173413	-4.633628571428119	7.295332231118944
0.173711	-3.5272935574224107	7.31893461859149
0.174009	9.930732773109128	7.395762747483875
0.174308	2.6428336134446795	7.263710194996574
0.174606	-2.002782072828495	7.347577726589178
0.174905	0.8549843137257085	7.276931972236168
0.175203	2.190869467787593	7.3019873559492545
0.175502	-0.9248834733898548	7.307223571301962
0.1758	5.324481232493099	7.2934498797439815
0.176098	1.9422425770306972	7.300073911055519
0.176397	3.8084616246504766	7.258340064715662
0.176695	1.2313271708688944	7.304849110980474
0.176994	-0.8693008403366775	7.250167775456774
0.177292	7.832366386556089	7.290801491452662
0.177591	3.462462745098378	7.267227894743458
0.177889	11.880215126049904	7.2236921916868475
0.178187	-4.865442577031445	7.2359507530301235
0.178486	9.568869467786953	7.239816165286737
0.178784	-1.3374907563030547	7.22516159578084
0.179083	-11.576387114845375	7.220881356888203
0.179381	12.390190476189673	7.248077883551219
0.179679	-0.07773333333375376	7.177692703087869
0.179978	4.460359103641451	7.225060046462881
0.180276	-6.681009523809394	7.192702036465029
0.180575	11.964194397759513	7.220056569741851
0.180873	3.392586554622028	7.149140637281972
0.181172	-3.242905882353284	7.1979833572760725
0.18147	0.735790476190914	7.147892089743087
0.181768	1.1704633053227553	7.193477678177082
0.182067	6.213570868348199	7.204355088828702
0.182365	-4.024234173668333	7.115665939147885
0.182664	-2.5374358543410835	7.162755052388222
0.182962	16.37412380952412	7.177926927332279
0.183261	14.049427450979124	7.176546155717192
0.183559	11.075801680672441	7.1085604298228855
0.183857	-1.8853574229694914	7.153198862228183
0.184156	-0.12431036414511709	7.1436984550716085
0.184454	14.011071708683573	7.1473772363740915
0.184753	8.966301960784904	7.144022116910433
0.185051	-5.771087955182566	7.072274218777417
0.185349	-6.499588795519173	7.138400592973541
0.185648	-3.401588235294355	7.062831525647382
0.185946	0.4919921568625796	7.125921210083623
0.186245	-5.976037535014314	7.102445328598686
0.186543	9.648206722688712	7.053655129129174
0.186842	-0.8421927170863341	7.128724937943703
0.18714	4.688840896357647	7.046594280120785
0.187438	-6.279438655462286	7.079086421250035
0.187737	1.5469327731096882	7.080585170103221
0.188035	0.46680224089669764	7.041584125342944
0.188334	0.9961462184870129	7.109884995866179
0.188632	4.457235854342514	6.993391955358095
0.188931	11.562818487395248	7.087092369568939
0.189229	-7.194394397759538	7.0645989637254045
0.189527	19.44962633053194	7.028610502161082
0.189826	-1.6573938375356079	7.022017528189331
0.190124	-6.840822408963447	6.996126496964949
0.190423	4.03197198879468	7.066274214518065
0.190721	10.00511428571457	6.993310521208791
0.191019	-4.97950756302572	6.999837835362452
0.191318	4.008292436974443	7.034740040836177
0.191616	8.946621288515075	6.9585231175216595
0.191915	3.9269557422966272	7.0111113646288405
0.192213	8.414679551820257	6.957282516804209
0.192512	0.512722689075531	6.9689990656560035
0.19281	7.320203921568407	6.940004722387182
0.193108	8.225384313725499	6.9444442313348755
0.193407	2.6049994397760656	6.956161154292987
0.193705	0.8268386554618701	6.908274492815112
0.194004	4.575833053220322	6.956245628326302
0.194302	11.872973109243787	6.961802994309397
0.194601	-2.439674509804206	6.896326656413216
0.194899	-0.34880952380916597	6.927588024917274
0.195197	2.813957983193802	6.890456090099654
0.195496	-0.14919775910385624	6.942941193989832
0.195794	5.125369747898674	6.890485756655229
0.196093	6.386318767506793	6.887504424241891
0.196391	-3.0996168067224517	6.93111027319895
0.196689	-1.5921271708680251	6.913338835720937
0.196988	-1.3370717086837658	6.940769841324349
0.197286	7.782822408963455	6.8748483876252955
0.197585	8.125836414565697	6.892659306856298
0.197883	6.730289635854376	6.90020571077005
0.198182	3.5603086834726128	6.917434676738862
0.19848	3.507278431371219	6.898180441219046
0.198778	3.6032896358548783	6.852448481606873
0.199077	4.71341344537791	6.880414161218814
0.199375	-0.35593669467743894	6.874362105982836
0.199674	3.43100056022422	6.871949037967249
0.199972	11.996423529411402	6.843147274066665
0.200271	0.7204078431368544	6.872023392548376
0.200569	10.95374061624625	6.881040602419479
0.200867	4.0835921568623235	6.813137256591287
0.201166	4.870673949579327	6.860154255366833
0.201464	-10.708300280112155	6.816979684031752
0.201763	-0.15369299719935725	6.86502964388186
0.202061	1.410414565825704	6.836905644848978
0.202359	4.490091876750455	6.791110213548315
0.202658	3.331039775909801	6.830997316412553
0.202956	6.00646330532129	6.812063283967036
0.203255	4.906045378151305	6.832212657429142
0.203553	5.87905546218451	6.811878376571005
0.203852	3.01327843137301	6.769339229762018
0.20415	10.008271148459471	6.853101756035488
0.204448	7.087029131652969	6.7869636505171975
0.204747	5.869775910364012	6.772013287082724
0.205045	-0.8688257703073532	6.783354668834397
0.205344	6.360750140056268	6.7594251851266165
0.205642	8.685623529410975	6.800388516954433
0.205941	3.140313165266093	6.755725441484717
0.206239	-4.283164705882427	6.771283247050832
0.206537	4.4709075630251505	6.783340431627072
0.206836	-0.946488515406827	6.872970950615112
0.207134	5.068675070028235	7.019588593927775
0.207433	4.793847058823815	7.0547642145770615
0.207731	2.5811535014005926	7.148740140298395
0.208029	-3.4899809523810177	7.183123124196831
0.208328	0.34365042016816005	7.191937709469093
0.208626	4.362759663864608	7.232957170938778
0.208925	0.7921759103643922	7.20186526037827
0.209223	3.9962593837532268	7.263570048996586
0.209522	8.245232492996593	7.294059285386587
0.20982	2.2537109243700115	7.265292145774021
0.210118	-10.004891876751003	7.267526281375804
0.210417	9.392885714284773	7.341293207197557
0.210715	-2.0735551820723686	7.354721778334403
0.211014	13.549558543417675	7.308736227623048
0.211312	-1.802317086835501	7.336295867763085
0.211611	11.739165826330407	7.360299901766748
0.211909	9.54483137254897	7.2255257441410405
0.212207	-1.6526812324931939	7.095106230177621
0.212506	14.661917086834535	7.015531022537153
0.212804	-0.7829462184875524	6.965612187763302
0.213103	3.6573439775909833	6.929757323548138
0.213401	16.114603921568573	6.962262342675711
0.213699	-8.958240336135077	6.876786633397169
0.213998	4.883388795518897	6.882817323919998
0.214296	-0.3016100840341096	6.917035820552866
0.214595	3.1358352941174417	6.8605184313982805
0.214893	7.1433753501403885	6.8598528610572895
0.215192	-1.052134453781548	6.793621743193093
0.21549	12.224743977591004	6.862474278283872
0.215788	-1.5918044817925647	6.8639927854945535
0.216087	15.605947899159105	6.784168017703903
0.216385	-9.71431596638638	6.81084666257794
0.216684	4.3920694677868255	6.778408219303614
0.216982	-4.3560319327733055	6.800044822230355
0.217281	19.50188403361352	6.799420122036757
0.217579	10.097946218487266	6.7720246009683915
0.217877	8.740314285714419	6.787987889934929
0.218176	10.409729971988213	6.762385036439781
0.218474	5.745472829132439	6.775360058759762
0.218773	4.563139495797657	6.730936986687879
0.219071	3.4040151260504103	6.733855515383164
0.219369	8.382626330532048	6.776031158587939
0.219668	-7.486708123248604	6.696635654730937
0.219966	1.4087366946782254	6.7336258425458855
0.220265	8.262970308123556	6.694348547878458
0.220563	10.983415686274327	6.73642688076637
0.220862	1.7707271708678718	6.739705774891497
0.22116	5.053747338934329	6.642772784466685
0.221458	9.69390644257686	6.706426313909089
0.221757	-7.574099719888636	6.643472918918068
0.222055	1.1897070028010148	6.725882125340622
0.222354	4.778133333333585	6.6593888568062445
0.222652	8.408447058822617	6.6556399663847365
0.222951	-3.4584509803926267	6.66677569307576
0.223249	-5.774408403361235	6.635065529919517
0.223547	-1.5003226890755172	6.67459646804131
0.223846	-4.726268907563167	6.597344799619913
0.224144	-1.1814207282915845	6.630936117740106
0.224443	-4.913152380952965	6.673570124465852
0.224741	6.898766386553916	6.604705176137658
0.225039	8.860188795518127	6.642390287031128
0.225338	-0.8994599439779449	6.600520075609072
0.225636	-5.967040336134346	6.6080098533414935
0.225935	-0.5272414565828853	6.616358620498253
0.226233	5.6728184873941245	6.585415858793234
0.226532	5.9116257703078645	6.605762371596038
0.22683	8.236821848739169	6.568897878699598
0.227128	9.408759663866135	6.611626729805463
0.227427	-2.5034207282911325	6.551500724898226
0.227725	-4.20221960784346	6.545019865126668
0.228024	-2.9994879551821896	6.608447068850714
0.228322	-0.6864873949578509	6.547530216500772
0.228621	-1.9979613445377709	6.576266873494099
0.228919	-0.21872885154039068	6.514459032332544
0.229217	3.7701148459379397	6.542348049389425
0.229516	5.085943977591114	6.570431212162538
0.229814	-3.9251299719893495	6.524490789280165
0.230113	-1.4326761904757745	6.540673751349974
0.230411	0.9297450980389499	6.520400390711721
0.230709	6.425749019607281	6.567165824253738
0.231008	6.14030812324927	6.538020376132636
0.231306	19.604043697478915	6.517833662629463
0.231605	5.42402240896422	6.544391090652502
0.231903	14.61745098039188	6.500611346466627
0.232202	-3.1553187675069694	6.523873616176971
0.2325	6.359792156862056	6.483877551806405
0.232798	-5.939997198879894	6.495788130363432
0.233097	-1.828342296919061	6.504851252014196
0.233395	7.889374229692123	6.471860056348602
0.233694	-4.460617927170745	6.514870576475229
0.233992	5.00647338935579	6.445755055832473
0.234291	-7.525708123249331	6.475565436391344
0.234589	-2.2154705882363146	6.480713615284948
0.234887	-2.214154061624356	6.4396813576175465
0.235186	-9.985829691876518	6.483141668893713
0.235484	0.1357518207277053	6.429695867925461
0.235783	-3.0508369747909114	6.4551766162923645
0.236081	-6.660027450980692	6.439034750374524
0.236379	-1.8736728291312943	6.432239445563449
0.236678	3.311053221288489	6.4803274239485384
0.236976	-5.125933893557999	6.400961661585171
0.237275	-2.9110375350140316	6.455555162197851
0.237573	1.8802683473390402	6.405177983424759
0.237872	-4.935855462184975	6.408896580327435
0.23817	17.57634565826379	6.458997170003754
0.238468	7.751655462184601	6.410027715470426
0.238767	7.115292436974698	6.429741470067558
0.239065	-10.100126610644224	6.371872027186515
0.239364	3.3461535014004085	6.406991357057605
0.239662	12.377896358542841	6.429189950532608
0.239961	1.4306235294114344	6.413660824682957
0.240259	0.9033955182067643	6.392590864743415
0.240557	-4.514111484593855	6.365030953829091
0.240856	13.094764145658928	6.396932443343583
0.241154	-6.184876750699857	6.373621476109509
0.241453	0.49394621848705356	6.366566484034656
0.241751	10.782717647059314	6.3883771464111465
0.24205	8.343875070028446	6.381736204573029
0.242348	-1.2514207282913503	6.38281849289641
0.242646	2.111107002800452	6.337217910887452
0.242945	3.657350700279949	6.365625834001833
0.243243	7.8449310924366955	6.329941748247247
0.243542	10.719256582632966	6.3683623138636705
0.24384	-2.01039943977662	6.320422612807963
0.244138	4.917892997198408	6.276428521720198
0.244437	7.790947899160017	6.3577125552456994
0.244735	1.9976196078431485	6.325187538793969
0.245034	7.054155182073032	6.322446987048716
0.245332	-4.776531092437608	6.303953053277231
0.245631	4.18654957983108	6.283454059489619
0.245929	0.34962240896390995	6.323517520824983
0.246227	6.28166106442535	6.282089633083486
0.246526	-9.072146778711954	6.299366584304202
0.246824	4.407357422969369	6.261583427401426
0.247123	4.306178711484563	6.2716136728298295
0.247421	4.79283193277297	6.351873920887211
0.24772	3.1932599439770115	6.246340129535129
0.248018	-0.04718543417283172	6.305404934639492
0.248316	11.455341176470597	6.279663109477372
0.248615	0.8852750700270917	6.285953152050057
0.248913	-1.510723809523995	6.312254493700692
0.249212	-3.1437484593831755	6.228784426531534
0.24951	-15.21544649859976	6.2741850381359265
0.249808	3.492575350140328	6.263202696237356
0.250107	6.732986554621334	6.27222448875089
0.250405	4.140223529412026	6.265967322718518
0.250704	2.1642425770309615	6.236393757717358
0.251002	9.150213445378768	6.298467236845847
0.251301	-1.7137736694681394	6.227973908808433
0.251599	2.6814308123246633	6.2400145583296505
0.251897	-5.195410644257947	6.243287027263502
0.252196	-6.246050980391544	6.23754579492198
0.252494	4.976330532212216	6.283259532452497
0.252793	8.22444481792786	6.206334786822406
0.253091	2.563306442577016	6.219597798836309
0.25339	-11.758742857142863	6.207935822137735
0.253688	19.90342296918726	6.255131467088949
0.253986	-4.592564145658855	6.228861908612525
0.254285	-6.4580464985996855	6.162040101269321
0.254583	12.217174789915077	6.231951825998802
0.254882	10.447910924369808	6.210615621576666
0.25518	7.2677781512607	6.208911522812128
0.255478	8.483573109242855	6.2036958966874876
0.255777	6.168223529411421	6.19367046130211
0.256075	16.936426330532584	6.226084661489697
0.256374	-3.350214565826377	6.177966181256096
0.256672	3.5361389355739448	6.189019965145084
0.256971	2.579036414566076	6.1850714009774945
0.257269	-2.254233613445251	6.157966530378857
0.257567	-0.6084067226899492	6.223755553292434
0.257866	13.996820168066506	6.161678316002076
0.258164	8.270457142857595	6.15845958854072
0.258463	2.1172722689078682	6.18305480615224
0.258761	3.7368173669477756	6.168806771015888
0.25906	4.746560784313374	6.145907588070231
0.259358	1.8365697478992615	6.140848735482863
0.259656	0.05738935574242987	6.185976401359044
0.259955	-3.790233053220504	6.16659589608373
0.260253	-9.892498599439818	6.11414649741103
0.260552	1.6606420168056957	6.1473756918978975
0.26085	-15.17630476190476	6.111314838176133
0.261148	-20.573623529413112	6.139096009431372
0.261447	-0.8368509803929669	6.138375167078919
0.261745	-5.277546778712008	6.116250298119896
0.262044	11.196209523808989	6.112609785666155
0.262342	-5.342042577030952	6.136374999464876
0.262641	2.8431030812322433	6.127301948425584
0.262939	0.030138935574086645	6.103642019239288
0.263237	1.2904481792716638	6.10261327238855
0.263536	6.521388795518419	6.084684363482404
0.263834	0.3888229691878564	6.148494181610063
0.264133	-6.257745098040175	6.078678218355124
0.264431	4.68302801120501	6.081656943269432
0.26473	0.21156974789931837	6.123599234700318
0.265028	4.878008963585216	6.076794810522191
0.265326	15.953817927170633	6.113588262746587
0.265625	2.7257417366939762	6.059081652917141
0.265923	-0.8354324929970858	6.078828462077933
0.266222	1.7847843137258224	6.110246077005343
0.26652	3.5680778711486028	6.048584239994677
0.266818	-1.2638022408964389	6.08682746932784
0.267117	-0.0067764705886474985	6.055722405746588
0.267415	7.524492997199843	6.089196645991448
0.267714	7.956180392156966	6.086023598662896
0.268012	14.09382072829004	6.033286684757831
0.268311	5.665654341736683	6.053729843271119
0.268609	3.5506011204475385	6.039770811596981
0.268907	11.549880112044661	6.085096907416219
0.269206	6.32357030812301	6.059935460631109
0.269504	4.534476750700378	6.026172429432629
0.269803	4.770965826330951	6.06827164867008
0.270101	13.261459383753618	6.130962062664656
0.2704	13.20145490196154	6.254074182404894
0.270698	7.183557983193509	6.292376226168669
0.270996	6.0156352941177715	6.339430437933926
0.271295	-9.203395518207458	6.381061423902982
0.271593	-4.726150140056404	6.3713623805286215
0.271892	3.0445686274515538	6.408213991842589
0.27219	5.333079551820106	6.3748653765482075
0.272488	2.2953428571420886	6.4315644454108085
0.272787	6.941506442577747	6.454206580003157
0.273085	10.5090980392157	6.4591816416320755
0.273384	13.04554509803836	6.479885215344861
0.273682	-7.393079551821415	6.463105764154042
0.273981	4.243452661064282	6.543694191299355
0.274279	6.900261064425592	6.4621238702400525
0.274577	-1.319325490196377	6.67194690772856
0.274876	1.598262745097827	6.846401447096858
0.275174	10.154501400560605	6.798411206966106
0.275473	6.193089635854392	6.972531618857214
0.275771	3.5843568627447553	6.935978714626188
0.27607	-3.5545747899158187	7.108113927731944
0.276368	3.313523809523815	7.1432992464213925
0.276666	-1.858075630252074	7.1707693917401585
0.276965	-1.8446078431372825	7.298656765224565
0.277263	9.106941736694978	7.258442226836051
0.277562	8.415724929971304	7.443659388547625
0.27786	3.8198072829126772	7.398238906107667
0.278158	2.0539053221284576	7.391415948954126
0.278457	5.343546778711357	7.529277565781357
0.278755	-2.379169187674961	7.446386589801294
0.279054	0.8866929971989634	7.606927354337886
0.279352	3.090090196078279	7.5225586167636695
0.279651	6.649132773109727	7.591367804626738
0.279949	-2.074204481792208	7.62377400222303
0.280247	-2.5510050420174935	7.648000794496603
0.280546	-1.6075226890765748	7.726241062933687
0.280844	-9.631182633053186	7.639928597368355
0.281143	-2.5976728291317386	7.756413111832008
0.281441	-7.786483473389012	7.754888177647583
0.28174	-0.5694151260505009	7.760846700838398
0.282038	-6.6448885154056825	7.877874603216086
0.282336	3.382948459383215	7.787725714649845
0.282635	3.756359663865396	7.8967876181966865
0.282933	0.5311215686276682	7.903944654790612
0.283232	-3.4421507002801377	7.921254623001811
0.28353	2.9653630252099106	8.025154053694814
0.283828	-8.143555182072362	7.912214355681639
0.284127	6.480831932773015	8.084209983059527
0.284425	-15.367675630251938	7.924283125672825
0.284724	10.197164705881505	8.060234878585156
0.285022	9.890315406162244	8.129895382685426
0.285321	-11.52490084033559	8.095403329415953
0.285619	-0.24663753501414476	8.15145843526295
0.285917	11.591112044817464	8.11508743253565
0.286216	13.13516918767533	8.197411730688142
0.286514	8.46532605041972	8.190755561139369
0.286813	2.540987114845734	8.196490629224037
0.287111	13.170193837534896	8.24878455365775
0.28741	-2.0674985994395456	8.148694472194324
0.287708	-3.5771226890759067	8.245823634998594
0.288006	-22.11402240896348	8.25846761418738
0.288305	7.484474509803647	8.271661939819301
0.288603	0.10517591036403928	8.320552179224128
0.288902	-12.278228011204533	8.34940131061669
0.2892	3.052597759104003	8.371113479571978
0.289498	-7.2002431372555975	8.334049654940022
0.289797	6.552027450979665	8.378512693465876
0.290095	3.6146756302514405	8.432176779081678
0.290394	4.962785994398189	8.471868947936345
0.290692	2.9505971988800184	8.471658234036063
0.290991	-0.08996526610616229	8.450376281151133
0.291289	10.96444369747843	8.543349003335473
0.291587	2.9594868347334113	8.561317510618109
0.291886	-10.322176470588431	8.57081692650165
0.292184	16.29172941176421	8.580466778224913
0.292483	-1.1006397759103947	8.638896071908912
0.292781	-2.3123613445380897	8.67123197775086
0.29308	1.7889456582636853	8.647092320699159
0.293378	12.855705322128586	8.713784192856584
0.293676	-5.372448179273306	8.688636857704287
0.293975	-5.187699159664874	8.779605315349928
0.294273	8.30458375350105	8.789724956447238
0.294572	-8.859989915966082	8.739229148991383
0.29487	1.4792492997196405	8.798776167755136
0.295168	3.9463131652667016	8.848808720926177
0.295467	3.2307198879547627	8.868629340283068
0.295765	-4.841019047619	8.909013859520796
0.296064	15.818362464985398	8.833326202237405
0.296362	15.271233613444792	9.028927850272215
0.296661	5.362095238095321	8.966101994925728
0.296959	8.256259383753672	8.98243253879301
0.297257	7.3825613445384874	9.04231638944811
0.297556	3.859004481791999	8.959071834312518
0.297854	-6.353799999999978	9.170561678560567
0.298153	-0.40211540616326147	9.04248685877249
0.298451	-7.926915966386048	9.0715200657838
0.29875	18.513703081231938	9.106548054903566
0.299048	-9.702858823530107	9.146890187556293
0.299346	16.486824649859386	9.211767712218544
0.299645	-0.786346778712641	9.097584169510247
0.299943	-20.953966946779303	9.143951890826907
0.300242	3.832856582633326	9.264885970874952
0.30054	1.3160879551821836	9.269892455910366
0.300838	-9.771578711484779	9.242794203823712
0.301137	6.480974789916161	9.25941120494841
0.301435	-10.442871148459858	9.343684227362056
0.301734	-3.314992717087364	9.311048706855638
0.302032	-2.552482913165477	9.353048759741885
0.302331	1.12234229691893	9.372273126415493
0.302629	-8.505583753501185	9.422761863874767
0.302927	1.229872268907286	9.561301265246275
0.303226	-8.355193277311628	9.337916157332758
0.303524	1.1437008403351	9.512507634405546
0.303823	11.873523809524329	9.499518562888236
0.304121	1.2779490196078314	9.569493629073412
0.30442	14.101168067226695	9.680525633099432
0.304718	-8.932147338935863	9.448341966402825
0.305016	-0.12950924369789618	9.700957447656553
0.305315	10.758266666666714	9.621247455313672
0.305613	6.091799439775798	9.756591752534895
0.305912	5.237435854342323	9.643720180382129
0.30621	7.736933333333695	9.710179100455582
0.306508	15.294930532212732	9.876434627099348
0.306807	8.943687394957749	9.698409272078296
0.307105	-6.174498039214882	9.863296391695236
0.307404	-13.323439775910515	9.713883839317889
0.307702	-2.5024313725495517	9.85727501843367
0.308001	-2.8852834733891086	10.018778067227949
0.308299	11.202224649860284	9.851088195658642
0.308597	13.861438095237872	10.033199237868317
0.308896	-2.338741736695056	9.883424343181126
0.309194	0.656421288515503	10.014912687699235
0.309493	-13.901922128851822	10.005414030087064
0.309791	-4.910220168067099	9.991148015156758
0.31009	7.722154061624735	10.182981711250424
0.310388	-20.793724929972086	9.92595854301081
0.310686	-18.36925826330514	10.082265347477009
0.310985	3.906936134453076	10.033679317389083
0.311283	17.001886834734137	10.112862844593275
0.311582	10.795269467787989	10.207528814020383
0.31188	-3.240002240896729	9.94404252488643
0.312178	8.553707563024773	10.18687541990597
0.312477	-3.276704761905478	10.045058889995813
0.312775	-8.161201120448993	10.17521496551089
0.313074	-10.314605602241045	10.310048549835312
0.313372	-4.523985994398458	10.102086329481729
0.313671	-12.020325490196342	10.319558618828445
0.313969	-14.337506442576853	10.194143131693425
0.314267	-2.162029131652048	10.348309861701278
0.314566	5.565156302521075	10.363189521939173
0.314864	8.16832436974778	10.36619014283753
0.315163	-14.959502521008119	10.461375017876165
0.315461	-11.805740616248102	10.299154471257115
0.31576	-19.779529971988836	10.74916904228675
0.316058	4.009582072829403	10.495791700104178
0.316356	0.3834229691884161	10.556504775962097
0.316655	-6.022600000000864	10.648275592857317
0.316953	0.7320588235285186	10.45352340166745
0.317252	11.626315966386187	10.654530906513509
0.31755	-7.815614565826934	10.585984558700712
0.317848	-15.986110364146953	10.687569686291166
0.318147	-10.030327731092541	10.67673454422673
0.318445	-1.9853310924375478	10.724575770178797
0.318744	18.83269691876876	10.825857649524446
0.319042	10.356386554621224	10.712570108906602
0.319341	0.95198095238203	10.915917726228699
0.319639	2.036455462185245	10.786669812004433
0.319937	-1.8697120448177884	10.973473220055581
0.320236	-7.10666442577093	10.956403099958962
0.320534	4.55615910364088	10.889040552228701
0.320833	-2.7743226890757455	11.073779319991388
0.321131	-11.17130308123194	10.899643720604162
0.32143	-0.32981400560203156	11.137139904710704
0.321728	-11.383425210084965	11.097842092416885
0.322026	-9.033895238095795	11.000670797761165
0.322325	0.9339092436968599	11.316145392987686
0.322623	-8.121501400559907	11.000567037038797
0.322922	-4.08727338935563	11.351214858660015
0.32322	4.928938375350924	11.187895244798904
0.323518	-0.6876621848741138	11.281285395181811
0.323817	-8.623741736694512	11.50019892525792
0.324115	6.525759103642201	11.144086396637231
0.324414	1.9740789915965706	11.562832422946258
0.324712	-7.48313445378102	11.297000144190317
0.325011	-18.19985546218419	11.421643486713977
0.325309	-19.535575350139993	11.680350105345171
0.325607	-12.559181512604596	11.302983767795602
0.325906	15.975087394957654	11.770126164477626
0.326204	13.17237030812322	11.508802093549608
0.326503	-9.670418487394272	11.624213037798249
0.326801	-13.873645938375319	11.736444613795848
0.3271	-3.6240997198882496	11.631390672726505
0.327398	9.51019887955141	11.920981460960839
0.327696	0.7398812324927917	11.629164979465168
0.327995	-3.2416633053213673	11.878063998519579
0.328293	1.3429719887955116	11.85023519581992
0.328592	13.02969187675103	11.843878504310158
0.32889	-7.681891316526048	12.201884881783782
0.329188	15.024783193277074	11.803025659510649
0.329487	26.506298599440186	12.207862471886514
0.329785	18.574909243696993	11.951647483105788
0.330084	-5.836838095238477	12.160610935473631
0.330382	13.16997983193346	12.261386841969221
0.330681	-1.6817260504208775	12.080382586217201
0.330979	-21.28583865546176	12.337864730802687
0.331277	28.548434173668795	12.147638032651273
0.331576	-15.000662745098339	12.35358539499497
0.331874	-4.720352941176316	12.378981731177417
0.332173	15.161483473389126	12.351190430251055
0.332471	27.766720448180138	12.662583100516315
0.33277	2.1616582633060943	12.261465171404375
0.333068	-14.9782347338936	12.601760042197709
0.333366	24.01538655462076	12.45751997580528
0.333665	13.434965826329517	12.664750069228703
0.333963	9.389929971986817	12.911997165178112
0.334262	-1.9306112044819201	12.454555237490103
0.33456	-0.364331092437169	12.906384455100195
0.334858	-16.288809523808823	12.546039282616249
0.335157	-3.5003658263300963	12.962760785381963
0.335455	3.0331075630246573	12.881417752168435
0.335754	-18.527056582632895	12.846453861161573
0.336052	-18.612473949580135	13.132355803734379
0.336351	-25.286807282912775	12.759754175619642
0.336649	6.760216806723349	13.300212149385796
0.336947	10.631293557423191	13.01080651792103
0.337246	3.7160829131644846	13.277887062851491
0.337544	-33.92185882352976	13.495879142859447
0.337843	7.3745501400563285	12.922449240370721
0.338141	-8.41907338935556	13.550384389360968
0.33844	9.506532212884053	13.20928507355472
0.338738	-4.956290756301769	13.526042193727852
0.339036	0.2666784313717585	13.504325154789623
0.339335	-5.543378711485616	13.366318591073718
0.339633	-6.924151260504914	13.826392901554916
0.339932	-20.41939439775973	13.408850781424144
0.34023	-3.709956862744832	13.810885032730663
0.340528	-10.706175350139233	13.693748739286054
0.340827	7.475792717086449	13.826293213927777
0.341125	-8.429759103642311	14.111573901894952
0.341424	-11.042741736694666	13.691399177673132
0.341722	15.497124369747723	14.104220583999677
0.342021	-4.599146778711827	13.832165510602172
0.342319	-9.959017927170066	14.138512982032314
0.342617	-1.386036974789704	14.314932060816561
0.342916	-9.636688515405467	13.979987662266861
0.343214	20.938389915965843	14.487507210128802
0.343513	-0.5388380952379634	14.03531516521295
0.343811	11.235084593838565	14.48508218172822
0.34411	-1.9183837535015869	14.233629147148735
0.344408	12.09886442577016	14.317713840638834
0.344706	-18.437061064425393	14.542509710893354
0.345005	-23.081845378151513	14.00272472992824
0.345303	-3.481249859944171	14.57677033739582
0.345602	14.476092997199714	14.208731091179628
0.3459	9.605130532212627	14.3955787305271
0.346198	0.8771787114838503	14.743975603895692
0.346497	-1.2058677871146983	14.108157157806748
0.346795	-17.8909193277309	14.623934232415598
0.347094	38.10059383753497	14.283180817975094
0.347392	-1.3298140056025431	14.692878142918971
0.347691	7.526606722688598	14.714173824919856
0.347989	-22.40316470588226	14.572684329170468
0.348287	5.616819607842558	15.03435820671908
0.348586	-30.36852436974783	14.425374388604098
0.348884	-12.276732212884554	15.0288306676868
0.349183	-9.71701848739599	14.827864409885576
0.349481	-18.23772717086854	15.085713565738208
0.34978	19.760094117646076	15.479277033860122
0.350078	17.11514789915924	14.693324586860887
0.350376	-12.457073389356026	15.540948907269954
0.350675	-11.547960784313602	15.0108912350676
0.350973	13.195776470588783	15.61880579049155
0.351272	3.8290896358535065	15.631465647837341
0.35157	2.9166341736691948	15.159128986670535
0.351868	10.147843137254426	15.994841573210245
0.352167	10.039468907562537	15.21703878019492
0.352465	-18.390323809524602	15.98614341461146
0.352764	11.740543977591074	15.728929689564525
0.353062	-14.465537254901903	15.941281693321352
0.353361	27.52964929971995	16.346999660618874
0.353659	-2.796972549019756	15.69822926602398
0.353957	2.130842016806298	16.516624073916553
0.354256	14.518550700279889	15.974945889515226
0.354554	-20.84799271708704	16.34566602208303
0.354853	17.67689859944028	16.832472717061382
0.355151	-9.522487955182157	15.924533815408106
0.35545	-5.63341400560148	16.811659869975788
0.355748	12.857727731092723	16.28578922268788
0.356046	-13.738473389355761	17.029367283680177
0.356345	13.202333333333343	16.91101269800385
0.356643	7.995796078431283	16.691279663767396
0.356942	-19.58230812324757	17.662012796948968
0.35724	-8.022835294117954	16.559718932788083
0.357538	-37.11954845938379	17.512897941324304
0.357837	-22.317065546218373	17.076224622124766
0.358135	-26.006212324930402	17.420115812194467
0.358434	4.194154621849577	18.224586952744495
0.358732	14.819618487395587	16.951244307457237
0.359031	25.526963025209852	18.345992022012418
0.359329	-16.368664985994883	17.35942857199509
0.359627	7.779050420166982	18.115602557213478
0.359926	1.43021064425767	18.330983420134572
0.360224	-14.315953501400998	17.90636591352202
0.360523	-16.45336190476172	18.797048994447394
0.360821	-32.05506162464985	17.714043011461733
0.36112	8.841536694677075	18.934380429436168
0.361418	-18.63960336134454	18.422584612435276
0.361716	-7.394708123249529	18.816485897769578
0.362015	3.091606722689164	19.69416157031908
0.362313	-3.65476806722711	18.131052731063665
0.362612	6.942536134453121	19.81876492952596
0.36291	-9.958324929972662	18.93146329632626
0.363208	1.0798408963574957	19.58963446923223
0.363507	-6.3765938375360065	20.302281591333315
0.363805	9.511415126050622	18.97842243685369
0.364104	-3.1004039215684998	20.541423341824327
0.364402	-1.774843137254436	19.390167189316408
0.364701	13.021293557422382	20.51136957146475
0.364999	16.86969355742292	20.537482318919672
0.365297	27.64653333333314	20.201813698592083
0.365596	49.95160896358556	21.968486343950172
0.365894	2.3899540616238824	19.754648647848608
0.366193	20.52362969187584	21.795352268615716
0.366491	-22.121574789916565	20.616761595271477
0.36679	7.603422969187079	21.625421591384956
0.367088	51.89179775910304	22.863310888033883
0.367386	9.489824649859884	20.49302245950351
0.367685	30.36991036414605	23.1739165683714
0.367983	-19.827971988794957	21.027151789205494
0.368282	25.38243361344513	22.90670049600617
0.36858	10.714666106442507	22.837871512696097
0.368878	4.280741736694154	22.208620276914473
0.369177	31.21684425770269	24.33005322894555
0.369475	-39.58128459383744	21.722915844881058
0.369774	76.9473450980405	24.61120299779971
0.370072	-1.373244817927457	23.295654802978454
0.370371	13.573202801119919	24.223811273057983
0.370669	-40.85200840336114	25.761651989420873
0.370967	-33.11203921568648	22.740809412247994
0.371266	23.968719887955103	25.745498924850956
0.371564	7.321656582631704	24.492473658979414
0.371863	-10.201276750700004	25.380864587584902
0.372161	15.115964705882163	27.17888434562303
0.37246	-34.76057871148498	24.21469584035426
0.372758	-18.452742296918814	28.80777585546663
0.373056	25.393179831932855	24.696094152739878
0.373355	48.39392661064494	28.54804423872728
0.373653	24.593211764706382	27.067016574123407
0.373952	-27.49132549019606	27.205881612359946
0.37425	23.506275070027982	31.576504995608566
0.374548	20.61269075630122	25.61693438716803
0.374847	-43.50445546218509	31.49547409141489
0.375145	80.10287787114862	27.679070046505156
0.375444	-22.559701960784366	31.197550285113994
0.375742	21.76374285714303	33.75064215198557
0.376041	-19.580198879552597	27.443895897664852
0.376339	-59.68950644257774	34.04420355697895
0.376637	27.396619047618174	29.48050339205985
0.376936	61.82368403361323	35.114710356600625
0.377234	50.07143921568627	33.067886665702524
0.377533	-21.602432492996684	33.59949757417986
0.377831	24.718789355742388	39.23947225020698
0.37813	51.64359495798237	31.65120629513241
0.378428	20.304273389355103	39.61423025736572
0.378726	-25.906495798319042	34.715822371911436
0.379025	5.81906386554607	38.844622397188914
0.379323	42.92653053221187	46.79901837693082
0.379622	39.83465546218554	34.41013629908757
0.37992	-97.45115294117682	47.74007083871412
0.380218	51.848801680671954	38.17616035660874
0.380517	-36.52271204481849	48.077307299281344
0.380815	3.4378453781508256	47.10607889848185
0.381114	99.65819327731083	45.868107960898385
0.381412	83.63310252100803	59.980946544070434
0.381711	47.22635126050477	44.375675928121865
0.382009	45.54800728291326	66.9027450525522
0.382307	-16.559232492997182	53.89098739887459
0.382606	46.79098039215546	65.22971740156903
0.382904	0.	0.
0.383203	0.6196128851533445	62.19856126887491