0.00540153	270.597254901968	311.9221537276892
0.00569995	839.0864425770269	176.91088787397703
0.00599837	767.2433613445719	150.7271790462629
0.00629679	915.0821848739452	130.69923417249447
0.00659521	420.0574789916118	120.90634112271495
0.00689363	893.8387114846137	106.33264617448653
0.00719205	1008.0108683473372	95.72198293328967
0.00749048	991.5810084033501	89.24560441625127
0.0077889	949.8877310924354	80.07560894219758
0.00808732	824.7121568627335	75.14711314944195
0.00838574	803.3939495798313	68.05866175027082
0.00868416	804.254621848745	62.82506111062732
0.00898258	809.5127899159638	59.18313031372107
0.009281	946.1560784313724	53.9131812885698
0.00957942	945.8924649859955	51.739119857501365
0.00987784	944.8369691876746	47.58837894138355
0.0101763	1032.3379607843117	45.2401064055358
0.0104747	870.9347450980363	42.72233379646735
0.0107731	873.9738543417343	39.08433427953578
0.0110715	916.7392268907543	38.154334753753155
0.01137	847.9567787114865	35.69271044858729
0.0116684	877.4596414565826	34.27827027541282
0.0119668	860.8263361344541	32.16069462037398
0.0122652	832.2961456582652	30.686527415532133
0.0125636	797.9548011204486	29.62355391159356
0.0128621	813.4106498599454	27.904344921101046
0.0131605	818.2524929971964	27.06720582661403
0.0134589	820.4280224089655	25.856331546396447
0.0137573	781.4612380952383	25.012082088664517
0.0140557	855.5849523809525	24.18045429669496
0.0143542	802.0573893557429	23.026597214865863
0.0146526	799.4889523809513	22.409482143713987
0.014951	802.9066498599445	21.44446982049283
0.0152494	735.7497647058824	21.13747797886742
0.0155478	757.771484593838	20.389794322183903
0.0158463	741.9392605042015	19.53659839675211
0.0161447	742.253025210083	19.222612008571407
0.0164431	767.1143809523807	18.562526899092855
0.0167415	743.200705882353	18.11126700395908
0.01704	734.2734733893548	18.050533905876208
0.0173384	731.2791316526608	17.850086114480888
0.0176368	711.413904761904	17.802046169098933
0.0179352	694.3326778711486	17.301497072268816
0.0182336	710.5140112044825	17.196698923343455
0.0185321	681.9471540616252	17.012783176130206
0.0188305	677.9611092436966	16.735242439809237
0.0191289	672.2760224089637	16.660521721570493
0.0194273	625.5942296918772	16.517754744278495
0.0197257	659.1521680672256	16.623893813081782
0.0200242	633.6165322128852	16.622890165669794
0.0203226	632.2718935574235	16.860793758669143
0.020621	656.6157254901958	16.865221256949958
0.0209194	610.677512605042	16.51682129309351
0.0212178	614.992168067227	16.688068702471483
0.0215163	618.5571820728287	16.600933100480518
0.0218147	601.0742464985992	16.683112211431453
0.0221131	603.3162352941167	16.023929183085528
0.0224115	597.2329019607846	15.52518065248054
0.02271	582.3033809523802	15.294737683938669
0.0230084	551.9593658263295	14.991115591761172
0.0233068	535.4074156862748	14.871549195409866
0.0236052	554.1081221288507	14.339635746030172
0.0239036	576.4871439775911	14.515359265451872
0.0242021	541.9740504201675	14.14339744295166
0.0245005	532.7761484593839	14.074029045622682
0.0247989	523.030659383754	13.717913032046084
0.0250973	513.5129792717087	13.681610534703733
0.0253957	505.82890756302476	13.44404667002429
0.0256942	528.4257221288522	13.315200885820015
0.0259926	492.85431764705834	13.07402869661953
0.026291	482.52918151260474	12.920509024229013
0.0265894	483.3562554621855	12.785060776713085
0.0268879	485.41587114845896	12.657046315724564
0.0271863	478.4456929971992	12.370732745674552
0.0274847	473.2032801120448	12.294702113490146
0.0277831	465.97182464985934	12.15616793504218
0.0280815	462.99816134453835	11.93623423198346
0.02838	455.6712386554625	11.95154286894402
0.0286784	439.3979949579827	11.791690241431462
0.0289768	435.29246050420113	11.595176588573842
0.0292752	465.4505462184872	11.537372547786092
0.0295736	429.64413837534977	11.453807476261947
0.0298721	419.62213445378126	11.296461089752041
0.0301705	397.4441658263308	11.257100792217532
0.0304689	418.1435193277309	11.270913165766514
0.0307673	390.1066728291326	11.174499773697379
0.0310657	381.2677535014001	10.916914529221028
0.0313642	393.0006532212883	11.031988489494458
0.0316626	397.1453114845937	10.97002243087022
0.031961	396.56331036414514	10.849215945862213
0.0322594	385.8888941176468	10.806745426771638
0.0325579	385.7989439775909	10.799856802717935
0.0328563	352.7835092436973	10.617884060632852
0.0331547	354.46463585434117	10.609353964185734
0.0334531	366.699115406162	10.533069775266977
0.0337515	354.9537266106438	10.49924496904849
0.03405	354.70950476190467	10.47970130555203
0.0343484	341.27189075630184	10.352612226570177
0.0346468	335.4811759103646	10.353667503487198
0.0349452	333.782743977591	10.210580079240898
0.0352436	335.96389075630213	10.191735339714846
0.0355421	318.816273389356	10.23818565740092
0.0358405	319.3781036414569	10.061687650903668
0.0361389	324.02568067226895	10.133739168358687
0.0364373	318.1117098039215	9.979405971590369
0.0367357	304.4689086834731	9.971367070078657
0.0370342	306.2924537815124	9.950896195817942
0.0373326	298.41134173669445	9.769511331147664
0.037631	278.51382352941215	9.91274827119594
0.0379294	300.10914845938345	9.749818865520528
0.0382279	280.55805882352956	9.768066114041668
0.0385263	279.13007114845925	9.679343942812967
0.0388247	289.50910588235274	9.579318148903981
0.0391231	260.94117030812384	9.671152714585812
0.0394215	280.46202969187647	9.569944357176167
0.03972	258.55041344537796	9.53695950895
0.0400184	272.81512829131657	9.456470447220173
0.0403168	285.88956862745135	9.391103050003935
0.0406152	255.82008123249295	9.403900566561306
0.0409136	266.6066817927174	9.43366589277242
0.0412121	262.43459663865536	9.370142463203388
0.0415105	265.64431540616226	9.344008877307916
0.0418089	241.42400504201618	9.252761243816112
0.0421073	245.85107282913157	9.196305124427411
0.0424058	237.02346442577038	9.36049173682725
0.0427042	239.51100000000054	9.574741977668468
0.0430026	234.9083994397759	9.634742385296791
0.043301	232.64468347338976	9.74116512052673
0.0435994	231.16273837535005	9.669247005236521
0.0438979	237.1926801120449	9.666316840438839
0.0441963	218.18395238095292	9.777287107093473
0.0444947	230.5523456582634	9.832553396773939
0.0447931	218.99718095238114	9.869169037313535
0.0450915	219.23796134453767	9.816949221612868
0.04539	219.56652156862702	9.891259698589783
0.0456884	238.52902128851582	9.906341986252784
0.0459868	211.1318212885152	9.94296114095784
0.0462852	209.7089131652669	9.892749992571119
0.0465836	222.56301960784242	9.927225196935481
0.0468821	204.2590173669464	9.923103496556884
0.0471805	206.79775182072802	9.886023191964359
0.0474789	194.94370252100822	9.811914951790879
0.0477773	205.59063361344556	9.909324535931091
0.0480758	219.02775686274452	9.825808781764703
0.0483742	199.22296694677812	9.825833379518494
0.0486726	183.5830252100837	9.762221826412718
0.048971	195.82312885154067	9.864506344812204
0.0492694	194.66427507002777	9.735155723169923
0.0495679	186.69750532212873	9.683935655372562
0.0498663	206.9538862745094	9.794619846261384
0.0501647	201.52789299719927	9.678361801403748
0.0504631	191.97861904761936	9.776576818723676
0.0507615	176.5078588235295	9.693709749419803
0.05106	202.74206946778747	9.717268342931082
0.0513584	163.64394453781472	9.653026191713789
0.0516568	158.50245266106413	9.534252486161911
0.0519552	175.41143641456586	9.696034583767812
0.0522536	175.9157193277315	9.600204577131963
0.0525521	167.66347787114796	9.516296284498305
0.0528505	163.0531820728291	9.600987537320188
0.0531489	164.6274056022409	9.50390960985488
0.0534473	178.35437927170858	9.648026519522562
0.0537458	153.11716302520978	9.42991215823314
0.0540442	161.00781904761874	9.533235007659874
0.0543426	168.0525843137255	9.48808396166456
0.054641	154.4079148459386	9.350052771138873
0.0549394	161.69546274509827	9.560433310660013
0.0552379	152.0289064425765	9.381487308887849
0.0555363	148.27647507002837	9.446234490876526
0.0558347	157.23887394957956	9.440250308695529
0.0561331	148.6420985994397	9.32659198971692
0.0564315	158.27887619047544	9.435712028532977
0.05673	149.3022498599433	9.270133222450989
0.0570284	144.79111204481796	9.337444351876519
0.0573268	147.3795736694683	9.309587761319536
0.0576252	136.27842521008432	9.276541255279922
0.0579237	144.57548795518193	9.32856308881812
0.0582221	148.5724946778717	9.257488946154984
0.0585205	136.519447619047	9.255867417356118
0.0588189	122.91880560224058	9.210889935193139
0.0591173	149.3507910364147	9.256426824878575
0.0594158	121.82666386554587	9.182511860491813
0.0597142	127.07170868347305	9.152452283471487
0.0600126	140.5760330532209	9.233411143366817
0.060311	133.53519103641446	9.146027665245478
0.0606094	131.84028123249277	9.103930312756539
0.0609079	127.9181624649857	9.162319545669146
0.0612063	131.44304425770287	9.060541696240684
0.0615047	120.82346946778642	9.139078602968521
0.0618031	125.4315949579825	9.066165001084403
0.0621015	117.51658935574227	9.011612066295283
0.0624	124.42646946778694	9.093895741480406
0.0626984	133.63342689075637	9.05399785893627
0.0629968	119.68889299719848	9.040122803914834
0.0632952	132.6756162464983	9.015399436028721
0.0635937	121.54409691876765	8.988083958066435
0.0638921	117.75486106442628	8.933084164315636
0.0641905	108.55484985994394	8.978586564902137
0.0644889	102.17957759103598	8.897878881980006
0.0647873	112.85862577030827	8.909522657503583
0.0650858	116.31401456582637	8.925968518075953
0.0653842	129.6248201680666	8.893234850628746
0.0656826	115.62241904761834	8.982388251021508
0.065981	108.0445462184872	8.823396630290109
0.0662794	117.79237478991604	8.84518634870288
0.0665779	112.09629243697492	8.867723955465074
0.0668763	124.07824593837461	8.795100227710243
0.0671747	107.46778655462208	8.865152684223354
0.0674731	99.26898655462139	8.7624012461592
0.0677715	92.30845826330551	8.760388624402925
0.06807	98.14037591036453	8.855011860493553
0.0683684	103.12677254901956	8.67643384945284
0.0686668	118.50305434173748	8.816053307053725
0.0689652	100.13356470588235	8.674742820095553
0.0692637	98.70252324929908	8.736589188072397
0.0695621	87.65667675069949	8.69189687088526
0.0698605	82.67657086834788	8.60155899344093
0.0701589	103.53101400560206	8.780194962295038
0.0704573	83.08327338935527	8.612704684255164
0.0707558	118.02649467787148	8.705433627331333
0.0710542	98.24511764705903	8.630188330005478
0.0713526	90.02213333333316	8.583798014168584
0.071651	96.40806890756295	8.677270504510485
0.0719494	89.5534235294113	8.54541386819537
0.0722479	79.26381568627477	8.577991208025495
0.0725463	87.21983529411744	8.62936737079413
0.0728447	85.79511820728271	8.560061856874466
0.0731431	90.73948907562993	8.589838968164829
0.0734415	83.8360308123248	8.467994009444597
0.07374	83.72155630252138	8.495771599531954
0.0740384	94.48763753501396	8.508313913958856
0.0743368	102.4209932773104	8.518226294644807
0.0746352	79.50350252100861	8.510263403389665
0.0749337	81.41298487394948	8.475293939358222
0.0752321	93.56214845938382	8.493684070164083
0.0755305	80.30217759103692	8.447662482176323
0.0758289	86.05312100840308	8.407393786525756
0.0761273	83.46906946778773	8.441550141452058
0.0764258	86.58299495798303	8.427121114341766
0.0767242	84.14398207282886	8.397121014490846
0.0770226	88.12118095238134	8.334663908615745
0.077321	91.6179579831936	8.412156915054796
0.0776194	90.13859607843102	8.374469470217573
0.0779179	75.10073949579862	8.353210273917442
0.0782163	95.23894341736735	8.32545160248525
0.0785147	76.24506834733921	8.261269016630692
0.0788131	85.29571260504241	8.338518675399317
0.0791116	84.8109109243697	8.292686564885813
0.07941	87.70706050420102	8.351839237406338
0.0797084	77.26844033613446	8.272177000817017
0.0800068	73.16424089635888	8.296761276679158
0.0803052	68.36315350140069	8.47141961996437
0.0806037	78.73830196078444	8.617291841503594
0.0809021	76.04137478991561	8.783377443537116
0.0812005	84.9945591036419	8.79022743969429
0.0814989	78.5678991596626	8.951786657297093
0.0817973	74.48278095238066	9.15676084977963
0.0820958	55.18721120448191	9.008859081045301
0.0823942	74.90504873949504	9.24041005902097
0.0826926	94.31840896358494	9.176182914694719
0.082991	76.31502352941169	9.23576534323288
0.0832894	72.56569355742272	9.223799575594295
0.0835879	61.87210420168043	9.201402842313255
0.0838863	82.01535518207294	9.398638413215812
0.0841847	70.56073165266099	9.19518760797945
0.0844831	76.09942184873915	9.379516087582836
0.0847816	68.93719103641416	9.281959975771658
0.08508	74.77279775910347	9.378799064157285
0.0853784	78.63367787114811	9.1424365683418
0.0856768	53.144807843137585	8.804697076346525
0.0859752	62.939037535013824	8.826721653339902
0.0862737	75.20509355742263	8.537263522251399
0.0865721	59.62832661064425	8.579761617218404
0.0868705	64.12280112044812	8.501627689436887
0.0871689	61.74838487394965	8.396717524562593
0.0874673	48.38597086834767	8.36106137415714
0.0877658	55.22374117647075	8.306080101611146
0.0880642	69.20223529411743	8.304216460415228
0.0883626	68.31959159663882	8.33523375230212
0.088661	55.967658823528836	8.199188353562368
0.0889594	64.3110280112046	8.363955513023354
0.0892579	72.33968347338958	8.161385183039187
0.0895563	65.36392773109299	8.221621400874099
0.0898547	69.6917075630256	8.235769520586416
0.0901531	63.152232492996916	8.179339236928366
0.0904516	66.41046498599479	8.19271091782499
0.09075	62.95940840336158	8.09457445173094
0.0910484	64.2193288515412	8.185027109669509
0.0913468	57.08225378151241	8.112631248662044
0.0916452	47.75022016806702	8.067220846366215
0.0919437	70.21756638655432	8.128775700473907
0.0922421	60.665591036414526	8.047438379457677
0.0925405	56.42381176470565	8.103532921771873
0.0928389	59.411791036414456	8.051546189108958
0.0931373	57.98849243697447	8.048894386167527
0.0934358	53.44995630252129	7.946900065001657
0.0937342	76.99477198879521	8.042914463891876
0.0940326	39.53269523809496	7.990388599864642
0.094331	59.030019607843656	7.978552924412861
0.0946295	53.69862857142806	7.985646975984933
0.0949279	51.06145322128839	7.938432291050974
0.0952263	54.63557871148424	7.975961327275364
0.0955247	54.48336022408995	7.907899808396426
0.0958231	57.194856022409795	7.920602212357274
0.0961216	65.41305714285642	7.914945744221735
0.09642	64.18696190476197	7.858337920470033
0.0967184	50.27331148459382	7.917441451986561
0.0970168	46.77281288515388	7.833044178047065
0.0973152	66.46580336134434	7.847014902711415
0.0976137	45.50841400560216	7.857200679795518
0.0979121	65.91319607843104	7.812492018891292
0.0982105	60.54731092436981	7.873802344076582
0.0985089	43.337282352941315	7.776743348219778
0.0988073	59.141505882352874	7.801011939687822
0.0991058	63.57554341736602	7.845111811062502
0.0994042	48.43918207282883	7.770969060044036
0.0997026	48.130660504201614	7.789119119018803
0.100001	57.64232324929992	7.7006002540869805
0.100299	51.06533445378176	7.758732601044604
0.100598	42.891394397759086	7.748739072482305
0.100896	52.2112862745098	7.720970649286243
0.101195	47.13604649859974	7.7380638704232805
0.101493	46.563658823528726	7.673448518940427
0.101792	37.186822408963565	7.7073196280680705
0.10209	49.28821288515422	7.746852054581548
0.102388	55.99626330532146	7.647229305746861
0.102687	50.283037535014046	7.676978660340722
0.102985	57.67269075630338	7.6532637790082925
0.103284	53.34639047619078	7.683861975453434
0.103582	37.34586666666729	7.5991557826430665
0.103881	54.65263697478974	7.619540128024028
0.104179	42.45320168067195	7.633607569661014
0.104477	53.806241456583166	7.62745173339191
0.104776	62.968570308122196	7.617453076656208
0.105074	56.54402016806728	7.577465896563118
0.105373	49.855300280111976	7.597426827351661
0.105671	49.24791540616269	7.552066345514396
0.105969	53.441297478991316	7.620178708032287
0.106268	53.69781400560299	7.5905481912641495
0.106566	40.91560504201652	7.486232194142319
0.106865	47.702955742297206	7.567050183413429
0.107163	36.77277422969155	7.521733601630655
0.107462	54.69289579831951	7.535881820194427
0.10776	43.588007282913566	7.491827307234791
0.108058	42.00298375350059	7.487470245824348
0.108357	33.365347338935294	7.51276195798158
0.108655	52.480737815126304	7.446902590778803
0.108954	36.09936806722601	7.473197359102965
0.109252	48.27516526610623	7.4811327234715534
0.109551	46.43878263305368	7.4985628690143455
0.109849	39.10247731092369	7.463900147061495
0.110147	41.688605042016604	7.36092447309923
0.110446	46.30674957983217	7.4520112310977495
0.110744	43.21844145658247	7.423580442534615
0.111043	37.372970868347295	7.418162405771964
0.111341	40.50233109243692	7.441468917955144
0.111639	52.17521960784296	7.3538955130926995
0.111938	38.259367507002935	7.425786208746547
0.112236	48.05290028011228	7.3732762754963455
0.112535	45.365532212885	7.398101986677926
0.112833	41.4392492997203	7.352991157180311
0.113132	38.640150140056164	7.36117751241008
0.11343	44.37712549019551	7.404371228139563
0.113728	59.503943977590836	7.303570692671509
0.114027	37.681782072829435	7.340064551791485
0.114325	49.80173389355741	7.342320816904576
0.114624	41.102252661064256	7.2976921516579445
0.114922	37.564852661064094	7.342391296232229
0.115221	37.38080448179261	7.255086126892304
0.115519	37.827721008403046	7.305397933754244
0.115817	34.982931652660625	7.29892586630355
0.116116	33.78032773109311	7.2700868731624135
0.116414	35.692594957982635	7.3010303870585025
0.116713	35.84948067226918	7.24624486444527
0.117011	41.2762005602238	7.285725337376526
0.117309	40.00361960784318	7.251429545963467
0.117608	43.11306274509775	7.194973187064704
0.117906	52.37082745098064	7.256430857773653
0.118205	40.864714285714	7.233877070509418
0.118503	43.142805602240344	7.263376291034737
0.118802	38.517071708683375	7.197329463066527
0.1191	32.22125378151219	7.181022860622842
0.119398	40.8306380952385	7.176525473796889
0.119697	25.322998879552188	7.179385383151034
0.119995	45.66782296918774	7.191378487933864
0.120294	30.781843137254725	7.145421710771149
0.120592	38.98385770308124	7.168651440706278
0.120891	42.70955686274476	7.173727796431919
0.121189	23.195687394957645	7.118069757870628
0.121487	41.018764145658224	7.10863379435572
0.121786	42.7579193277316	7.133009396159833
0.122084	44.543040336134254	7.155916719247114
0.122383	53.375237535013866	7.129561078603555
0.122681	51.336081232492745	7.107376401235879
0.122979	49.858006162465074	7.093976411306018
0.123278	33.79466050420149	7.108085523710552
0.123576	42.652491316526095	7.123805131049441
0.123875	37.1346140056022	7.048326282482175
0.124173	26.28711988795459	7.0658431435872116
0.124472	42.53183977591078	7.0664805270985305
0.12477	33.8471535013997	7.055668763968144
0.125068	47.549211204481594	7.0458700960257525
0.125367	46.875422408963345	7.018431651889698
0.125665	36.13766218487342	7.08119596684249
0.125964	48.9250672268912	7.044123734076381
0.126262	21.082188795517993	7.04334158769261
0.126561	28.014840336134057	6.967568120490396
0.126859	31.890597759103798	6.9667510641735095
0.127157	29.551738935574292	7.217885599145138
0.127456	37.27765826330511	7.28534672763422
0.127754	53.270835294117376	7.46898951962295
0.128053	23.131982633053667	7.413600251370301
0.128351	29.874884593837123	7.5842601422415985
0.128649	30.898383753501832	7.584675139317378
0.128948	33.57483193277318	7.517751012368046
0.129246	38.32700728291343	7.429789758869246
0.129545	24.58528963585394	7.270195916093982
0.129843	43.21866890756297	7.306074976274745
0.130142	32.426711484593795	7.177559658258312
0.13044	26.748031372548837	7.170302431320216
0.130738	25.359858263304886	7.290873896265612
0.131037	35.51381288515387	7.148107636194233
0.131335	40.5787742296917	7.236748111569749
0.131634	29.886691316526424	7.141006945782192
0.131932	42.10439775910373	7.138308050619032
0.132231	39.22753949579828	7.172913159980446
0.132529	39.836533893556805	7.071531694504869
0.132827	16.338626890755563	7.069221064198617
0.133126	32.76793109243698	7.061961683971751
0.133424	29.20002016806734	7.105162950529433
0.133723	34.69113445378156	7.054940212520375
0.134021	45.24786330532265	7.009627134508319
0.134319	37.26864145658283	7.024228042282515
0.134618	26.996047619047374	6.95823372163468
0.134916	35.16973557422972	6.979118988209216
0.135215	26.34749635854348	6.95441581472658
0.135513	37.7764459383755	6.860011040749869
0.135812	28.544995518207656	6.933583644613681
0.13611	32.728500280112485	6.866874851691076
0.136408	15.933357983193446	6.85063846115134
0.136707	28.66556582633052	6.846142354580028
0.137005	22.155903641456973	6.855821731864603
0.137304	27.972840896358377	6.8714133146351735
0.137602	37.8439478991595	6.8404834520368905
0.137901	29.709027450980727	6.8561835884828515
0.138199	34.28808515406132	6.7915324434469015
0.138497	36.60551876750702	6.840778258960065
0.138796	32.18898599439797	6.820910080119952
0.139094	18.34643585434179	6.784180635351237
0.139393	31.879850980392064	6.795338188224896
0.139691	34.803282352941096	6.773306212384011
0.139989	21.370802240896865	6.8172337409988835
0.140288	27.286143977590598	6.736646939199435
0.140586	33.081380952380925	6.7710604928074005
0.140885	40.82201904761888	6.823326093633994
0.141183	35.099603361344975	6.7318409953400495
0.141482	35.33944145658296	6.771066517007974
0.14178	22.99244033613462	6.697167267510552
0.142078	26.320573109244094	6.753225852877626
0.142377	26.689615126050228	6.72799411098699
0.142675	28.00688963585401	6.749216530305616
0.142974	21.374554061625304	6.723322669782423
0.143272	32.95491820728273	6.7016300588438185
0.143571	36.12219551820772	6.87162358161979
0.143869	37.31201120448134	6.984707492255456
0.144167	25.433670588235202	7.060156243777675
0.144466	20.334725490196206	7.165881993767586
0.144764	33.40394845938391	7.148592659189985
0.145063	17.16806050420132	7.286111085069339
0.145361	14.565137815125127	7.240480413177081
0.145659	15.842051540616069	7.272365025090636
0.145958	22.90595854341717	7.324552264284556
0.146256	34.04187450980373	7.3084163204616885
0.146555	26.73313221288538	7.397598947293366
0.146853	22.82445770308101	7.253218307558278
0.147152	22.671128851540345	7.4133708777437555
0.14745	42.30110924369825	7.405467935272521
0.147748	31.89504369747823	7.393997038800297
0.148047	22.199915406162347	7.445509255861117
0.148345	34.54547114845923	7.362192169838039
0.148644	35.30993053221266	7.3434060537972226
0.148942	23.28793949579847	7.054611154869177
0.149241	24.347729411764192	6.9870913043953555
0.149539	23.69651260504213	6.961418905613543
0.149837	32.23407338935516	6.893235152294846
0.150136	25.677392717086605	6.899297138268271
0.150434	30.003691876750622	6.806046262431707
0.150733	26.289310364145706	6.774765690991897
0.151031	32.15884481792699	6.823020783163538
0.151329	22.82884145658244	6.745830633595239
0.151628	24.241332212884856	6.7587164280528285
0.151926	13.135089075630049	6.66953624074277
0.152225	31.617512605041043	6.716055056444827
0.152523	19.853438095237834	6.714373558768453
0.152822	25.430887394958006	6.686140580108553
0.15312	30.432746778711532	6.6781456657918
0.153418	35.241732773108936	6.645347321554871
0.153717	24.89481008403402	6.711087615304256
0.154015	24.60623529411805	6.6561134794719266
0.154314	30.5842509803918	6.68010318439152
0.154612	17.163825210083985	6.667687028903732
0.154911	34.73285266106444	6.694528484061772
0.155209	34.86026610644274	6.679411585079035
0.155507	17.79435070028029	6.603617738127062
0.155806	23.624458823529153	6.643730825817826
0.156104	28.381836414565385	6.619015959521386
0.156403	12.136217927170776	6.623586243825368
0.156701	21.700742296918918	6.603884677855515
0.156999	32.84144257703133	6.556943355418875
0.157298	25.243795518206582	6.653473118706323
0.157596	31.19860448179338	6.564412744411836
0.157895	12.620391036414844	6.592910116106367
0.158193	32.1810767507003	6.553599171353107
0.158492	17.88158823529386	6.53704570042494
0.15879	25.692847619046972	6.6056207180846584
0.159088	22.281520448180174	6.494354297506092
0.159387	22.181332212884968	6.563347786016195
0.159685	30.433426330531574	6.530389877157514
0.159984	17.915874509803587	6.513802781717388
0.160282	32.27802128851522	6.5585252139528585
0.160581	24.549290756301616	6.455896491642009
0.160879	25.91088739495774	6.544258228560862
0.161177	24.258921568627443	6.4795680426134865
0.161476	20.99748403361332	6.5009452563259735
0.161774	21.71506778711489	6.513934217172982
0.162073	24.824415686274506	6.424151290864658
0.162371	23.07715238095227	6.522934815495899
0.162669	21.505987675070628	6.435161465075787
0.162968	12.469506442576517	6.456695691843808
0.163266	13.922528851540221	6.428588863698765
0.163565	34.14113893557385	6.452087400611452
0.163863	26.076100840336096	6.4904960394931335
0.164162	21.895636414565445	6.38122671197886
0.16446	32.14767787114795	6.446601775313474
0.164758	20.840820168067467	6.418660007100835
0.165057	33.45579271708715	6.438524323335581
0.165355	23.333002240896406	6.433674087967745
0.165654	17.284844257703185	6.358668531386372
0.165952	18.058395518206964	6.399400674873012
0.166251	13.659380392155924	6.369967180002284
0.166549	27.36236022409031	6.40915518552592
0.166847	9.574200560223858	6.378823564573416
0.167146	26.331427450980414	6.369065280970342
0.167444	23.197178711484696	6.406049737229735
0.167743	24.390035294118206	6.352222520715282
0.168041	29.46081456582675	6.357391984472481
0.168339	24.98544369747833	6.345778855215794
0.168638	27.745027450980615	6.355139261906244
0.168936	15.319305322128685	6.394593990406055
0.169235	25.24330196078381	6.301577618932774
0.169533	15.448758543417398	6.324208098998381
0.169832	21.0339070028013	6.308744964448481
0.17013	19.407366386554656	6.356096299538327
0.170428	21.119509243697507	6.328995760299057
0.170727	17.932938935574043	6.266147518634994
0.171025	15.114834733893758	6.301955293414368
0.171324	14.454414005602416	6.266473353654158
0.171622	15.685856582633164	6.319394307131497
0.171921	16.529603921568423	6.264068765389047
0.172219	22.270456022409064	6.265177808643126
0.172517	29.316391596638596	6.3182534025119805
0.172816	22.403613445378312	6.276129516387811
0.173114	20.220246498599295	6.270207844711067
0.173413	11.94077815126036	6.21768429704987
0.173711	17.324105322128105	6.24802255204332
0.174009	21.014248179271817	6.2975338141280455
0.174308	7.5433333333330665	6.184734968805378
0.174606	21.86487563025196	6.270085283530053
0.174905	11.0662565826334	6.192518967902609
0.175203	19.815846498599683	6.241960719269368
0.175502	9.102354061624567	6.213439721716384
0.1758	17.705338375349697	6.217074761821344
0.176098	29.957658823529698	6.232103383803146
0.176397	24.820243137254465	6.202400968365444
0.176695	15.169790476190315	6.219414925800091
0.176994	25.22360336134426	6.182839046247417
0.177292	12.312123809523143	6.198481435247416
0.177591	21.35950756302492	6.200900025103573
0.177889	10.576822408963551	6.1643037040604725
0.178187	10.03292941176511	6.177646543900703
0.178486	16.37290308123312	6.161139376879908
0.178784	17.07585378151265	6.168484243595897
0.179083	20.75758711484525	6.168678418930531
0.179381	26.987416246498128	6.1802504300054135
0.179679	18.39350140056041	6.131561831255999
0.179978	20.102828011203826	6.162595845033297
0.180276	6.579499719887849	6.133831139588857
0.180575	14.67033949579843	6.147946673499588
0.180873	14.313904761904439	6.106442388516214
0.181172	22.4699619047621	6.144215641221091
0.18147	21.39523417366945	6.120438142791444
0.181768	28.35715462184936	6.133962390142669
0.182067	22.263727170868606	6.133896054885857
0.182365	20.73604873949563	6.074098777220396
0.182664	4.862939495798457	6.116753207664093
0.182962	18.774768067226262	6.110615406589339
0.183261	20.78669019607844	6.123295433848435
0.183559	26.545442016806362	6.063306940573803
0.183857	27.40015238095225	6.106216744929886
0.184156	14.089874509803906	6.080258552148356
0.184454	18.677225770308326	6.101351601059677
0.184753	25.07350644257741	6.089548661915149
0.185051	24.368270588235248	6.054847776926632
0.185349	20.620278431372583	6.101173015327035
0.185648	21.432573109243833	6.035810077120964
0.185946	17.391438655461968	6.091393448951462
0.186245	15.780454901960184	6.062885636392665
0.186543	13.347296918767881	6.008291640383643
0.186842	26.249002801120014	6.09194978786836
0.18714	18.29754173669471	6.011923972827727
0.187438	11.151455462184572	6.029292596083772
0.187737	26.807289635854374	6.050726052504547
0.188035	18.425101960784787	6.0100276665643095
0.188334	24.76955350140031	6.080074918048859
0.188632	9.072733893556517	5.957841289756296
0.188931	16.654496918767165	6.034370437204009
0.189229	20.412057703081246	6.035050609612585
0.189527	11.438380952380953	5.983264330870072
0.189826	26.677405042016176	6.004934270368391
0.190124	14.754506442577338	5.969696757578976
0.190423	18.842249299720493	6.0241822637166855
0.190721	20.037443137254627	5.960738327591554
0.191019	26.665247619047534	5.982105391613563
0.191318	11.82402128851578	5.99836716090067
0.191616	16.736780392156447	5.9388166388448855
0.191915	19.759113165266058	5.99275416744466
0.192213	19.159341736693705	5.931774337834284
0.192512	11.630349019607706	5.94579600411061
0.19281	29.21870700280124	5.931718823953647
0.193108	16.83499775910377	5.924673001487012
0.193407	14.062068347338936	5.945255371954187
0.193705	15.644815686274285	5.888958918626982
0.194004	18.531978711484385	5.932854532990113
0.194302	21.359103081232433	5.948965565010513
0.194601	16.605440896358914	5.890370014646258
0.194899	18.507157422968987	5.914105019745241
0.195197	12.307652100840016	5.8562599645565205
0.195496	6.328226890756241	5.930743196767732
0.195794	21.033006722688583	5.894530144815078
0.196093	2.4716661064417167	5.878701918055137
0.196391	9.05064257703117	5.916248874450854
0.196689	16.75732100840264	5.902038502622346
0.196988	8.461529971988568	5.915507195587959
0.197286	15.783018487395282	5.867309362440278
0.197585	21.78615798319356	5.876837414317217
0.197883	17.781265546218492	5.899534724398712
0.198182	17.46496022409019	5.9109515000724
0.19848	14.411573109243818	5.8794658032052975
0.198778	13.802315406162506	5.849530182899745
0.199077	14.033680672268929	5.874670648015806
0.199375	12.892035294118216	5.870195939281077
0.199674	17.383178151260665	5.886240873485774
0.199972	15.654682913165061	5.83167532859298
0.200271	16.14138095238104	5.862197267854877
0.200569	7.4927523809520835	5.862299180985761
0.200867	18.343534453781274	5.82183286686109
0.201166	13.884770868347402	5.854896462501385
0.201464	9.992257142857	5.823299363549638
0.201763	17.438126610644247	5.856019186078831
0.202061	14.237253781512038	5.844733027221473
0.202359	20.9273098039219	5.8208154284392455
0.202658	7.98648739495718	5.823473903625778
0.202956	8.553008963585853	5.795641677422115
0.203255	23.25687394957953	5.846541201211698
0.203553	22.65517983193206	5.828832574415308
0.203852	7.117117086835378	5.773550079548366
0.20415	9.495665546218675	5.838568348301784
0.204448	4.973104761904779	5.783478479081282
0.204747	11.51025378151246	5.775162330429601
0.205045	28.546527170868785	5.803970182076608
0.205344	17.570473389355072	5.775916841006103
0.205642	8.8849641456585	5.792070869254927
0.205941	19.20466330532207	5.778709487907911
0.206239	9.503081232493287	5.7852487524392995
0.206537	20.082439215686634	5.79404107119187
0.206836	11.178682913165119	5.857148404952408
0.207134	11.646057703080999	5.994142508028887
0.207433	20.039946218487614	6.025941653421186
0.207731	7.527605602241465	6.095909659334095
0.208029	15.630346218487432	6.143382030437866
0.208328	10.062693557423188	6.1487230413599905
0.208626	9.419742857142808	6.179835899896606
0.208925	17.18975350139999	6.164373329888868
0.209223	21.372946778712105	6.214806759519548
0.209522	18.234654341736984	6.239539508810738
0.20982	6.406076190475858	6.20889309188641
0.210118	8.864475070027424	6.2135168067963615
0.210417	19.410314845938785	6.261894670007607
0.210715	13.276373109243877	6.290052443914381
0.211014	22.150533893557167	6.259041772617148
0.211312	11.191236414564969	6.281277775538624
0.211611	16.691979831932713	6.290273293985806
0.211909	16.64103865546167	6.184144096300778
0.212207	7.640681792716748	6.070702284835965
0.212506	18.886895798319188	5.988096138636388
0.212804	6.880605602240166	5.959569936465041
0.213103	23.08537310924379	5.92731937447893
0.213401	11.759314845938036	5.941672138217058
0.213699	16.61992044817879	5.884683997963923
0.213998	10.017522128851226	5.879883881362905
0.214296	27.151555182072684	5.9202299819826685
0.214595	6.916582072828987	5.847760214124268
0.214893	9.51322296918704	5.863320978024077
0.215192	11.190780392156796	5.808474650284444
0.21549	6.316830812324383	5.848736233889623
0.215788	8.713379831932002	5.8628782515773175
0.216087	13.365892997199182	5.780667121231957
0.216385	9.34916470588206	5.826456930382962
0.216684	6.26099439775885	5.785271068337471
0.216982	14.096390476190379	5.8086229846259805
0.217281	2.8320470588241164	5.789054119883899
0.217579	28.393820728291246	5.792241035999657
0.217877	8.06577647058873	5.799877591377957
0.218176	14.266298599440006	5.7774751829724025
0.218474	8.312292997198938	5.773021277150175
0.218773	6.212300280111833	5.757871297766198
0.219071	15.298335014005318	5.766319597493413
0.219369	15.066848739496095	5.794912329657578
0.219668	17.24877030812337	5.731571309526173
0.219966	17.849466666666274	5.763931883156818
0.220265	11.859426330531733	5.709598819055254
0.220563	4.054734453781634	5.747964340122014
0.220862	18.14731988795529	5.764111242248374
0.22116	20.972923809524104	5.685204268085738
0.221458	12.556642577030743	5.728302377742286
0.221757	-5.063666666667075	5.678666675838757
0.222055	10.711073389356045	5.748967032561346
0.222354	16.238922128852096	5.692485582854995
0.222652	11.637932212885573	5.684545127078742
0.222951	23.934278991596614	5.710538348261835
0.223249	21.464313165266162	5.698572320626356
0.223547	18.16455126050471	5.725694928441847
0.223846	22.911233613445177	5.649178879927076
0.224144	9.635173109243738	5.672557070118999
0.224443	18.309067226891216	5.716398451704706
0.224741	23.416824089635497	5.647329787108768
0.225039	21.045110364145785	5.691611462148493
0.225338	3.567799439775854	5.6348576569191025
0.225636	18.235753501400325	5.654952571650722
0.225935	3.537528851539946	5.647629390285602
0.226233	4.50376582633055	5.620896101409399
0.226532	13.865556862744768	5.654578095447586
0.22683	10.11297759103627	5.619110774147734
0.227128	16.418280112044954	5.663840541381893
0.227427	6.940389915966421	5.60638858006321
0.227725	8.505295238094561	5.608998221213889
0.228024	7.912673949579414	5.648640787957596
0.228322	1.447963585434593	5.5860454048287265
0.228621	3.923287394958095	5.627599921277175
0.228919	10.8838565826332	5.570255897143403
0.229217	10.618617366947376	5.590286271809055
0.229516	16.27263585434207	5.627927046405428
0.229814	12.475389355742266	5.586518595405141
0.230113	25.27490252100847	5.602624736863062
0.230411	9.09795854341752	5.574472713557191
0.230709	15.711615686273888	5.618114839477447
0.231008	22.26173333333321	5.583916329577267
0.231306	8.844045938375302	5.552674741112086
0.231605	26.843051540616898	5.600155580524282
0.231903	5.062469467787025	5.534385017392516
0.232202	14.59777310924352	5.5832546316891465
0.2325	13.843626890756013	5.550306930513048
0.232798	10.515600560223675	5.562947982194774
0.233097	19.081057703081683	5.577400472765031
0.233395	10.33099495798325	5.531393937968975
0.233694	15.327379271708708	5.574651351899192
0.233992	8.979059383753167	5.504330641216861
0.234291	18.652454341736018	5.548540130401081
0.234589	18.15143305322067	5.535711325112849
0.234887	5.5606644257699145	5.508930352436796
0.235186	14.551045378151173	5.561159875374797
0.235484	16.52687114845918	5.5127838627482095
0.235783	8.91761008403364	5.523828328953629
0.236081	7.045236974789475	5.508648515514837
0.236379	16.234681792717538	5.514426783889766
0.236678	12.677988795517763	5.542954238415908
0.236976	9.160551820728244	5.466581463942612
0.237275	7.032343417367031	5.5301816770323615
0.237573	11.404591596638625	5.486696313469675
0.237872	12.085521568627655	5.484999004771608
0.23817	16.53802184873996	5.520110464315895
0.238468	21.870074509803885	5.491990614792732
0.238767	15.634708123249936	5.492799979935253
0.239065	5.757319327730954	5.4505485208292175
0.239364	13.922438655462201	5.485461182010746
0.239662	11.926562464986716	5.494704317460161
0.239961	7.494856022409522	5.486137081423301
0.240259	11.532260504201872	5.470713007590657
0.240557	8.948596078431308	5.4440031470716255
0.240856	14.165828571428278	5.469427193261575
0.241154	14.126695798319133	5.466238088058616
0.241453	5.506806722689248	5.455859967577801
0.241751	14.607461064425706	5.455064438993605
0.24205	11.90835742296997	5.455765134021721
0.242348	22.5360605042016	5.4728638090528285
0.242646	9.6118862745098	5.412602406327768
0.242945	15.979155742296598	5.44377088110512
0.243243	18.414736694677742	5.412397560569422
0.243542	3.288505882352979	5.435870090438471
0.24384	18.56831260504208	5.421476809980414
0.244138	10.4914498599436	5.363975698677641
0.244437	6.530504201680571	5.42127438095723
0.244735	11.064445938375798	5.408212047709274
0.245034	13.422532212885585	5.41190284645401
0.245332	14.568062184873156	5.401904265537328
0.245631	4.354143417367027	5.368411641965701
0.245929	15.901335574229734	5.415178202535589
0.246227	9.7657075630255	5.36738433017232
0.246526	-1.8788123249296973	5.397415604736065
0.246824	14.613140616246199	5.365790532922617
0.247123	9.992471148459288	5.371283768848851
0.247421	-0.379174229692012	5.417315970783419
0.24772	6.231445378151079	5.339290543078955
0.248018	2.979916526610964	5.389657127463584
0.248316	5.6530633053222346	5.366019486494704
0.248615	11.710919887954674	5.379594242020391
0.248913	9.113076750700202	5.395940178229756
0.249212	7.769522128851349	5.337142437633555
0.24951	1.7864515406154169	5.371833957470919
0.249808	12.899487394957987	5.361539959768548
0.250107	14.860002240896222	5.373612292091069
0.250405	13.678002801121067	5.368582680968107
0.250704	8.21103697478975	5.337087564970049
0.251002	17.81323417366906	5.379605565540175
0.251301	11.438526050420705	5.334902272066168
0.251599	4.937431932773109	5.3447389715249995
0.251897	22.707112605041573	5.359555009239467
0.252196	14.550993837534634	5.346435915962568
0.252494	7.508158543417096	5.373365528848907
0.252793	21.713721008403297	5.319103776676498
0.253091	10.007898599439784	5.3191580583597755
0.25339	5.786194397759061	5.318674846017838
0.253688	18.290203921567922	5.345091684011053
0.253986	12.033327731091958	5.341851456297931
0.254285	25.50111204481766	5.2957773681259726
0.254583	9.41982745097988	5.340011208678148
0.254882	9.952898039215938	5.312374911429979
0.25518	12.314447619047257	5.322820933131852
0.255478	9.699508683473539	5.312747178505928
0.255777	16.29608515406119	5.298168485314836
0.256075	5.346000000000117	5.312770180450498
0.256374	11.94329747899161	5.299902727336753
0.256672	11.443681232493361	5.297055542394837
0.256971	9.225674509804378	5.2956815492595135
0.257269	9.509863305321744	5.2809265752366255
0.257567	9.747213445378407	5.336179140052968
0.257866	6.773404481792227	5.267572677276698
0.258164	17.25050364145602	5.279387803083483
0.258463	12.786539495798195	5.289413456083473
0.258761	2.103807282913124	5.27229487285117
0.25906	7.300253221289381	5.2658961275159815
0.259358	8.322354061625106	5.256843614019774
0.259656	7.505710364145273	5.295026467458151
0.259955	20.03979495798319	5.2969264289485345
0.260253	23.06484873949529	5.261549502673576
0.260552	8.69298263305268	5.268908682725328
0.26085	16.997151820728504	5.244468926448505
0.261148	18.335388795518384	5.285157119396797
0.261447	12.1890778711483	5.266270844385161
0.261745	15.03549747899143	5.242994638620974
0.262044	14.886583753501839	5.235009240118677
0.262342	10.181156302520549	5.2634747037459695
0.262641	13.962323249299686	5.249902002158037
0.262939	11.338629131653022	5.228790582401476
0.263237	7.89010812324932	5.231690684710841
0.263536	16.18794957983198	5.206236467007161
0.263834	15.270773669467701	5.281446361908442
0.264133	17.218376470588623	5.22330703049102
0.264431	11.686693557422814	5.210837970644786
0.26473	15.485407843137011	5.263981576524167
0.265028	7.5262095238090865	5.199489542914389
0.265326	18.950429131653266	5.239279333580976
0.265625	18.293810644257462	5.191726843892024
0.265923	9.372404481792671	5.212955081277256
0.266222	15.031892997199066	5.237886751617008
0.26652	10.152108683473386	5.174255470249046
0.266818	10.989550140055826	5.228628145428285
0.267117	9.34860168067246	5.183123962873459
0.267415	8.541147338935104	5.21201354629257
0.267714	8.916038095238434	5.218747107944647
0.268012	9.745814005602256	5.159780503031696
0.268311	13.976921008403451	5.18547573466458
0.268609	10.494291876750026	5.17243089551223
0.268907	7.110435854341404	5.201828340976671
0.269206	25.909113165265296	5.198634249924182
0.269504	4.062927731092145	5.169232258516749
0.269803	23.015710924370296	5.200403483307966
0.270101	20.25137647058841	5.266056470998102
0.2704	7.814652100840078	5.355926119649016
0.270698	5.209734453781607	5.390400216433074
0.270996	4.289993277311339	5.424694096669677
0.271295	6.906225210083505	5.468900354701095
0.271593	14.752440336134214	5.473684612230182
0.271892	10.290312044817824	5.503624606416708
0.27219	18.99104145658356	5.4784395478497565
0.272488	2.905082352941406	5.515157501243751
0.272787	7.0285462184870084	5.535407751551389
0.273085	6.556308123249721	5.537395404111361
0.273384	2.2341114845943366	5.552717641955603
0.273682	3.386542296918549	5.552767316917598
0.273981	16.610749019608306	5.629785568365938
0.274279	7.5495378151254044	5.538080297354337
0.274577	17.8565204481788	5.723842497882453
0.274876	4.73519215686224	5.868234950744439
0.275174	6.246942296918405	5.8267014546187745
0.275473	8.454566946778357	5.978207704906326
0.275771	9.121406722689471	5.94114721777083
0.27607	12.30390196078389	6.106970890450819
0.276368	7.440863305322409	6.122843094349667
0.276666	35.277518767506706	6.177158812069577
0.276965	9.327598879551715	6.251445887389938
0.277263	18.53567282913133	6.219074433466668
0.277562	4.030122689075881	6.377124261826248
0.27786	15.148254901961025	6.356159865840779
0.278158	9.565918207283346	6.340526453174881
0.278457	8.896949579831244	6.4566346673399995
0.278755	10.904059383753406	6.39820231839141
0.279054	4.7202033613447725	6.514840097438112
0.279352	10.462027450979576	6.450506337593604
0.279651	8.235773669468358	6.501215692307251
0.279949	-10.46685210084064	6.537994379746169
0.280247	8.676614565825957	6.5506385299863155
0.280546	8.641242577030539	6.6329164850229265
0.280844	13.513934453781644	6.566568336873701
0.281143	0.7345921568628455	6.650704506116084
0.281441	19.732059383753437	6.685295670132813
0.28174	13.54027787114859	6.668011118899285
0.282038	-3.911805602241145	6.748864235303641
0.282336	19.349584873949368	6.688800315347031
0.282635	12.875912044818278	6.761519991031407
0.282933	5.1676571428572515	6.759200260652144
0.283232	13.380502521007429	6.79916551099118
0.28353	8.96860168067235	6.86135186130614
0.283828	16.28922913165269	6.788245371784204
0.284127	13.415248739495667	6.946900492385549
0.284425	23.08979607843071	6.843201814842526
0.284724	-3.033786554621827	6.9025177862924645
0.285022	17.358700280112203	6.975520650253514
0.285321	19.623135014005584	6.974043032967549
0.285619	17.175180392156904	7.00794789316371
0.285917	1.4869803921561697	6.949248456270363
0.286216	-0.7040722689075096	7.009239901552446
0.286514	7.095428011204206	7.008187218747038
0.286813	12.529612885154222	7.0413976261166
0.287111	15.004358543417027	7.083208252195337
0.28741	8.396795518207512	6.996613550358416
0.287708	23.098028011203837	7.069186673366499
0.288006	-0.9180638655459461	7.089173197932341
0.288305	4.665017366947097	7.108837680313571
0.288603	12.24147955182076	7.143650746174069
0.288902	16.25336190476162	7.183727083867607
0.2892	10.98601960784265	7.191298766694114
0.289498	9.97680840336102	7.160968505304655
0.289797	7.042148459383668	7.203858139846577
0.290095	4.039514285714745	7.231103782423766
0.290394	3.165026330532328	7.267272565467112
0.290692	11.190544537815299	7.266613795069104
0.290991	6.70148291316508	7.2663894223019545
0.291289	8.25138431372551	7.304787725851067
0.291587	5.9454722689071104	7.357310064140064
0.291886	2.164830812324965	7.36597422670735
0.292184	7.619371428570787	7.332323464841669
0.292483	13.915707002801128	7.410676754144672
0.292781	7.305950140055586	7.436687648741392
0.29308	10.536701960783716	7.423217350369065
0.293378	8.816368067226676	7.47799888667374
0.293676	8.804165826329893	7.4586600264876655
0.293975	7.24005154061615	7.547477874211905
0.294273	7.810321008402923	7.565014842535741
0.294572	0.38055182072724847	7.511823132358542
0.29487	4.707867787114992	7.562745904673691
0.295168	-1.4523742296915998	7.605794699615808
0.295467	11.327326610644377	7.618840711830089
0.295765	6.538523809523156	7.621006196312342
0.296064	22.590871708682982	7.594547522647257
0.296362	-2.480590476190798	7.735734614066503
0.296661	16.87398431372543	7.694674448349192
0.296959	4.502176470588211	7.709813613653338
0.297257	11.642033053221326	7.735599238219585
0.297556	0.34086218487431097	7.683068809724994
0.297854	9.008746218487147	7.8837113092488575
0.298153	12.387031932773311	7.762349027374916
0.298451	9.960403921568286	7.792604601358709
0.29875	-11.644376470588611	7.785856889979441
0.299048	23.19873781512598	7.869440926149514
0.299346	-1.2832795518212947	7.900376558117057
0.299645	5.604589915966756	7.819775355529412
0.299943	4.455571428571261	7.864079579377872
0.300242	11.273201680672571	7.931319902998833
0.30054	12.171956862744935	7.977467340474613
0.300838	20.59764649859943	7.955289743655124
0.301137	7.008397759103673	7.9277296911992865
0.301435	6.530807843137154	8.02630197142162
0.301734	6.3151064425767345	7.992552457574645
0.302032	4.7686565826327865	8.06046112781524
0.302331	22.714931092436643	8.068792561169658
0.302629	1.5337647058819925	8.090772768369735
0.302927	14.481802801120125	8.20161963880165
0.303226	14.683452661063825	8.041343002003794
0.303524	4.553328291316916	8.168522801508715
0.303823	17.798635854341853	8.17673650448707
0.304121	-0.6658840336129401	8.213730390518716
0.30442	-3.07858039215688	8.276626288894024
0.304718	19.617384313724813	8.12798623638409
0.305016	11.97076078431337	8.36034862792168
0.305315	1.5053619047614575	8.251498332976695
0.305613	8.192218487394882	8.398809077191775
0.305912	3.7861299719887143	8.269457001679225
0.30621	1.247742857143237	8.34553936776731
0.306508	1.5129428571424341	8.433524488089933
0.306807	2.6506128851548283	8.33086989617011
0.307105	-1.1351966386556	8.493342248868762
0.307404	19.197609523809547	8.39268014292109
0.307702	6.839360784313158	8.470956987279015
0.308001	17.245259943977373	8.644408049301859
0.308299	13.007966946778708	8.479580938176133
0.308597	-6.570976470587766	8.575435065870112
0.308896	13.659218487395037	8.502528050171316
0.309194	8.236964705882599	8.607033935613908
0.309493	15.65903473389369	8.63179162157089
0.309791	-6.233271708683787	8.564143191166814
0.31009	-5.935313725490232	8.714844292058936
0.310388	9.942663305321275	8.56055687563387
0.310686	16.237467787114497	8.712145398105447
0.310985	14.572551260504838	8.612416790261175
0.311283	-4.802122689075361	8.66091783044428
0.311582	13.255223529411353	8.793249172697768
0.31188	12.215388795518436	8.572328814891778
0.312178	31.950619047619284	8.783221187356528
0.312477	21.906659943977047	8.684079702228358
0.312775	9.401523809523837	8.76536778690175
0.313074	18.691568627451147	8.873675988737467
0.313372	18.804968067227037	8.720748323335279
0.313671	-1.8105775910365196	8.8675094962536
0.313969	7.461561904762561	8.78265144728062
0.314267	8.155281792717233	8.89716238338327
0.314566	10.065572549019635	8.904506719585054
0.314864	1.3740308123243494	8.905350413135562
0.315163	12.996533893557114	9.020394518342892
0.315461	14.164404481792303	8.902227606059327
0.31576	16.18132941176441	9.548475327329715
0.316058	10.598710924369357	9.001480906871832
0.316356	12.20621232492931	9.095554772681167
0.316655	8.546834733893434	9.147048645624663
0.316953	4.078728851540632	8.985208566904479
0.317252	-1.3604196078424025	9.145047514563572
0.31755	10.494352941176146	9.119565148054933
0.317848	6.373502521008163	9.21870487088453
0.318147	12.350228571428374	9.216487749295789
0.318445	-4.109087394957669	9.226246932061308
0.318744	15.459025210083439	9.306484028516808
0.319042	23.878273949579807	9.22038501171815
0.319341	4.0711708683477354	9.380827279455758
0.319639	26.366522128851955	9.32298887734193
0.319937	20.49617815126055	9.450800276583976
0.320236	4.420904761905149	9.414789441315811
0.320534	-7.878629691876142	9.316320704545692
0.320833	22.88248963585488	9.55666981576125
0.321131	9.681365826331216	9.362226383085604
0.32143	18.14358655462172	9.614991857256861
0.321728	10.046769747899305	9.565177100467704
0.322026	13.179520448179005	9.485670843781646
0.322325	16.763544537814994	9.740899682574657
0.322623	18.932900840336515	9.511852764979396
0.322922	16.6715271708685	9.778631583484714
0.32322	-10.069091876751486	9.611420394052844
0.323518	5.972546778711489	9.717527716361573
0.323817	-9.73564985994443	9.874251115607324
0.324115	1.152666666666562	9.587664006848284
0.324414	11.464591036414902	9.94564314309944
0.324712	-2.2220672268906583	9.764224525403272
0.325011	10.04128851540628	9.858632718511313
0.325309	10.300061064426131	10.095623597061765
0.325607	5.700142857142794	9.723454931952354
0.325906	6.3657170868347634	10.086468561306079
0.326204	13.494091876751213	9.919101468729819
0.326503	-2.3335669467780917	10.024360593221289
0.326801	31.179462745097624	10.147233468950446
0.3271	-2.2410246498606057	9.992503772295464
0.327398	-5.489836974789739	10.238983647924208
0.327696	-4.767736134454026	10.008933103052023
0.327995	-2.8369187675076546	10.190255539779107
0.328293	-4.128621288515717	10.192578355116213
0.328592	2.121097478991487	10.200276885503657
0.32889	21.200615686274205	10.530609643187791
0.329188	0.18195462184877442	10.139724793253354
0.329487	12.878591036414946	10.457459002699462
0.329785	6.839036974790247	10.254639556651124
0.330084	8.024945658263505	10.482348953846417
0.330382	-2.855583193277198	10.551713825623324
0.330681	20.20550924369843	10.391376383767298
0.330979	18.006317086834258	10.664858341624443
0.331277	11.235664985994163	10.427750518131191
0.331576	5.388125490196103	10.62506071366535
0.331874	1.3566991596641742	10.64922153437595
0.332173	6.148050420167976	10.64607189328538
0.332471	17.564887955181803	10.900647905542261
0.33277	25.99138991596675	10.596566135739764
0.333068	19.877019047619342	10.913797043730932
0.333366	25.106931652660762	10.782872635857474
0.333665	-7.406916526610416	10.881412548055593
0.333963	15.368396638655497	11.113424375934306
0.334262	12.050733893557037	10.74957237051799
0.33456	-7.942803361344488	11.077955634797586
0.334858	23.80605714285764	10.85998493216388
0.335157	-6.7444599439778585	11.18489317719864
0.335455	3.946417927170671	11.114153220142578
0.335754	3.1336453781514706	11.140169209410162
0.336052	14.716365826329536	11.392198982972026
0.336351	4.620577030812285	10.999371313452627
0.336649	15.74848403361301	11.42687711846511
0.336947	6.791145098038953	11.215409365387677
0.337246	32.436341176471046	11.450775383235479
0.337544	15.671038095237577	11.694715363093703
0.337843	20.53070588235272	11.145820295540823
0.338141	-4.133349019608374	11.644414579319447
0.33844	11.017654901960157	11.381490171448723
0.338738	20.12813165266067	11.681700082926769
0.339036	4.109179831932579	11.654525830395176
0.339335	-1.579657142856945	11.512270367480301
0.339633	31.199978711484846	11.94346173294722
0.339932	15.331142857142197	11.59732538988484
0.34023	20.90809467787153	11.916181966926047
0.340528	6.867435854341863	11.819076661729078
0.340827	32.07415126050364	11.922247033237486
0.341125	2.821806722688791	12.162844057887645
0.341424	12.974151260504243	11.832286828793734
0.341722	8.552398879551504	12.170634490518673
0.342021	9.253488515406616	11.884930313754804
0.342319	0.2647103641453441	12.219594727737768
0.342617	-0.003973109244270745	12.360994427374761
0.342916	22.41751540616292	12.104084130050945
0.343214	29.533052661064687	12.518914436156424
0.343513	16.022798319327478	12.086308967754409
0.343811	1.430151820729293	12.452134674685864
0.34411	22.419566946779526	12.296651183876193
0.344408	6.82347338935557	12.366103234344493
0.344706	5.669086834734003	12.559883134272061
0.345005	26.610161344537744	12.168237568482756
0.345303	27.50180784313727	12.584425864358657
0.345602	14.499000560223578	12.180321461174357
0.3459	11.154681232492862	12.408697624622736
0.346198	32.93617647058795	12.695297532507086
0.346497	8.892640896358444	12.136129905003788
0.346795	8.152331652660791	12.614413940590785
0.347094	4.406710924369861	12.257109495469713
0.347392	-2.3515540616244834	12.692417171791861
0.347691	7.613265546218315	12.639142566575988
0.347989	27.32734789915952	12.634561316610366
0.348287	1.3017557422969617	12.973439058657071
0.348586	-1.4647350140054982	12.448221011703001
0.348884	-5.456718207283302	12.9609436094041
0.349183	17.001646498599428	12.778682485751805
0.349481	9.330192156862722	13.085934507033745
0.34978	-8.274388795518348	13.309932683547078
0.350078	-4.698219607843441	12.543167651838367
0.350376	20.134056582633093	13.493138438110694
0.350675	14.551542857143431	12.970426951831813
0.350973	-24.37265546218441	13.3992495697232
0.351272	23.608362464986214	13.551878690026982
0.35157	12.757050420167957	13.115165933486391
0.351868	17.48359999999991	13.861439178030981
0.352167	17.339165266105567	13.132871734205017
0.352465	18.32634453781509	13.812421701573136
0.352764	6.2220235294114445	13.474041085656665
0.353062	13.067864985993651	13.811803566867715
0.353361	13.500742857142995	14.120654773755136
0.353659	38.70602016806686	13.554721895408852
0.353957	18.762126610644714	14.243118940005548
0.354256	-16.209374229692344	13.75914206879823
0.354554	-8.668024649859944	14.114127650018684
0.354853	22.669914845938024	14.608648630886396
0.355151	3.0874173669465677	13.684287256797983
0.35545	11.181300280112225	14.549938172695182
0.355748	12.25688683473436	14.002187473821888
0.356046	9.648565826330469	14.74332045736202
0.356345	6.394750140055692	14.605872559170157
0.356643	24.74126946778739	14.410457648819435
0.356942	33.09732885154091	15.331725281183049
0.35724	6.110985994398277	14.262645530677599
0.357538	17.177573109243838	15.201601464590286
0.357837	-13.128759103641414	14.746710407924574
0.358135	17.406935014006137	15.125912654314908
0.358434	12.994238095237733	15.6813980497218
0.358732	-2.104308683473448	14.527239835344623
0.359031	-5.653377591036133	15.80667001261297
0.359329	-9.589998879552013	14.97040328701803
0.359627	20.262491316526337	15.70224820588491
0.359926	8.414369187674708	15.842381890021295
0.360224	32.68421400560214	15.566276227930903
0.360523	40.545791036414585	16.345375220173395
0.360821	20.14509355742291	15.374671308936776
0.36112	5.658851540615899	16.415097221769965
0.361418	-0.20141344537876193	15.954986901809962
0.361716	-1.900695238095409	16.19477363380794
0.362015	13.422691876750719	16.980033116207558
0.362313	51.88856358543376	15.82280115357246
0.362612	24.993432492996135	17.1457456438574
0.36291	6.56300280112049	16.306077078532518
0.363208	28.809656582633068	16.985727963761338
0.363507	50.361295798319645	17.49306407695199
0.363805	3.1286168067222775	16.422206539934013
0.364104	26.47103641456596	17.823703112278682
0.364402	20.465321008403805	16.66484050783385
0.364701	26.39361512605035	17.784288022049253
0.364999	0.7090549019605419	17.699466496971937
0.365297	1.9935535014005268	17.47874061440039
0.365596	12.66131932773078	18.86655033242094
0.365894	12.458309803921281	17.067418685641265
0.366193	-1.5851389355734113	18.760791264810177
0.366491	8.499119327730398	17.90394614578813
0.36679	10.958640896358531	18.66152126952197
0.367088	-7.234105882353674	19.56624281654203
0.367386	19.41476190476152	17.70920567650277
0.367685	-0.7836296918767971	19.85819932496908
0.367983	0.6266140056027325	18.239816826917842
0.368282	36.295920448178265	19.795220575339066
0.36858	4.231611764705576	19.68142063181911
0.368878	6.256969187674883	19.21988894841209
0.369177	-3.26824705882359	20.864151457620984
0.369475	23.126588795518614	18.994608372918258
0.369774	-32.586369187675075	20.976071187473856
0.370072	19.402941736694572	20.08578662801408
0.370371	2.5869613445374284	20.797840409336924
0.370669	25.128709243697358	22.452498113396494
0.370967	-7.891610084033687	19.774045201272155
0.371266	-5.3043871148463495	22.19458291287505
0.371564	-12.113723809523833	21.055201339858375
0.371863	7.430550140055914	21.91085264869022
0.372161	13.699675070027979	23.500114287951885
0.37246	3.4614324929970053	20.964621401988055
0.372758	-22.244581512605635	24.855741108570655
0.373056	14.057449299719167	21.351640773298364
0.373355	10.7312095238089	24.41920841288553
0.373653	17.01337086834741	23.158498625793232
0.373952	41.50033557422972	23.672802650654944
0.37425	24.058992717086767	27.167810824112397
0.374548	41.825757983193625	22.155906189263504
0.374847	37.49944873949545	27.744711886722424
0.375145	9.32239047618964	23.749064109632812
0.375444	-5.33331092437038	27.072337050621798
0.375742	8.573844257703342	29.076407753777453
0.376041	25.05605266106386	23.85622894450167
0.376339	-0.19344425770270846	29.35850134147547
0.376637	-3.4430375350140707	25.66333706736934
0.376936	35.20851092436999	29.848553415401593
0.377234	-4.885233053221896	28.244735964492982
0.377533	32.69999103641425	29.215399363903142
0.377831	36.06218039215719	33.967329175465835
0.37813	5.038071148459835	27.0584208554178
0.378428	-26.583515966387097	34.21018440464694
0.378726	-3.3822862745100224	30.044412315731165
0.379025	-18.170024089636172	33.71605480771794
0.379323	19.940210084033367	40.47776655095391
0.379622	-0.7364403361341942	29.587785556558828
0.37992	-1.6651871148465602	42.05252225435265
0.380218	-9.05832380952404	32.764010872413124
0.380517	29.52887619047658	42.42172956502988
0.380815	35.32900392156847	40.4631025334034
0.381114	-43.384814005602266	38.76334280756548
0.381412	-43.260059943978035	51.334106762445685
0.381711	-44.644912044818454	38.19911010694808
0.382009	-21.32608739495737	56.55790109095445
0.382307	-3.4231417366950723	46.11109948281047
0.382606	86.54396694677928	57.68855091863736
0.382904	0.	0.
0.383203	38.99669635854366	53.46005742987338