0.00540153	172.1827514231427	469.6711503612496
0.00569995	680.057685009524	265.0857767390502
0.00599837	684.3352371916717	225.95956800666684
0.00629679	549.9063377608718	195.32142405529228
0.00659521	967.6712713473125	180.9585538388705
0.00689363	410.8827134724879	158.39430232820825
0.00719205	528.839791271339	141.94526554771258
0.00749048	419.5873624288606	132.26919614961835
0.0077889	247.51130929792907	118.91293165521915
0.00808732	531.6107020872846	111.31049819317212
0.00838574	399.1212523719355	100.5702291763573
0.00868416	555.5640227703816	92.92869970410915
0.00898258	634.5995066413593	87.32727086439654
0.009281	487.4717836812124	79.40919758725049
0.00957942	490.9296982922183	75.5957488315768
0.00987784	462.00742884250644	69.7340767469447
0.0101763	478.9103624288407	66.1600770199889
0.0104747	463.86637381404284	62.46924622938241
0.0107731	499.6600303605294	56.99955255055636
0.0110715	429.25983681214234	55.44438100105806
0.01137	495.5302352941169	51.96430240630631
0.0116684	486.2347039848237	49.799032704688514
0.0119668	479.10366603415696	46.69009057935898
0.0122652	335.23700379506124	44.45576836822151
0.0125636	382.54577039848186	42.947953215738664
0.0128621	425.707206831122	40.337500933118974
0.0131605	472.28936812144525	39.18366546728273
0.0134589	506.7558804554062	37.30285280384193
0.0137573	433.400878557876	36.17379587869091
0.0140557	464.29610815939384	34.774514909476935
0.0143542	466.7204952561667	33.13589433966277
0.0146526	388.0670113852	32.23969354031681
0.014951	400.05476850094624	30.773938764182997
0.0152494	456.3652960151785	30.449919943554804
0.0155478	385.7717703984841	29.309382801526212
0.0158463	430.8429677419366	28.099474381616538
0.0161447	399.53542694497	27.62510360682692
0.0164431	444.09643643264076	26.634906118622
0.0167415	423.807409867174	25.99245262097108
0.01704	443.4173036053113	25.9266659781372
0.0173384	379.62634914610817	25.546488885783017
0.0176368	422.6545066413672	25.532335719913807
0.0179352	419.2224762808334	24.861887391081037
0.0182336	407.43972675521917	24.577893872680693
0.0185321	394.4287248576859	24.405211078186436
0.0188305	399.0226318785574	23.95803488279874
0.0191289	417.25511195445904	23.909657444135583
0.0194273	361.3421100569272	23.752414560154328
0.0197257	348.6735028463005	23.857362100321247
0.0200242	403.9409601518008	23.849439980486324
0.0203226	363.3149070208742	24.187023726848025
0.020621	341.93427134724857	24.067104411665532
0.0209194	371.62751802656516	23.725216134822578
0.0212178	349.7704307400369	23.95174726638607
0.0215163	355.58033965844317	23.836709404892225
0.0218147	355.8343870967724	24.006033500370336
0.0221131	391.8340834914605	23.05811946221348
0.0224115	388.23508728652683	22.30531058126712
0.02271	363.8109165085376	22.0082720868837
0.0230084	353.94760151802586	21.66248268456646
0.0233068	347.4182485768503	21.52340833327121
0.0236052	354.63933017077863	20.68888530302619
0.0239036	312.1334516129025	20.872283954788916
0.0242021	309.48855787476305	20.41310165626858
0.0245005	323.68031878557815	20.30303032965597
0.0247989	333.8887020872846	19.771268615682793
0.0250973	310.2283643263749	19.74706040103993
0.0253957	336.1732675521831	19.44270032660103
0.0256942	303.55531878557724	19.230825223986788
0.0259926	312.977933586337	18.934020606979807
0.026291	315.19061290322696	18.70333049991465
0.0265894	314.6715237191644	18.550962237425797
0.0268879	317.41302277039904	18.373531717380516
0.0271863	312.4191574952589	17.93954575879375
0.0274847	315.29787286527494	17.847385381988627
0.0277831	300.6525578747613	17.611915587425468
0.0280815	317.41631688804546	17.366913143232487
0.02838	306.57358444022736	17.396325296174158
0.0286784	275.62321252371976	17.147226157525722
0.0289768	267.7384497153693	16.850343295200474
0.0292752	273.41465085389143	16.78295153080702
0.0295736	285.9029582542688	16.688390161249522
0.0298721	272.86607020872805	16.4780118838012
0.0301705	272.73247438330156	16.441919213221915
0.0304689	295.0599335863373	16.407172534515862
0.0307673	275.1900322580653	16.36106013943022
0.0310657	258.67455597722994	16.01653090726485
0.0313642	244.5962239089191	16.151416838950734
0.0316626	227.07246869070133	15.992573039859561
0.031961	223.5005332068313	15.853130585729678
0.0322594	250.7014497153699	15.812266284900563
0.0325579	234.74790702087333	15.786607662737152
0.0328563	257.6495256166993	15.631125460168121
0.0331547	223.40267931688885	15.57294781630644
0.0334531	206.05447817836676	15.490590151976763
0.0337515	248.31061290322495	15.486648035559993
0.03405	215.52026565465084	15.384101256930371
0.0343484	234.2240588235279	15.239140764104222
0.0346468	237.54755521821764	15.26241808052256
0.0349452	242.75043453510492	15.08154233398349
0.0352436	223.15562884250483	15.051522553687652
0.0355421	251.5529235294106	15.094448518705919
0.0358405	224.6693225806456	14.883526696462397
0.0361389	223.50973434535035	14.930890276857408
0.0364373	221.12762979126998	14.779865765852074
0.0367357	206.6391994307402	14.758552997845761
0.0370342	232.0767119544587	14.700647764690128
0.0373326	193.05941347248563	14.444665187816389
0.037631	220.53768140417446	14.687054149063222
0.0379294	189.04767893738097	14.435252878739615
0.0382279	196.85065066413614	14.498092520544906
0.0385263	180.26350872865322	14.356154196309681
0.0388247	204.18944250474283	14.208256441006577
0.0391231	207.62682087286478	14.426941845888946
0.0394215	191.42360265654673	14.202675820892056
0.03972	192.8478834914604	14.15158962560943
0.0400184	168.59549563567285	14.068345541996313
0.0403168	201.2397776091079	13.925148454905798
0.0406152	185.57114345351053	14.044415083069767
0.0409136	158.46609506641371	13.937057212223035
0.0412121	204.27993605313048	13.96206009116387
0.0415105	183.53516774193565	13.8893488449903
0.0418089	177.6970950664152	13.779635295894167
0.0421073	182.4915656546493	13.683157794100424
0.0424058	176.90388444022702	14.00603867580287
0.0427042	170.8483593927896	14.293572307322393
0.0430026	176.98178576850069	14.350342589378911
0.043301	161.69804762808255	14.568084853206264
0.0435994	174.57895578747554	14.421075961852162
0.0438979	148.85155863377648	14.405891764502815
0.0441963	168.12961745730817	14.635326719397973
0.0444947	164.20415199240907	14.673767250622799
0.0447931	160.4961222011383	14.788200433100467
0.0450915	149.01902182163084	14.622554476781293
0.04539	146.42664459202976	14.763901191082027
0.0456884	126.37489772296107	14.722604801863985
0.0459868	131.22926925996083	14.83395377769775
0.0462852	137.58458235294228	14.819957790167495
0.0465836	137.6495485768504	14.821895263671005
0.0468821	138.01528652751415	14.878558287899043
0.0471805	153.99135958254263	14.835618249389263
0.0474789	166.86200341555903	14.706705641797326
0.0477773	155.15043263757036	14.792503130802578
0.0480758	144.36483908918433	14.650765022770285
0.0483742	133.9134117647059	14.748678332360278
0.0486726	134.20210455407798	14.666414595695766
0.048971	141.52612599620468	14.791021600051842
0.0492694	129.877514800758	14.581588379560662
0.0495679	148.31805787476313	14.514747924706516
0.0498663	122.9223079696402	14.705587516635973
0.0501647	121.12531897533216	14.507354984155272
0.0504631	125.76281157495302	14.706989258684551
0.0507615	149.85469127134806	14.590150421752972
0.05106	145.85877988614754	14.486371468745814
0.0513584	116.40097647059022	14.515387258542379
0.0516568	114.18690303605203	14.399599626896121
0.0519552	97.52320531309209	14.610840302853305
0.0522536	114.66958709677328	14.459231341002102
0.0525521	113.78077741935499	14.32159944070088
0.0528505	122.9905148007596	14.468234966800296
0.0531489	105.78094724857664	14.287999875034627
0.0534473	129.91017172675683	14.47563797339734
0.0537458	114.08424611005728	14.24737559517551
0.0540442	83.53468633776188	14.322990932474513
0.0543426	102.07921802656429	14.319828291736128
0.054641	116.24161081593854	14.147618833260994
0.0549394	104.6159223908937	14.40390220096677
0.0552379	105.68045388994449	14.165384798530814
0.0555363	111.66109715370126	14.24395462794095
0.0558347	106.26181726755249	14.256453302755983
0.0561331	92.39689753320576	14.050544944401471
0.0564315	120.32952201138414	14.24975075220843
0.05673	106.57672884250474	13.96791362090699
0.0570284	104.11521859582564	14.135468604914603
0.0573268	84.49200075901274	14.024805326277832
0.0576252	106.80701404174556	13.997382349585086
0.0579237	88.04215559772203	14.092043412677663
0.0582221	100.91101005692494	13.957772131357803
0.0585205	91.21746129032104	13.99923821436278
0.0588189	96.14820569260033	13.958024716108593
0.0591173	106.92207115749554	13.972537350179667
0.0594158	80.74836812144184	13.937294045624812
0.0597142	111.65504743833154	13.859141766871408
0.0600126	91.37938273244941	13.924525413622248
0.060311	105.06182447817736	13.828332221287177
0.0606094	98.76681783681207	13.743643702276476
0.0609079	83.71306299810314	13.839604434050235
0.0612063	85.3594189753315	13.675197780283511
0.0615047	95.37224440227604	13.841214538572956
0.0618031	65.85702485768564	13.70397756638318
0.0621015	101.83730607210663	13.629532879147954
0.0624	82.10138254269339	13.727638820801888
0.0626984	91.7151222011384	13.711652381482438
0.0629968	87.69725199241037	13.692366562760123
0.0632952	91.04405844402265	13.600263935514961
0.0635937	101.82285882352858	13.673460954952505
0.0638921	88.30693946868976	13.555702528356314
0.0641905	94.3643743833023	13.638406089768315
0.0644889	96.01215502846287	13.529872440867145
0.0647873	63.76181499051427	13.513422270231235
0.0650858	73.53784345351144	13.516204785095537
0.0653842	87.54703908918415	13.47663109188219
0.0656826	61.15675806451591	13.627426303629168
0.065981	68.23850664136543	13.402782928797668
0.0662794	75.78575958254177	13.377532437266712
0.0665779	80.09579335863307	13.455780769614794
0.0668763	85.98084231499044	13.31151465321819
0.0671747	66.73629146110102	13.459430197650489
0.0674731	85.15450436432744	13.334981395734763
0.0677715	78.59327096774095	13.305104015684293
0.06807	59.06337020872769	13.44698503085136
0.0683684	63.381460151804134	13.166090486936438
0.0686668	87.41845863377605	13.358686462879223
0.0689652	79.41073434535184	13.209633269921902
0.0692637	81.3485584440231	13.243330899296426
0.0695621	72.08966356736312	13.235448596497505
0.0698605	70.0746552182163	13.121032116347829
0.0701589	78.39509810246795	13.308885835906729
0.0704573	56.72458614800689	13.128845281890008
0.0707558	68.62090796963898	13.20035487882279
0.0710542	74.6518462998101	13.115707033982481
0.0713526	61.945121252371536	13.047308824347564
0.071651	68.84246318785671	13.174084449608802
0.0719494	67.3674284629972	12.977313214128113
0.0722479	81.12556489563488	13.082337906058415
0.0725463	70.80649278937301	13.111112741540927
0.0728447	62.95386185958208	13.014112928398989
0.0731431	41.68833396584233	13.042574891550728
0.0734415	74.35536925996331	12.875812103630754
0.07374	55.78245332068235	12.949409451779871
0.0740384	47.8857667931679	12.92445038262292
0.0743368	64.26655388994135	12.9927420851111
0.0746352	91.27263149905104	12.944273478083295
0.0749337	76.37880891840652	12.86731356018382
0.0752321	38.842892220115175	12.919120618752995
0.0755305	54.41829506641369	12.856732430307925
0.0758289	54.45447685009398	12.799272260913904
0.0761273	60.368213472486474	12.856558461240915
0.0764258	76.55043491461043	12.835215691307045
0.0767242	49.32475920303503	12.830016885080367
0.0770226	69.24581840607246	12.685318682209244
0.077321	64.2742075901323	12.809097364911358
0.0776194	40.993513851991565	12.732699330997303
0.0779179	39.55781499051227	12.729030587328126
0.0782163	58.21290721062567	12.666736677315182
0.0785147	29.82554952561685	12.594232167322817
0.0788131	51.854605313091895	12.70558299012985
0.0791116	68.12165673624293	12.636323464921189
0.07941	49.40614155597615	12.708308372835203
0.0797084	35.39086736242837	12.622511847064162
0.0800068	56.54133927893781	12.639692397876654
0.0803052	59.85640721062694	12.95564839579725
0.0806037	37.750129222011	13.073466060779335
0.0809021	87.72993757115614	13.424512336210201
0.0812005	70.10183681214471	13.393968956811882
0.0814989	67.57980170777884	13.635773571573125
0.0817973	38.912677798861495	13.898181019218137
0.0820958	64.84455882352876	13.769156185934017
0.0823942	41.07221650853873	14.07779791937704
0.0826926	49.203801328272334	13.951258289432255
0.082991	57.62663833017214	14.078789743400822
0.0832894	43.949637381405324	14.037590813875195
0.0835879	33.474135483869674	14.030481733543349
0.0838863	52.125446489563956	14.330579056485647
0.0841847	39.34610151802673	14.040893664398757
0.0844831	74.50006470587994	14.348740246752474
0.0847816	53.83560417457403	14.147616117145919
0.08508	47.081935863377424	14.307028284576866
0.0853784	73.9190001897515	13.970454498711419
0.0856768	56.92727836812054	13.472696886898675
0.0859752	44.28397817836995	13.44981371565057
0.0862737	56.88493168880541	13.03481617323366
0.0865721	37.00510455408036	13.078440127136174
0.0868705	28.859199240986868	12.983385951973068
0.0871689	58.6763582542693	12.802830579808594
0.0874673	56.73129373814035	12.822949956497567
0.0877658	54.96490227703873	12.686613725973828
0.0880642	34.49087058823537	12.637364354833522
0.0883626	42.14680777988576	12.71129191919326
0.088661	62.476775332068115	12.567260986691988
0.0889594	55.018952182164185	12.783387778408633
0.0892579	38.563026755217464	12.467168405594538
0.0895563	48.48993700189652	12.55508216549176
0.0898547	66.07316888045517	12.592147360044898
0.0901531	71.58581764705986	12.486195739644987
0.0904516	40.90994402277161	12.507145884746627
0.09075	52.86419696394759	12.368587465934564
0.0910484	37.74915218216165	12.481161646771147
0.0913468	34.72447514231476	12.409841885690895
0.0916452	29.674735104362497	12.355913358963214
0.0919437	49.33775483871088	12.435662402091905
0.0922421	50.61423244781807	12.297594419975614
0.0925405	44.34389468690796	12.398029723461962
0.0928389	43.022967931688925	12.29257793430234
0.0931373	47.46960018975443	12.296850133797179
0.0934358	28.825469829221504	12.191427164669491
0.0937342	45.51557419354779	12.276285267258768
0.0940326	40.04152277039864	12.240759595483755
0.094331	23.967618595825968	12.207458072764595
0.0946295	17.05172599620468	12.207599538314344
0.0949279	26.697358254270114	12.141638373808277
0.0952263	35.989587666033316	12.180286755874539
0.0955247	27.91575199240995	12.08249343522157
0.0958231	27.332035863377655	12.108024940217827
0.0961216	21.676356166983624	12.066571932138629
0.09642	22.714209677417898	12.021704271876903
0.0967184	28.85702296015154	12.10835725486645
0.0970168	28.249999999999034	12.026986050583623
0.0973152	24.203612333966618	12.009257519942334
0.0976137	70.67940721062726	12.0486828982663
0.0979121	32.82178633775999	11.94829679099776
0.0982105	19.905012523718995	12.030853070210341
0.0985089	54.20194990512243	11.894791639941433
0.0988073	39.75694724857746	11.912755943303857
0.0991058	26.727809108158453	11.970712174183092
0.0994042	37.94275901328163	11.93067963702001
0.0997026	28.532219924098854	11.909289636574387
0.100001	40.864744781783315	11.781580364818812
0.100299	28.55594269449611	11.902407682877495
0.100598	19.581948197342598	11.874797942064156
0.100896	40.014089753320405	11.812248438448755
0.101195	38.23083168880544	11.850820373159674
0.101493	38.0026950664147	11.755006348221691
0.101792	37.45992789373659	11.82343699766748
0.10209	21.99322751423125	11.834081132434362
0.102388	36.01785104364325	11.72328662278529
0.102687	24.008764136621465	11.782207205260931
0.102985	21.054567931687558	11.698540937983521
0.103284	37.62255085388773	11.768786051443605
0.103582	27.52582884250387	11.6455036574312
0.103881	7.584103415560293	11.643184091888442
0.104179	16.298096963947728	11.71279814998691
0.104477	29.742769639469344	11.650784143999136
0.104776	33.53504383301669	11.613544251911284
0.105074	33.480525047439755	11.572021877155159
0.105373	14.354330360530696	11.649388538148838
0.105671	2.072779316887221	11.53926955532662
0.105969	22.87897874762905	11.642599310075346
0.106268	19.783498671727244	11.576499424716836
0.106566	41.67701480075934	11.504746465842665
0.106865	17.216361859582747	11.579616528755114
0.107163	31.332802466793908	11.542591192386821
0.107462	4.73857096774239	11.503554643826893
0.10776	34.258223908919376	11.470005321638785
0.108058	39.32055559772323	11.488910825334626
0.108357	-0.47312941176571144	11.499154321886106
0.108655	34.23709905123161	11.39976769013885
0.108954	32.458351423149736	11.463514085212232
0.109252	40.057986717267084	11.474860479613483
0.109551	30.619745730549397	11.483204800966421
0.109849	35.82886129032261	11.453204528221876
0.110147	27.715519354838847	11.282111268960243
0.110446	26.869641935484907	11.392471313402275
0.110744	14.255393548385342	11.335569371807221
0.111043	37.68557381404136	11.384107021906248
0.111341	22.247348197343086	11.384407963308817
0.111639	31.72430170778057	11.255775688486036
0.111938	37.92194724857623	11.343684965334399
0.112236	11.700313092980252	11.294001736338688
0.112535	26.055412713473345	11.304828342510922
0.112833	26.559734724858686	11.281306714241753
0.113132	20.313040986718107	11.259927683074492
0.11343	39.00341555977178	11.3465777611435
0.113728	18.32860474383395	11.153361272296692
0.114027	32.344510815939316	11.247179120871806
0.114325	14.476992979125782	11.224379335560867
0.114624	16.167193927892356	11.224955741871222
0.114922	24.10416375711577	11.236874948601109
0.115221	13.94120948766627	11.11506406391312
0.115519	16.183842504744206	11.188714291061153
0.115817	32.198850664136955	11.200808884649044
0.116116	32.614243453509744	11.099684197130841
0.116414	30.15206166982992	11.162669219293411
0.116713	22.11311897533278	11.137938337776053
0.117011	1.9685574952541174	11.131010064170324
0.117309	10.535674573055047	11.100099589123232
0.117608	37.33447552182142	11.039066956312062
0.117906	26.418734345351282	11.104029511530001
0.118205	13.30031631878498	11.06703613775766
0.118503	23.497334914611088	11.104825937105945
0.118802	40.767242125236294	11.012969647091214
0.1191	19.058815559771602	11.005072330211043
0.119398	14.04463472485702	10.997938350021066
0.119697	16.69286944971404	11.021811995427191
0.119995	38.03533624288406	10.987485623640678
0.120294	12.075945920303042	10.92596164475983
0.120592	33.855105123339655	10.972834264299262
0.120891	18.621343833017505	10.995337604137017
0.121189	18.909277419355277	10.921187687895495
0.121487	18.74620170778016	10.918851079357202
0.121786	12.159480075900433	10.906367663373505
0.122084	24.76652922201083	10.969320737752021
0.122383	18.95131935483917	10.895738352625063
0.122681	12.593003415559707	10.866163253653092
0.122979	31.08169392789506	10.86607832022805
0.123278	42.20322087286547	10.909333400123735
0.123576	3.5969574952551397	10.908999983589677
0.123875	9.330543074004112	10.784737733923524
0.124173	8.130954459202684	10.84499102104821
0.124472	13.889284819734513	10.814341297744813
0.12477	12.252905313093407	10.8293304403133
0.125068	17.64728804554096	10.780365276252503
0.125367	23.046288994307957	10.743776748587532
0.125665	21.129042694496576	10.860233287867809
0.125964	16.804326375711724	10.786095089688263
0.126262	8.193035483873103	10.841780227074786
0.126561	-1.9026597722965732	10.697356268041666
0.126859	23.959915559771616	10.694320460976234
0.127157	30.278622960152006	11.080571414186107
0.127456	17.614689943073785	11.169035122578057
0.127754	-1.3155766603418328	11.42873824447638
0.128053	38.48366565464758	11.408558027198012
0.128351	26.276332068311206	11.615978731815288
0.128649	14.965676280835396	11.648723172400096
0.128948	36.27069316888068	11.549935568638976
0.129246	37.11752504743728	11.377502836605789
0.129545	14.830556925996206	11.153930789711309
0.129843	4.850730170777666	11.199417605430158
0.130142	3.7833946869073998	10.988941781698454
0.13044	13.530289753320659	11.021658384009262
0.130738	12.503045161290629	11.194385695894395
0.131037	9.521699620492683	10.980848325685063
0.131335	13.549597533205855	11.06889966769883
0.131634	10.922347438330462	10.93650836937418
0.131932	20.865979886146278	10.915390911426593
0.132231	23.40139127134819	10.997974765602894
0.132529	18.21877912713404	10.857791015248635
0.132827	26.690074003794138	10.873346056116345
0.133126	14.7404762808344	10.837839742032466
0.133424	6.698063946869155	10.890140789381766
0.133723	8.899137760910918	10.817515300942038
0.134021	13.95663339658455	10.74136592830609
0.134319	21.78942314990536	10.765272118572428
0.134618	14.558569639469283	10.65821627202045
0.134916	23.37729677419233	10.699312036011058
0.135215	19.015451233396305	10.655770352248263
0.135513	20.3596686907008	10.506249002591371
0.135812	22.457638899431345	10.655610586746217
0.13611	21.505586717268272	10.535921591910842
0.136408	15.019251802655731	10.537211351190107
0.136707	-0.48563833017240654	10.483432845205686
0.137005	-2.517863187856335	10.54714326458369
0.137304	14.330121062617991	10.55463999175416
0.137602	41.81669506641384	10.499584188795655
0.137901	8.842676280834638	10.505940375710145
0.138199	27.411086148007087	10.430975817711928
0.138497	18.562358444022777	10.513189662671211
0.138796	8.519952182162598	10.454910280893829
0.139094	14.226740607208939	10.446854159614016
0.139393	-4.507959392791321	10.419885602261912
0.139691	26.540498861479733	10.408802169147355
0.139989	1.7749368121425846	10.468577870929186
0.140288	7.761745351043743	10.338102670732402
0.140586	16.066840227704375	10.403783121165512
0.140885	14.354053700189127	10.442011427851616
0.141183	15.235022011385269	10.311865102407289
0.141482	25.69958102466842	10.39755595943087
0.14178	20.355784440226472	10.302169130297495
0.142078	11.159755787476513	10.350106875431546
0.142377	36.03836337760967	10.334404045629643
0.142675	17.935403225807534	10.356719083143682
0.142974	22.68801726755214	10.340416230115627
0.143272	7.967540227705285	10.259689687362984
0.143571	14.763396015179495	10.534699277739199
0.143869	8.938556166982323	10.705735101657185
0.144167	-8.205494876659714	10.823257124155315
0.144466	12.689972485768521	11.004140938600889
0.144764	21.662481404175082	10.979267838338501
0.145063	44.11264041745682	11.156409296160167
0.145361	-7.316746679317276	11.101527277019091
0.145659	15.830496584438691	11.151107571677942
0.145958	8.808575901328055	11.232284857706738
0.146256	11.347322960152724	11.19479908467532
0.146555	-6.356762808349572	11.30565540364922
0.146853	3.9967328273259284	11.143635822204093
0.147152	-0.6541609108165858	11.348660693053748
0.14745	13.133952561669275	11.331141411417198
0.147748	2.7335301707778115	11.31170169450478
0.148047	15.804692030359888	11.427623120931178
0.148345	17.5626292220106	11.2562797267875
0.148644	27.882964895634785	11.217604219610354
0.148942	14.645676091082152	10.825133089717045
0.149241	6.19653377609211	10.7131200924695
0.149539	13.497604743831744	10.679559239383934
0.149837	-4.194344402277608	10.54680030608504
0.150136	24.0652140417464	10.573300720344774
0.150434	6.063108728652367	10.41883685085643
0.150733	15.366598481974592	10.415063397686426
0.151031	22.298312144212673	10.459280561298561
0.151329	22.92216660341623	10.351078320709853
0.151628	3.78676242884211	10.357240721655781
0.151926	25.657883870968448	10.232911344417005
0.152225	8.633815939277838	10.299693360392682
0.152523	13.397913472485783	10.31221241043195
0.152822	19.364991840606365	10.268552191873782
0.15312	-9.042915939278373	10.216260259192389
0.153418	9.518065654648922	10.181804445299653
0.153717	1.43026223908862	10.269724791691502
0.154015	9.598761290321391	10.190139448708846
0.154314	25.450978557874606	10.225185216433324
0.154612	4.806253700190126	10.224733267144611
0.154911	-0.7125912713478044	10.241200877459784
0.155209	12.2252732447825	10.240110232358537
0.155507	15.596443074003048	10.138209057576525
0.155806	10.288164516128546	10.184619706164568
0.156104	-1.2606616698285222	10.154011795114544
0.156403	8.366630170778677	10.170801826142878
0.156701	23.804968500949002	10.145379577070472
0.156999	5.659800948767213	10.027094972909879
0.157298	22.84115559772289	10.184372286103711
0.157596	21.72908823529383	10.074955789700205
0.157895	-4.832840796963893	10.14837054794822
0.158193	7.789493168879602	10.059817513323393
0.158492	12.060494876659789	10.017881239858621
0.15879	22.909807969639076	10.120320109641462
0.159088	1.694909108158953	9.962080909262816
0.159387	32.799662239089145	10.091213246333284
0.159685	15.151673244782273	10.017755886180058
0.159984	-4.975103795064655	10.030937056887824
0.160282	2.9461975332070267	10.078288981493774
0.160581	14.640008349146427	9.910491918519742
0.160879	8.21864895635656	10.028710393285097
0.161177	5.2184531309298166	9.928068815140389
0.161476	6.821187286526822	9.975421886507583
0.161774	-7.868879696394515	9.998031097554732
0.162073	12.920780075901916	9.854111697988333
0.162371	10.932148197342286	9.99589671540252
0.162669	24.693974952561888	9.893489367700248
0.162968	20.70819373814146	9.929098057348021
0.163266	19.95970967741897	9.860894076726257
0.163565	10.68064402276903	9.918985770159136
0.163863	5.434362618594832	9.964750444631608
0.164162	20.693489563565493	9.801416417666356
0.16446	7.9903049335862875	9.895971388771553
0.164758	17.25145635673556	9.840678463310484
0.165057	18.958621821632562	9.864273282275835
0.165355	4.260895445921449	9.888617163476916
0.165654	3.3678499051238475	9.752675205241234
0.165952	14.548982352941522	9.824735802768489
0.166251	10.680331688803193	9.795997451665365
0.166549	2.613366413662277	9.828181552751712
0.166847	-1.4475151802673736	9.78637210148627
0.167146	-5.266018406072419	9.769501869704841
0.167444	10.606010436432882	9.83339515487815
0.167743	2.7265986717264923	9.73589199309826
0.168041	10.169389753321383	9.745639209866784
0.168339	7.436690322579693	9.724209209251468
0.168638	-0.38704155597770296	9.701132216128235
0.168936	11.872875711574693	9.830494103040115
0.169235	11.000840796964013	9.661120779566964
0.169533	10.190410626186264	9.692465683843682
0.169832	9.718449335863966	9.684973908045942
0.17013	31.161944212523593	9.755366699044345
0.170428	22.340067931689305	9.711508178088803
0.170727	-7.119446489562904	9.601432859461054
0.171025	14.183711195446165	9.707177991746244
0.171324	6.470900948766598	9.626338114154409
0.171622	9.786700569261484	9.687163515029255
0.171921	18.227348387096356	9.616917187283796
0.172219	7.707017267552345	9.614412007539487
0.172517	7.325916508540047	9.675812034439364
0.172816	-6.339910246678926	9.618671420439107
0.173114	13.040968690701362	9.619119828512614
0.173413	23.025044022769805	9.55032288669443
0.173711	7.166368880455565	9.5984561150299
0.174009	0.5956808349149867	9.661623669266202
0.174308	11.195597153700021	9.489558571834168
0.174606	16.072768690702333	9.636532690669068
0.174905	16.41610967742011	9.513014811583268
0.175203	-4.268789184060751	9.574485307904537
0.175502	-1.615340796964091	9.538706581686192
0.1758	-8.341169449715267	9.522913827469203
0.176098	8.374036622391543	9.5413627936879
0.176397	15.346752182163783	9.505773271091753
0.176695	10.056981214421086	9.570676957076103
0.176994	7.24974269449703	9.473063559066555
0.177292	14.515881404174706	9.507143972077586
0.177591	6.827979886148796	9.515707824786993
0.177889	-0.1267440227722716	9.432775246832227
0.178187	14.445285958254743	9.488810837883104
0.178486	7.551748576850628	9.457256766216172
0.178784	13.027246489563424	9.452532643921243
0.179083	1.5188582542690199	9.458947487595013
0.179381	7.287646299810859	9.469039965141885
0.179679	21.753249905123937	9.401047576269036
0.179978	11.356952182162132	9.4462816268511
0.180276	28.08991328273251	9.451111061053364
0.180575	19.780987286527818	9.455316920898724
0.180873	17.73166166983046	9.36691842254798
0.181172	16.26350436432773	9.425243346521576
0.18147	15.446497533208117	9.375391528613
0.181768	-5.738449335862725	9.394392465698619
0.182067	5.14566470588079	9.420825418573099
0.182365	-8.80694041745727	9.309392129344348
0.182664	13.142336053130208	9.390775663582158
0.182962	-0.5887548387096331	9.357175762035004
0.183261	4.164307779885945	9.378116740354693
0.183559	-1.0184296015184202	9.273556441335074
0.183857	-2.5657757115737923	9.338658794184395
0.184156	24.70258254269524	9.347406934983539
0.184454	9.564454459203375	9.351974728187235
0.184753	4.826406072105556	9.344015426977862
0.185051	3.400245920305025	9.267901498186633
0.185349	31.678755787475552	9.34422086578891
0.185648	12.365248007589855	9.248561809683133
0.185946	8.23860037950567	9.31939312652422
0.186245	7.34966375711636	9.295574348984347
0.186543	8.506784250475476	9.212071623129999
0.186842	13.359658254269107	9.332010255604096
0.18714	14.306596584440712	9.215211885743997
0.187438	6.333159203036303	9.263198863075639
0.187737	27.2194110056941	9.269748770190201
0.188035	13.059984819733756	9.215645218219969
0.188334	8.100900759014138	9.31584643131416
0.188632	8.819205692599468	9.15855615496922
0.188931	-4.726855407969737	9.24067681836945
0.189229	22.08691916508613	9.274941861412438
0.189527	-0.5361182163196077	9.194596484790626
0.189826	3.06880759013211	9.199028729632722
0.190124	22.38263396584486	9.153015707825315
0.190423	10.007629411764185	9.245203072269504
0.190721	19.767815749526676	9.150496808859927
0.191019	9.35646982922151	9.185798638505025
0.191318	2.88558406071985	9.194759776191171
0.191616	25.881524857683615	9.100786523687924
0.191915	18.634119165084826	9.195808230015018
0.192213	9.073483681214327	9.092581131977546
0.192512	1.1159278937374495	9.122721586851783
0.19281	7.22519829222108	9.080801791138509
0.193108	14.820335294116518	9.087458697805321
0.193407	7.123407400379307	9.122292006508362
0.193705	-0.7966066413666795	9.026485360954764
0.194004	-3.867727703986077	9.114511534558902
0.194302	-10.476910056926556	9.106237649360024
0.194601	12.049642314991047	9.044579369798653
0.194899	15.294963187856041	9.072591782644393
0.195197	17.412847058823218	8.99585655014903
0.195496	-7.081617457307203	9.07536409699507
0.195794	5.0826984819731535	9.024026087087485
0.196093	6.17756736242967	9.01905481987038
0.196391	-10.32921157495224	9.078053174090302
0.196689	5.335863187856091	9.047620712993405
0.196988	28.414844212522183	9.091779009158108
0.197286	-4.694148007590826	8.987211559513115
0.197585	5.825722390891883	9.016941251514218
0.197883	-2.713944212524808	9.032453005764385
0.198182	10.790802656546532	9.049159787488888
0.19848	5.240297722960321	9.027726208900635
0.198778	16.780820113852286	8.97331036756971
0.199077	-12.956960721064661	9.006193379072634
0.199375	-1.7405392789376606	8.992800479780298
0.199674	-2.948853889943308	9.001823454352833
0.199972	-9.60991119544559	8.930325470766608
0.200271	7.630664516128576	8.996893058412095
0.200569	1.5219565464902018	8.99874587855859
0.200867	12.795578747626593	8.917626472989664
0.201166	-6.937668500947467	8.969660921555217
0.201464	5.040062428843726	8.92697558015429
0.201763	12.818009297911601	8.997659813944914
0.202061	10.361001897532702	8.946024336577214
0.202359	3.030175711574117	8.91401587288158
0.202658	2.5064823529412195	8.935802207596947
0.202956	7.353070018974961	8.913833391303646
0.203255	2.225251423149075	8.932911508121933
0.203553	4.691017077799131	8.911597788751576
0.203852	13.611356356735627	8.857592035705244
0.20415	5.682065844401478	8.948233558037282
0.204448	13.187031119544201	8.873954288920276
0.204747	8.011883491461447	8.84258448760368
0.205045	-5.579954269450411	8.881180854572628
0.205344	13.449047058823282	8.844949541597503
0.205642	13.5311569259963	8.903409237613463
0.205941	-12.086726944971673	8.848902694157596
0.206239	-6.007046110056677	8.864056100402433
0.206537	-1.7999288425043858	8.87000154346673
0.206836	-1.1723850094882948	8.976664918993961
0.207134	5.279495256168474	9.181905404450024
0.207433	4.2592992409872465	9.218236144673098
0.207731	-6.207195445918359	9.353933377330732
0.208029	1.0495246679326442	9.40922642887806
0.208328	4.87044307400339	9.410369239837479
0.208626	7.714586148008067	9.46793429153983
0.208925	8.536096584441424	9.442226773200867
0.209223	27.500397722961054	9.50572612909282
0.209522	7.674390891840943	9.559157627013635
0.20982	17.685903984819618	9.515280944271073
0.210118	-0.5838379506647584	9.516001471159049
0.210417	-0.4708151802670102	9.590529406812434
0.210715	-5.377517457306311	9.608945287075239
0.211014	-8.51940948766483	9.560000318434424
0.211312	0.4004083491467725	9.618789646152887
0.211611	6.758241366224382	9.627547910407646
0.211909	3.7200182163185502	9.455524458516138
0.212207	23.693862808347603	9.312629428438402
0.212506	4.804868880456041	9.160199846206252
0.212804	4.812053130929286	9.12403162982908
0.213103	16.803399051231906	9.064912501242805
0.213401	15.03528311195339	9.084343783545973
0.213699	-4.194986907020564	8.996763594781003
0.213998	18.11194364326326	9.024088998147315
0.214296	13.893810815939105	9.041388774928208
0.214595	-4.642499051233386	8.984514669026424
0.214893	12.343114990513158	8.975115177631164
0.215192	-9.840926185958523	8.902580534948212
0.21549	22.99927115749469	8.984042945593266
0.215788	4.392984440226826	8.980089564353754
0.216087	-4.644969829221992	8.86728829572209
0.216385	-0.8462239089203649	8.920355903539006
0.216684	2.6724092979122815	8.863942216483828
0.216982	3.539911385199872	8.906083388477736
0.217281	19.817473055027932	8.901031819314731
0.217579	3.0702916508545286	8.835070394338665
0.217877	16.23975256167057	8.881929086588515
0.218176	10.134761290322984	8.836298456869363
0.218474	24.55520341555939	8.859786577035438
0.218773	11.275222580645732	8.80981371264636
0.219071	-8.175906641366169	8.798776535963977
0.219369	6.284965085389018	8.862150819417923
0.219668	-0.8997318785573327	8.767754975079503
0.219966	1.1672624288421218	8.801421878975233
0.220265	12.436736242885047	8.749262616468103
0.220563	5.802712333966014	8.812806988743652
0.220862	-5.040580455407877	8.812923226058876
0.22116	22.998330740038995	8.695534708215513
0.221458	17.478569829221442	8.777595660185309
0.221757	9.821137191651843	8.700599831046723
0.222055	-3.890330929791048	8.788805034338113
0.222354	-1.745369829221488	8.703514421469661
0.222652	4.779048766602756	8.697826678465496
0.222951	11.055434345351927	8.72907951686804
0.223249	10.740323529411597	8.688824331703607
0.223547	8.626871347248084	8.746408894043432
0.223846	7.1292244781786	8.629338192822393
0.224144	21.44552789373762	8.6914676706853
0.224443	7.131848766603355	8.736356898849214
0.224741	-6.096252182164079	8.627276905015323
0.225039	-11.172569639467298	8.67776556201225
0.225338	7.148934724859686	8.646443055782159
0.225636	9.185645161290239	8.66098976556982
0.225935	1.2717434535112204	8.644675254017566
0.226233	11.021233965844743	8.619484436398716
0.226532	-5.646478557874559	8.646683656904331
0.22683	9.221051612903182	8.589834994722608
0.227128	-4.132141176470725	8.643540368711726
0.227427	14.89032277039854	8.574049104418252
0.227725	5.219428652750793	8.589240880729355
0.228024	3.611923908918726	8.655936793821152
0.228322	-2.1056151802655165	8.559748359335966
0.228621	10.000884629981499	8.620490935281065
0.228919	13.3247388994306	8.527686718361911
0.229217	4.7792829222024125	8.565474242641937
0.229516	-7.736981783681074	8.596544717924788
0.229814	2.4669956356737544	8.549321488223338
0.230113	13.105859392789228	8.559626487603271
0.230411	-13.676041935484164	8.518533724294407
0.230709	-10.632989753320743	8.580706656569676
0.231008	19.509963946869675	8.553395369740734
0.231306	14.632123908918686	8.516368997302584
0.231605	10.031923719166684	8.558912950901115
0.231903	1.0006927893743978	8.478159127612749
0.232202	-0.7005425047451297	8.533022791784715
0.2325	12.483506641366091	8.493120797809404
0.232798	7.086016698291928	8.505667137062346
0.233097	0.03249108159394609	8.508796085353122
0.233395	2.6621440227697235	8.465003760486638
0.233694	19.33203908918344	8.531092628504354
0.233992	13.00448766603239	8.430429680417152
0.234291	3.963358254270446	8.483703885424667
0.234589	14.494246110056537	8.486454554945086
0.234887	2.2569662239105526	8.43558562846884
0.235186	11.372989563567728	8.495556040903807
0.235484	15.515350474383212	8.419643121311696
0.235783	8.655911764705735	8.463016683176015
0.236081	13.930404364325568	8.435795160753054
0.236379	-3.0169844402271906	8.417382070765942
0.236678	-10.007618406072254	8.480911953006093
0.236976	9.800874952563134	8.371976975431584
0.237275	5.91018557874861	8.456042078950702
0.237573	5.384443263756253	8.375978915044033
0.237872	2.1476271347239617	8.381445196708283
0.23817	11.923714041746223	8.452425331945625
0.238468	13.123108728652255	8.388036277801326
0.238767	-1.6107590132820349	8.3947974246032
0.239065	-16.005541935483905	8.337753225878492
0.239364	-4.130150853890058	8.383094078711743
0.239662	-1.5051157495250322	8.388642173032665
0.239961	-1.6154533206832866	8.39076189686763
0.240259	5.244218406073742	8.372084733069826
0.240557	1.4813449715360605	8.325038629714667
0.240856	10.072434155598415	8.367415463128262
0.241154	-1.2772662239088106	8.35710349283553
0.241453	18.153406831119838	8.335351948292702
0.241751	20.10733870967968	8.348733416206713
0.24205	17.83001612903064	8.344546924091457
0.242348	3.141646489563783	8.34476857352791
0.242646	-5.621326944970804	8.275872379117107
0.242945	-13.624583491459674	8.309113344897003
0.243243	5.131239848196998	8.265857451234416
0.243542	-18.821012713472527	8.292101011068384
0.24384	-0.5823506641357312	8.258928176323524
0.244138	-0.5369197343455312	8.20147123005304
0.244437	1.2330755218223999	8.30372591180333
0.244735	9.081338330169473	8.281619490981665
0.245034	4.810290512333353	8.258111373089093
0.245332	11.39058292220028	8.25690254905931
0.245631	0.1623728652755574	8.22208723554725
0.245929	10.397311195446406	8.27999760564904
0.246227	-18.936011195446696	8.202815454518094
0.246526	-0.3023296015170729	8.262438917680166
0.246824	4.368305502846113	8.20076952029332
0.247123	6.3646838709675535	8.20477885294749
0.247421	9.522429032257378	8.303484405073903
0.24772	0.7940766603415739	8.174190920064433
0.248018	14.69307817836878	8.248962915733625
0.248316	13.335794497152591	8.220599959898173
0.248615	21.527060910816544	8.233871212127294
0.248913	-4.66518444022725	8.266198135144544
0.249212	0.5344394686903797	8.149167044552701
0.24951	-2.387717647059162	8.21221793074543
0.249808	-8.04605407969646	8.182099210256041
0.250107	-0.684551992410718	8.203503649713264
0.250405	3.6081740037941756	8.187406686137573
0.250704	3.4419806451603563	8.15369623515643
0.251002	4.413476470588904	8.221656559950802
0.251301	19.104595445920864	8.162489767140178
0.251599	10.175585388993511	8.158087270741694
0.251897	7.424204174572964	8.1723813240104
0.252196	4.705851612904723	8.164953932778563
0.252494	2.8102206831120213	8.202926570706703
0.252793	7.703426375711615	8.122420974832787
0.253091	-6.429162428842687	8.124027603174833
0.25339	16.03574914610988	8.131651903841323
0.253688	-12.118248007590608	8.159005257953487
0.253986	-2.1358242884259937	8.156243507335148
0.254285	-9.774974003794341	8.063459982549423
0.254583	7.657884819734164	8.14683240676601
0.254882	6.214277419353351	8.116016195790976
0.25518	9.92022827324476	8.130531034503152
0.255478	2.094008538898464	8.113712374882477
0.255777	11.577807969640617	8.11311009926359
0.256075	-0.730416508538525	8.120972920232834
0.256374	-4.96050379506741	8.083843918835715
0.256672	10.455363946869483	8.108347545551306
0.256971	3.9502612903218903	8.087097775179053
0.257269	3.6848174573052006	8.07469536038066
0.257567	12.751279696395699	8.140886155840304
0.257866	-5.371442884250115	8.05665291762057
0.258164	5.578804174571559	8.0550207723285
0.258463	11.233556736242036	8.077278739075659
0.258761	7.856866413663255	8.065351066209567
0.25906	6.784006831119029	8.059183977800899
0.259358	12.115099051232221	8.03842749660002
0.259656	6.191965654649607	8.091685967729239
0.259955	7.515805692599855	8.075772329439436
0.260253	9.66240417457172	8.017745514071505
0.260552	3.7964339658439883	8.02455172160241
0.26085	2.2567650853892474	8.013914026142997
0.261148	8.755286527512425	8.066670085880874
0.261447	15.034218595825877	8.038724343153522
0.261745	-1.8096013282735157	8.007392619086058
0.262044	6.587499051233152	7.9820932606630555
0.262342	0.5626796963937863	8.022954223023653
0.262641	7.420406641365389	8.017583570720669
0.262939	-7.137198481973144	7.983728086642117
0.263237	15.5950322580658	8.00726351545942
0.263536	-5.518614800759707	7.958795309817343
0.263834	-3.0364087286525887	8.041299340330095
0.264133	5.421916508538658	7.967812792031341
0.264431	5.467596204932335	7.95926160176962
0.26473	3.999840037950406	8.027699602861164
0.265028	15.122013851993472	7.953363057928228
0.265326	11.444741935483336	7.994235224134529
0.265625	7.732483681215001	7.927674390606983
0.265923	7.677529791269961	7.962776431665771
0.266222	7.128291650854948	8.003921198756064
0.26652	-0.6050519924085052	7.907368297865146
0.266818	3.7175089184064802	7.9823535548776015
0.267117	6.485375142316769	7.917804619899212
0.267415	15.103266603414767	7.959911694291623
0.267714	-5.634420493359045	7.966808460153798
0.268012	1.754123719165932	7.883700841253794
0.268311	2.463770588236116	7.91808215051644
0.268609	-2.069159962049838	7.903765355970717
0.268907	-10.269055597722314	7.936827114302151
0.269206	-3.041749905123936	7.908212947181497
0.269504	7.419547438330056	7.879210134094933
0.269803	9.346364516128318	7.939287088489604
0.270101	-2.996763946868981	8.018187950080433
0.2704	-4.754028083492301	8.160338630700414
0.270698	-2.6845781783679	8.217550620588955
0.270996	8.460280834914471	8.285127797191759
0.271295	-1.489235294116753	8.354423225272448
0.271593	-12.90906717267518	8.323447296248325
0.271892	4.325660531309978	8.371577309877217
0.27219	-0.09017912713360943	8.345326980893034
0.272488	12.067429981025128	8.422339245442341
0.272787	-16.57159601518103	8.429934936841505
0.273085	15.60431631878643	8.449416413229974
0.273384	-1.7130611005694618	8.472788711149562
0.273682	9.261607969638845	8.473397275835152
0.273981	-3.9687275142314604	8.5513941986418
0.274279	12.085400379505984	8.450689227027379
0.274577	4.993886148007363	8.716935606379813
0.274876	-5.778255597723216	8.963363428035443
0.275174	6.788781593928377	8.899775246477393
0.275473	0.1235165085390122	9.101505522682722
0.275771	-11.37682258064416	9.062949051297887
0.27607	-11.958914611004587	9.312942716983478
0.276368	4.038709867171519	9.352350762939977
0.276666	14.385261290323825	9.377737224355881
0.276965	1.1641305502848809	9.545408296568375
0.277263	2.4727962049338714	9.471880543050387
0.277562	-4.352430360531372	9.723667025218962
0.27786	3.6810882352932595	9.676614539947014
0.278158	-6.953932637570546	9.664720098039703
0.278457	7.5920072106259795	9.854642811853791
0.278755	4.611423529412946	9.75028281719858
0.279054	11.391282163189658	9.954387559944253
0.279352	7.97762390891819	9.822085916843172
0.279651	0.7408481973436665	9.925690187995873
0.279949	0.28686394686872063	9.990469397999819
0.280247	-1.188230929791132	10.007011672246534
0.280546	19.412033586338424	10.130627797687348
0.280844	16.224055407968905	10.011897947903144
0.281143	-1.6541514231487042	10.148676043505175
0.281441	-7.966294686907105	10.164320815701906
0.28174	1.1983647058835345	10.148369291846675
0.282038	-14.545659582541788	10.297830195475798
0.282336	10.729953889943431	10.194475383424725
0.282635	0.7210440227699166	10.329110173248765
0.282933	-13.595170398481713	10.313648384897784
0.283232	10.958495825427121	10.3566761654062
0.28353	3.4741874762811165	10.477097393033603
0.283828	18.572748576850273	10.356239170096167
0.284127	-7.624035483870841	10.574189509975357
0.284425	-22.53466869070138	10.391358482619532
0.284724	3.3933476280823527	10.534463127712723
0.285022	19.228350094876276	10.635007850459075
0.285321	-1.3374083491471822	10.619416253323998
0.285619	-3.3208075901323753	10.66233321926698
0.285917	-0.45184611005822717	10.599353846661668
0.286216	14.946513662239056	10.707290499613304
0.286514	21.58156185958049	10.707305053298468
0.286813	-7.1458523719169875	10.703076080701495
0.287111	-2.066570777988659	10.756925298669454
0.28741	17.164536242884765	10.663323711659343
0.287708	-4.177614990512382	10.771071084968058
0.288006	0.5645079696402888	10.819348270717848
0.288305	4.705456546489302	10.794662855485052
0.288603	-1.2683992409866107	10.889075395840853
0.288902	16.633867931689252	10.94810760715925
0.2892	7.6351278937380584	10.969501607476001
0.289498	-2.6454123339642877	10.880628042836921
0.289797	-5.060804174573548	10.95080275057378
0.290095	0.3242865275134932	11.007288860461049
0.290394	-12.271603036053733	11.06833867096294
0.290692	11.023649525615298	11.091614273870373
0.290991	-15.85655388994411	11.05205986751197
0.291289	7.194233776090613	11.15821995846759
0.291587	11.430172106260557	11.214849578042806
0.291886	-33.19934686907132	11.202811553638973
0.292184	-0.09162163187795613	11.198990341674946
0.292483	10.292162998103294	11.315044928665623
0.292781	-15.678180075901196	11.323038085321066
0.29308	-4.9035457305514285	11.288968662560407
0.293378	-3.3149914611007603	11.372557922095258
0.293676	5.323362808348264	11.37811246015929
0.293975	1.2419671726765102	11.480822002169612
0.294273	11.695086148007192	11.5072873502042
0.294572	-22.17152314990372	11.43312188510523
0.29487	-6.980575142315217	11.55044763895625
0.295168	20.1744544592043	11.593249004674476
0.295467	-10.643626755218065	11.605506727290502
0.295765	8.290627703984796	11.661384500843726
0.296064	-30.950846110056034	11.513365492541453
0.296362	-11.223475142315209	11.74571299853081
0.296661	-16.38250777988432	11.713809243891001
0.296959	4.227017077798223	11.749112483814784
0.297257	-2.185579886147906	11.786192393545578
0.297556	-0.5296250474378894	11.743381083666046
0.297854	0.7973185958266527	12.004277691538512
0.298153	12.568666982921854	11.838023656178272
0.298451	8.159339089184812	11.875825966354125
0.29875	-9.689992979126743	11.87204469776
0.299048	-3.50234098671649	11.984444595159767
0.299346	-19.07269070208841	12.038562181965425
0.299645	19.43852542694401	11.917824668405858
0.299943	14.984292220114241	11.995736383281622
0.300242	-0.3071595825423401	12.08397227640609
0.30054	3.428977039848462	12.140432696082303
0.300838	12.476046299811117	12.072226688391362
0.301137	-4.34495654649055	12.10243442503423
0.301435	5.10234288425039	12.238625584714766
0.301734	-10.155707779885574	12.168072073553239
0.302032	-1.2112918406057815	12.289104969670344
0.302331	17.707659962048865	12.266395283763975
0.302629	-10.360094497153653	12.323629836654742
0.302927	0.20713168880476474	12.488377923263972
0.303226	22.741881024668373	12.225746275849067
0.303524	-9.870935294117373	12.444305816020144
0.303823	0.7648442125234567	12.395340816134967
0.304121	22.436069259961613	12.497969254931046
0.30442	10.02031081593799	12.647920348075099
0.304718	11.695776470588157	12.366988771214281
0.305016	-7.276867931687292	12.680849994819752
0.305315	10.447657495257374	12.550938027016963
0.305613	2.9702552182168063	12.775269430090017
0.305912	-3.327930360531468	12.56559131711766
0.30621	9.956710246678426	12.695716515082601
0.306508	-4.988148007589501	12.897962757260206
0.306807	-16.41935578747649	12.676106938091559
0.307105	4.297079886148509	12.941156407979417
0.307404	7.556581593927945	12.774962390869582
0.307702	4.795466413663263	12.907075584463016
0.308001	-11.559797722961207	13.10630223754677
0.308299	23.10464383301678	12.8811729870124
0.308597	-7.237127703984356	13.105951184477371
0.308896	24.279718216317576	12.929996589988175
0.309194	-36.20080417457217	13.076228988312453
0.309493	-22.160467362428875	13.100182529289821
0.309791	2.8390734345363455	13.03893063777042
0.31009	-6.429230170778482	13.271788978142995
0.310388	23.364829981024826	13.02109922119763
0.310686	22.76850796963771	13.216797009052835
0.310985	-2.1754182163199687	13.086080157764252
0.311283	-7.660345730550091	13.170057010082543
0.311582	0.5011645161285117	13.326581470287142
0.31188	2.1439647058818423	12.987323674796466
0.312178	-23.461548956356353	13.29222472725495
0.312477	17.01749791271439	13.171720687898485
0.312775	-5.41526698292202	13.320564927300902
0.313074	15.657922960150614	13.500009057905414
0.313372	-27.43338235293976	13.18155193587324
0.313671	1.680411764705667	13.525902547352745
0.313969	-3.9127582542707273	13.351567893695114
0.314267	-3.9377379506642285	13.497559684198556
0.314566	6.74765502846256	13.579742276697
0.314864	-27.736458064516114	13.521399053456696
0.315163	12.665076660341725	13.708056215406126
0.315461	9.371626944971325	13.493296905896981
0.31576	-39.73679962049275	13.931362854540355
0.316058	-2.866366982922841	13.700052470152695
0.316356	13.070265085389252	13.823826178753729
0.316655	7.999856166982369	13.93064278510282
0.316953	-4.121778557874762	13.682634237660933
0.317252	-3.5229328273241833	13.884234463944276
0.31755	-0.9864817836825068	13.848688064282682
0.317848	19.857464326375833	13.990882465787392
0.318147	10.462497533205948	13.99511661822418
0.318445	-6.069457115750083	14.01355234452632
0.318744	9.9919722960135	14.133181088703862
0.319042	21.89073036053003	14.007495886679921
0.319341	22.436663187855146	14.23952300985464
0.319639	-9.166623719166438	14.121043149377144
0.319937	2.565452182161465	14.344760616348935
0.320236	23.279718026565632	14.341560214423637
0.320534	2.192730929790372	14.204227283946961
0.320833	5.694458823529516	14.51053500821681
0.321131	4.391821631878656	14.253085170773671
0.32143	-11.97402960151777	14.581687562048653
0.321728	15.527095635672623	14.533528409581859
0.322026	6.5574962049350916	14.397981401339317
0.322325	-1.0456235294117278	14.818024328209706
0.322623	-11.214312713473333	14.44181112581125
0.322922	13.40069829222017	14.857464650874096
0.32322	-14.78301631878466	14.614673595063964
0.323518	-12.07389222011372	14.734437582853507
0.323817	-12.417984060721068	15.032582928964015
0.324115	15.629950853889483	14.547906506700922
0.324414	6.091624667932649	15.161974840562525
0.324712	7.718330360529535	14.841007248425196
0.325011	-0.10559544591941972	14.99013873980841
0.325309	19.85376204933644	15.352719733702994
0.325607	11.943407779885575	14.751899692696348
0.325906	10.412604933585783	15.323023196513958
0.326204	-9.578410436431852	15.016402423041434
0.326503	-7.2905738140414655	15.199631158659425
0.326801	17.360875332069554	15.389470876743335
0.3271	-4.341460151802323	15.227778350964519
0.327398	29.29609601517882	15.595296310655527
0.327696	-9.289807210626577	15.217167352894442
0.327995	25.85156603415541	15.579107519804312
0.328293	-26.53959278937407	15.495975977804136
0.328592	-19.728059962049684	15.520595684408466
0.32889	-12.739039278938264	15.960412947116339
0.329188	-17.164086527514968	15.384557194275626
0.329487	20.404490322580102	15.917754520872673
0.329785	-9.485373244782522	15.577281375808047
0.330084	15.146444212523562	15.93067818839967
0.330382	-12.802654079696794	16.01211012529104
0.330681	-16.39311043643289	15.765198887680121
0.330979	20.37445218216135	16.2003406471701
0.331277	4.9637425047446015	15.826063423856716
0.331576	-2.6964768500943137	16.151111691116164
0.331874	-17.08497362428787	16.202317779555155
0.332173	-17.66137077798973	16.144229557111196
0.332471	-16.80968273244929	16.50196028153335
0.33277	13.204532447818593	16.039084894676126
0.333068	28.158832068311455	16.587457622398887
0.333366	5.80181555977191	16.324453579104183
0.333665	-2.1972278937384715	16.535390639816608
0.333963	12.969427514233018	16.87715233637706
0.334262	2.323057115750373	16.313951904712034
0.33456	16.11856110056891	16.892245748415633
0.334858	-39.14343529411667	16.384476366840854
0.335157	8.07559108159424	16.927127296071895
0.335455	17.561060341556782	16.799841414512677
0.335754	-11.884902656545933	16.861702146048785
0.336052	-36.70193187855972	17.222055496826066
0.336351	28.86504667931817	16.75577783921417
0.336649	16.56824345351083	17.315588747054612
0.336947	-9.973610815937377	17.010984955679927
0.337246	-15.820950664135296	17.322944940397456
0.337544	-2.6407303605304833	17.69395126595871
0.337843	15.671001328273064	16.925566029259073
0.338141	17.766013472485582	17.72447448961841
0.33844	-28.081292599622003	17.161374789037488
0.338738	18.401422960152587	17.717262790145014
0.339036	4.2344297912706	17.685348532989106
0.339335	19.817739468690263	17.52804535437552
0.339633	-0.87214193548391	18.074874440219347
0.339932	-20.301180075901613	17.56323006391944
0.34023	-9.709214611004597	18.08148152580716
0.340528	17.05529259962006	17.90636773492033
0.340827	10.313699051234408	18.064262126978146
0.341125	-5.29735483871093	18.417578895446507
0.341424	-5.729140796964742	17.95063112253675
0.341722	6.0865673624283545	18.4507158904237
0.342021	-23.176355597723273	18.039102664241614
0.342319	-16.8181781783683	18.49216587229931
0.342617	18.766207210625936	18.727506417885184
0.342916	-1.6034836812148967	18.25776831546735
0.343214	7.617721442124008	18.954112290635383
0.343513	5.059145730549091	18.35632221375856
0.343811	35.58837324478233	18.943451566417473
0.34411	-0.9187354838711315	18.603998686402445
0.344408	-2.3906056925990526	18.725044803724234
0.344706	-11.41247988614964	18.968604135544425
0.345005	21.232355218216554	18.36608330395744
0.345303	-18.595640227703143	19.03091522022968
0.345602	-8.378239848196927	18.571921969134905
0.3459	-22.694430929792162	18.7391674048617
0.346198	-13.927733206832187	19.216982786474148
0.346497	5.353355787474072	18.40759504632449
0.346795	16.264570777988467	19.144689785192927
0.347094	-5.145103984818462	18.643694065380497
0.347392	-6.435825426944746	19.149964985162875
0.347691	11.525856356737165	19.19959444286869
0.347989	10.326932258064687	19.10197056722014
0.348287	-6.100539278937447	19.55064842236678
0.348586	30.46673757115755	18.915741978793513
0.348884	-10.386668311194853	19.668102218845625
0.349183	-6.631552371915603	19.35634537044664
0.349481	-12.751538140417296	19.774080465576883
0.34978	-16.46366223909041	20.20131030118961
0.350078	-7.547607969638648	19.105760623826818
0.350376	-5.499374003795907	20.30426306925139
0.350675	-25.35430322580595	19.53822342701545
0.350973	-50.42622903225876	20.299990902290325
0.351272	5.781170398481095	20.510150321738756
0.35157	-16.809900759013345	19.81292391981772
0.351868	-15.711288994306614	20.939363125724434
0.352167	32.66061518026646	19.921010422460327
0.352465	32.63913757115873	20.863729001736203
0.352764	21.045047628084177	20.5232935104205
0.353062	34.22311005692649	20.895671357307243
0.353361	1.4966324478180582	21.41672757569075
0.353659	5.259055218216133	20.531636619349964
0.353957	-7.27527248576834	21.520868175774936
0.354256	20.17021631878606	20.978016571246634
0.354554	-20.233073624288522	21.44042638538099
0.354853	6.547720303605047	22.12940762898742
0.355151	11.131095256167214	20.81924169923779
0.35545	-20.501135483871735	22.079426939070597
0.355748	20.911622201138726	21.273912350945732
0.356046	-13.681284250472459	22.367554493278735
0.356345	8.177217647058228	22.09035902796731
0.356643	11.804971726754161	21.77209118418228
0.356942	-19.405957874762123	23.017991470617588
0.35724	-20.61470455408127	21.559545976478823
0.357538	-21.969728083492015	23.02422826800328
0.357837	21.38250607210793	22.403743293985034
0.358135	-22.11481612903185	22.913473559853593
0.358434	-26.449677039848183	23.821928934379414
0.358732	33.58241555977216	22.192348426273416
0.359031	14.147234535104758	24.017234091812778
0.359329	6.8434250474386715	22.77294391161202
0.359627	15.833025806450678	23.786084103258652
0.359926	-17.005088425047603	23.857065052430325
0.360224	-23.66527419354881	23.437474248444747
0.360523	29.87989259962049	24.700773079757784
0.360821	21.128119734345603	23.257079141277252
0.36112	-36.657533017078094	24.7961399755856
0.361418	34.74212846299778	24.226069942987515
0.361716	-32.69887912713571	24.445828671517585
0.362015	28.122029222011378	25.79714455390888
0.362313	-22.649030170778985	23.72811726356932
0.362612	-2.098517077797908	25.85714688341256
0.36291	-27.091189563567184	24.735815864123538
0.363208	36.08772504743882	25.57997190713412
0.363507	-25.370259203035346	26.52238616305854
0.363805	8.833194876660428	24.737823675490162
0.364104	-26.11912675521765	26.9853859414541
0.364402	-8.733363187857606	25.158901524165227
0.364701	21.96535445920219	26.90242450591803
0.364999	-0.7564939278941551	26.75862956174715
0.365297	-15.426481973434676	26.33794058118159
0.365596	34.19340796963738	28.648391293594617
0.365894	37.49343453510505	25.930727517086414
0.366193	-20.13190303605299	28.38227088348735
0.366491	-11.056278747628028	27.140232795580044
0.36679	-16.00797988614744	28.209104764960834
0.367088	4.741234914611141	29.618232524816328
0.367386	-0.14234022770310162	26.674705706280818
0.367685	-23.965999430741505	30.086273932714754
0.367983	55.89072808349172	27.87520745749677
0.368282	30.425033586337378	29.890792442435163
0.36858	25.81720265654596	29.970789616697566
0.368878	-5.4624398481951175	29.14782036726755
0.369177	-0.2683664136624486	31.67250030532136
0.369475	9.444699430740258	28.784473493275932
0.369774	5.429138140417393	31.993999663389634
0.370072	20.771134535104494	30.484764641092536
0.370371	71.59922580645159	31.68588213935998
0.370669	-49.85576698292178	33.7883986440769
0.370967	36.73861214421294	30.12780913508117
0.371266	17.9861984819739	33.57538450587243
0.371564	-5.709082922200963	31.950914347495402
0.371863	-62.45795521821762	33.08066089060797
0.372161	28.057393738140632	35.50060939536826
0.37246	21.289340227703377	31.758361331602778
0.372758	12.94188330170769	37.6720661196154
0.373056	51.85963851992412	32.32877376595234
0.373355	20.50193795066363	37.13166098720987
0.373653	0.08435426945069935	35.06387299817001
0.373952	-5.762203225804257	35.83189544088735
0.37425	24.925996963947483	40.93263145335023
0.374548	-43.96988425047368	33.52871866474605
0.374847	-43.52906603415434	41.47398805934785
0.375145	-2.246315939278105	36.055243885405034
0.375444	-108.31846717267553	40.759814841989616
0.375742	100.29812884250461	44.2631614505067
0.376041	-58.32015635673585	36.17219742448034
0.376339	47.477008728652095	44.547095130650256
0.376637	37.197076660342674	38.522160285871905
0.376936	20.63891859582597	45.52240462491567
0.377234	-126.7068876660359	42.40942925573501
0.377533	-35.11108159392691	43.91109740948567
0.377831	14.179012333965346	50.90333507491575
0.37813	53.369323719165465	41.36135606096849
0.378428	-104.43487286527613	51.57600102815241
0.378726	-87.23790474383179	45.35341078260729
0.379025	21.283342314991387	50.93531488398457
0.379323	1.6764136622387582	60.46493323226479
0.379622	35.01726641366176	44.917650965737316
0.37992	53.79364250474325	63.695652404489564
0.380218	-70.81442523719204	49.18852661590813
0.380517	21.839052561671508	63.11147708989761
0.380815	-39.35919981024654	60.880318306909544
0.381114	48.21679981024701	58.67008294798828
0.381412	-33.20070341555905	78.10720626995126
0.381711	30.490372106262242	58.4562577138332
0.382009	-41.9806311195444	87.14888103560322
0.382307	56.3025831119549	69.9982424355454
0.382606	33.83829772296025	86.3720481066977
0.382904	0.	0.
0.383203	67.35944117647094	80.26737439361818