0.00540153	2524.4090277777104	421.01114071368744
0.00569995	2462.884093567227	238.16852008277277
0.00599837	2559.9994225146133	203.2337335759448
0.00629679	2262.9533479531733	176.22675615537258
0.00659521	2136.726461988276	163.610505492885
0.00689363	2133.986279239766	143.46353048284092
0.00719205	2353.299093567224	129.07436451862773
0.00749048	2335.1702192982466	120.39584575022808
0.0077889	2229.912580409366	108.14878205176493
0.00808732	2080.8239912280965	101.56744389597185
0.00838574	2283.790628654965	92.08681816704777
0.00868416	2148.3065804093667	85.05228128647559
0.00898258	2211.2443940058306	80.13818494996237
0.009281	2178.634187865491	73.0580772860158
0.00957942	2133.3645635964945	69.91276776283603
0.00987784	2101.837617690064	64.47011429801039
0.0101763	2107.7388223684075	61.32126957580159
0.0104747	2139.2925709064293	58.08104762180802
0.0107731	2113.970239766081	53.22838484093755
0.0110715	2075.3341081871395	51.8704906298818
0.01137	1972.112461257303	48.664729462594636
0.0116684	1980.618126461985	46.75121048646319
0.0119668	1988.090534356725	44.048401105849145
0.0122652	2045.6322945906427	42.16703174302511
0.0125636	1981.1727229532105	40.672587355475805
0.0128621	1897.4208289473702	38.36967904865205
0.0131605	1926.012195906429	37.29892088439895
0.0134589	1871.4671878654965	35.55150374340422
0.0137573	1899.1905190058433	34.627833270612385
0.0140557	1851.986633040938	33.33664647860175
0.0143542	1843.2958157894768	31.86276709851353
0.0146526	1825.0220906432744	31.047467777028086
0.014951	1803.8721893274824	29.768683337993885
0.0152494	1786.8942317251465	29.424840082882195
0.0155478	1793.0406359649098	28.370330615036348
0.0158463	1744.6907660818717	27.193241405676925
0.0161447	1772.8256593567255	26.853660286936172
0.0164431	1708.2324276315805	25.881059711557473
0.0167415	1680.1329744152063	25.296717544227572
0.01704	1666.8423486842112	25.30368797396178
0.0173384	1640.2537748538018	24.977238339571834
0.0176368	1646.081448830409	24.949848620059242
0.0179352	1582.5944269005877	24.232962871955177
0.0182336	1593.3037207602347	24.02680011033017
0.0185321	1586.822488304093	23.901288676735152
0.0188305	1544.9403728070147	23.48545565653629
0.0191289	1561.5943654970765	23.480713854372475
0.0194273	1561.319610380116	23.362847885855693
0.0197257	1560.004347222222	23.47578209465129
0.0200242	1488.248524122806	23.479922147842224
0.0203226	1488.0747675438606	23.7920874123608
0.020621	1492.647957602337	23.722587135443717
0.0209194	1416.9730402046773	23.38445948661486
0.0212178	1430.9385416666673	23.532882776996072
0.0215163	1402.4544926900576	23.422406564679054
0.0218147	1340.1360614035088	23.570886930572826
0.0221131	1351.7215720760246	22.640928010554198
0.0224115	1336.6564315058479	21.910259267021058
0.02271	1323.3457498538005	21.614968986141278
0.0230084	1336.0058239766079	21.373022330994743
0.0233068	1283.8072885964905	21.121842582426254
0.0236052	1261.681693201754	20.313877367888516
0.0239036	1273.718307821638	20.55481924815301
0.0242021	1248.2553667397638	20.073684571267982
0.0245005	1225.4118952485358	19.949377944720045
0.0247989	1247.3322228070153	19.50872650822137
0.0250973	1194.4194428362557	19.367235047944156
0.0253957	1211.8842043859638	19.17040637065069
0.0256942	1166.7816887426902	18.84721097536447
0.0259926	1132.7049519005839	18.553496524347402
0.026291	1170.5495160087723	18.345626672865126
0.0265894	1135.9827136695912	18.19099638268988
0.0268879	1089.6925359649151	17.96994396744974
0.0271863	1104.7417873538013	17.601633920329018
0.0274847	1082.2486474415205	17.40726936464845
0.0277831	1071.5544081871337	17.206067953207846
0.0280815	1072.3470599415198	16.941402903320995
0.02838	1031.6281832602335	16.97889209706959
0.0286784	1036.4037669590637	16.75934061836877
0.0289768	993.7884157894747	16.442792076148788
0.0292752	998.506208040935	16.358597342461692
0.0295736	1013.3316103801158	16.245567124122115
0.0298721	974.0813122076014	16.046143747344704
0.0301705	978.8840065789459	16.089173479284778
0.0304689	987.5789910818731	16.00541079438728
0.0307673	918.7735651315799	15.88088972007229
0.0310657	923.5787519736842	15.557273545879191
0.0313642	934.6984402777774	15.686315074432555
0.0316626	911.5888771929841	15.539234396150881
0.031961	893.6249614035102	15.378597941432647
0.0322594	876.0907652777765	15.304248844392696
0.0325579	878.9424665204676	15.255317301159806
0.0328563	889.8563517543867	15.13430370060373
0.0331547	852.3053506578966	15.080429248560907
0.0334531	829.5083933479542	14.977510053333136
0.0337515	811.4659542397653	14.885599108702172
0.03405	814.1046978801181	14.86383838512852
0.0343484	791.2244098684196	14.684128278337235
0.0346468	790.501513523393	14.678970054562765
0.0349452	779.1388484649135	14.489590860003638
0.0352436	768.7537610380107	14.500440411145846
0.0355421	763.5952768274841	14.524756626301253
0.0358405	717.178863742691	14.279580730507883
0.0361389	728.5486710526307	14.341930864925338
0.0364373	731.3209867690051	14.174897461974224
0.0367357	722.5283062134496	14.186763436098952
0.0370342	703.3889896198828	14.10670594983184
0.0373326	718.4734247076028	13.886906787609455
0.037631	700.0116651315795	14.085700609195875
0.0379294	660.6220413742697	13.818728450164437
0.0382279	693.3687981725138	13.88162934143728
0.0385263	651.6526957602345	13.716442831928298
0.0388247	661.5427762426896	13.573319422045461
0.0391231	654.8493880116959	13.784275738894303
0.0394215	654.608735891813	13.551342170719431
0.03972	629.4895331871337	13.529105400518644
0.0400184	642.2429472953208	13.415496679551438
0.0403168	618.5870495614039	13.280651412455459
0.0406152	614.4125775584813	13.385138470176841
0.0409136	608.1158769736826	13.424038053924852
0.0412121	594.3419078947372	13.27337089809616
0.0415105	593.3819218567241	13.230407475998707
0.0418089	597.9646499269014	13.116330359585923
0.0421073	561.5097331871333	13.036499847774508
0.0424058	597.0744254385974	13.313333607133702
0.0427042	564.1072817251467	13.580622432878576
0.0430026	562.7826586257329	13.629504365756292
0.043301	547.6969432748532	13.803871071025668
0.0435994	533.2137309210522	13.64637017333912
0.0438979	513.8742747076021	13.670561290767623
0.0441963	545.5379329678367	13.890292161231313
0.0444947	526.5951976608202	13.882260970707991
0.0447931	528.9379743421059	13.995660092610098
0.0450915	526.5741040204667	13.869817862660007
0.04539	489.7382695906417	13.970657912225306
0.0456884	491.852994152047	13.964309264322129
0.0459868	506.80833501462064	14.056730844136284
0.0462852	479.0822606725128	14.011453623799035
0.0465836	501.3349597953214	14.035670285914042
0.0468821	502.04709722222185	14.087235362596433
0.0471805	444.6228868421049	13.962679269207113
0.0474789	479.18339788011747	13.887033457756669
0.0477773	455.2458570906434	13.967014401525061
0.0480758	480.90325694444414	13.860820789482977
0.0483742	449.49339013157874	13.916138331177596
0.0486726	444.51807514619804	13.799862303646233
0.048971	420.0753011695917	13.903337334960359
0.0492694	448.85025592105353	13.753208947649973
0.0495679	457.5981794590644	13.713236075937216
0.0498663	420.09322638888864	13.831070306859877
0.0501647	426.10410899122706	13.646518056234799
0.0504631	401.0239410087712	13.806111206093453
0.0507615	450.54854393274866	13.723077842595115
0.05106	413.17583252923987	13.619813635648356
0.0513584	400.2191293128664	13.617442448987497
0.0516568	421.5016836988312	13.52052007287081
0.0519552	411.8154531432745	13.704701022096465
0.0522536	385.81884751461934	13.540168316376143
0.0525521	383.5519691520472	13.446574155784726
0.0528505	403.30449649122727	13.559940229790069
0.0531489	385.19936337719224	13.430275157194478
0.0534473	368.5036587719309	13.571974541339504
0.0537458	372.6258574561394	13.3273053480326
0.0540442	373.51308698830394	13.436434371987824
0.0543426	368.04764612573246	13.428695338135283
0.054641	366.69680577485485	13.23700783955303
0.0549394	359.3518608187146	13.477038794845114
0.0552379	376.2652490497079	13.250709847949185
0.0555363	345.48947682748656	13.331587233556588
0.0558347	337.2417027777767	13.311130859819283
0.0561331	363.5217679824547	13.162139454305395
0.0564315	333.6233413742695	13.291692816002172
0.05673	337.67848333333455	13.05418704855025
0.0570284	320.5432396198821	13.177551713680174
0.0573268	336.29686856725175	13.173556533374649
0.0576252	319.7200304093559	13.06827686653873
0.0579237	333.9467777046783	13.168363740022107
0.0582221	301.9531083333326	13.012036006882997
0.0585205	316.41128187134603	13.06219526451614
0.0588189	329.42521008771877	13.007503065727585
0.0591173	293.9009264619875	12.991455021608852
0.0594158	299.66127763157874	12.970424071992895
0.0597142	293.83414656432694	12.883358771392569
0.0600126	314.9755373538013	12.969964192465776
0.060311	303.5334489035081	12.904549109955816
0.0606094	293.9368935672513	12.7846558369937
0.0609079	300.83211513157903	12.914221627490246
0.0612063	303.4919114766097	12.7773501345657
0.0615047	307.9124375730978	12.890091493078604
0.0618031	284.84157353801294	12.760595527128059
0.0621015	289.36685350877326	12.706156924054634
0.0624	278.50484912280706	12.776862090773262
0.0626984	276.03260263157915	12.76511798667139
0.0629968	290.5517872076024	12.74400364867373
0.0632952	266.38616359649086	12.632369680507203
0.0635937	292.22511725146126	12.69214688224382
0.0638921	279.81212675438826	12.580008815777191
0.0641905	274.26678559941354	12.67319663724458
0.0644889	253.37141513157655	12.569838340513874
0.0647873	282.3290028508769	12.552901099515061
0.0650858	285.86006176900537	12.579211082912728
0.0653842	258.2365548245608	12.50839918870456
0.0656826	294.48817273391825	12.668966921639084
0.065981	243.03612236842127	12.441183570728876
0.0662794	257.80494853801196	12.428166888952076
0.0665779	249.10094078947304	12.520949310830181
0.0668763	249.72211710526253	12.351577923994295
0.0671747	254.97354883041078	12.487041493387569
0.0674731	259.9431261695898	12.363697306055936
0.0677715	243.95389400584833	12.338680641034102
0.06807	242.17190994152082	12.481668607086426
0.0683684	244.8792576754385	12.17339481483177
0.0686668	229.1133331871348	12.380164402418892
0.0689652	226.94565372807028	12.219401005432184
0.0692637	248.50598019005878	12.288257958163381
0.0695621	254.00966366959074	12.28641901689494
0.0698605	223.44173771929803	12.137904863154303
0.0701589	240.40873581871261	12.323708110324205
0.0704573	225.3112008040929	12.138066243309629
0.0707558	215.2809130847939	12.204724095656845
0.0710542	220.08924020467774	12.150040192472195
0.0713526	227.24842573099346	12.083927516712379
0.071651	226.89199678362434	12.223244039387874
0.0719494	213.93878538011748	12.008777404254001
0.0722479	233.2943569444442	12.107084838115622
0.0725463	208.1262355994155	12.113676973263786
0.0728447	216.44744722222157	12.04322478540593
0.0731431	229.79905635964784	12.105674858963797
0.0734415	221.77669612573197	11.9518444086227
0.07374	218.72047463450272	11.986245665793547
0.0740384	207.95034320175532	11.953742121673466
0.0743368	193.2251401315782	11.970359605201395
0.0746352	217.7923519005843	11.97522454585686
0.0749337	192.47802010233968	11.899142872752048
0.0752321	217.58410752923987	11.934910825671693
0.0755305	198.64654751461885	11.87771042046879
0.0758289	185.2352203947384	11.795906076212528
0.0761273	202.98751154970773	11.850402574191687
0.0764258	205.9750081871352	11.858037446973253
0.0767242	215.9931784356722	11.860446207137006
0.0770226	191.4581083333337	11.709547921841308
0.077321	191.9445571637433	11.806338976439308
0.0776194	200.3736143274839	11.774950171172842
0.0779179	209.79405058479534	11.795696527520386
0.0782163	190.7452478801165	11.725201225561149
0.0785147	197.6807967105264	11.633626422046444
0.0788131	181.38649656432648	11.715713679705201
0.0791116	202.57230665204744	11.641243183146301
0.07941	188.8121630847951	11.72568049153751
0.0797084	184.2315795321636	11.6624830467167
0.0800068	184.321747514619	11.667429459931439
0.0803052	177.50522785087668	11.922401363065772
0.0806037	174.46981140351	12.05685175084067
0.0809021	176.13814985380102	12.357869162015382
0.0812005	165.33165782163712	12.34496418103911
0.0814989	173.73679166666824	12.580255825983194
0.0817973	174.28847097953252	12.846411076854233
0.0820958	160.42275431286532	12.676267557905074
0.0823942	156.2620279970759	12.964473776597416
0.0826926	152.73198991228122	12.860028726345409
0.082991	173.68604166666657	12.949457230580174
0.0832894	186.329945687133	12.981240876869466
0.0835879	166.14447704678236	12.96726660349821
0.0838863	179.21523983918058	13.245746844251979
0.0841847	173.17080226608155	12.96064131653062
0.0844831	166.3169395467836	13.170593782809425
0.0847816	137.97165942982403	13.019464864158714
0.08508	148.07683640350987	13.20379793568083
0.0853784	158.5552453947362	12.847877887244051
0.0856768	153.91712317251347	12.393187041180507
0.0859752	154.29115190058496	12.373518953918863
0.0862737	163.59872595029293	11.998878829286783
0.0865721	167.17085767543935	12.057525990569387
0.0868705	162.0295587719309	11.943150756331583
0.0871689	156.8457937134486	11.812154646783217
0.0874673	150.99638698830353	11.765954503128697
0.0877658	162.887198464912	11.672423969620176
0.0880642	143.7325069444438	11.643437935224636
0.0883626	144.12383406432824	11.691873732218209
0.088661	152.7192374269012	11.549828386627611
0.0889594	143.51202024853848	11.726453925012597
0.0892579	175.21773172514557	11.475193179114651
0.0895563	130.6871007309946	11.516151186212198
0.0898547	145.46410687134573	11.520397971342797
0.0901531	138.8781251461972	11.456470767075755
0.0904516	147.98074400584716	11.496266945770078
0.09075	140.00526279239722	11.35745886224203
0.0910484	153.5838796783625	11.495717083122196
0.0913468	132.66083823099314	11.414583619732948
0.0916452	154.41937675438572	11.376465256647858
0.0919437	138.7857916666669	11.408029021934382
0.0922421	138.1978586988295	11.305211633973446
0.0925405	134.1657491959056	11.379019060570824
0.0928389	135.14561717836287	11.290806534173361
0.0931373	124.80317807017492	11.287275511333988
0.0934358	133.3427359649105	11.196215230850946
0.0937342	128.79770453216295	11.243224828086785
0.0940326	154.86478245613895	11.2592315479518
0.094331	136.82811220760237	11.204804408632763
0.0946295	135.32390942982465	11.213061190575754
0.0949279	130.37736608187282	11.138481762361135
0.0952263	113.32413954678287	11.161486535175996
0.0955247	107.89843545321759	11.11788484089748
0.0958231	132.81530899122828	11.12790465013045
0.0961216	137.66791418128525	11.085657169826485
0.09642	130.00795285087648	11.02903135194157
0.0967184	105.1831400584792	11.130457596673427
0.0970168	114.19958421052698	11.0488441458476
0.0973152	103.15798530701684	11.009732135248596
0.0976137	125.32124766081942	11.049005812200814
0.0979121	148.44182397660717	10.985752856159715
0.0982105	121.93517419590499	11.041579946207172
0.0985089	104.86368932748604	10.898053982062018
0.0988073	114.63989546783452	10.916575815459142
0.0991058	133.2598135964921	10.992511970208898
0.0994042	135.33568508771856	10.932541364670717
0.0997026	132.24793187134514	10.937962134117555
0.100001	138.35608377192955	10.813074917576936
0.100299	112.28063092105394	10.92557654572584
0.100598	126.6130526315785	10.922585604930964
0.100896	100.00636681286657	10.81683638185889
0.101195	98.12726951754364	10.84309070886748
0.101493	128.60974480994093	10.769234658750154
0.101792	140.75340519005897	10.850956416348867
0.10209	131.2532497807013	10.87527916642435
0.102388	113.0256514619883	10.74658401465165
0.102687	118.57048501462046	10.775064998919111
0.102985	118.36564239766233	10.722628334223284
0.103284	109.07606776315752	10.768752915413325
0.103582	113.55627039473717	10.677931477208725
0.103881	115.7525633771926	10.689423930880801
0.104179	116.84606725146132	10.749373793085152
0.104477	117.80119371345101	10.691486863199966
0.104776	105.66822573099344	10.674927562566902
0.105074	109.71274283625725	10.592306180703378
0.105373	107.10847266081899	10.67254103639757
0.105671	113.99734510233863	10.59575745672182
0.105969	106.86332785087586	10.679257700327812
0.106268	99.81149049707412	10.617892877224232
0.106566	126.63486776315729	10.536032856235355
0.106865	122.27682229532164	10.633430561689499
0.107163	117.03709663742757	10.574501286044452
0.107462	105.79652785087646	10.556405329972382
0.10776	115.45215540935693	10.528625631667483
0.108058	105.52029137427056	10.527397196098196
0.108357	112.85761615496959	10.536096640554602
0.108655	114.97216776315739	10.445287241767106
0.108954	108.39595738304183	10.471358101304514
0.109252	111.01148538011785	10.503480778338357
0.109551	108.20020453216308	10.502854264219206
0.109849	103.77634627193139	10.480088844922717
0.110147	106.63457010233927	10.352805591433667
0.110446	105.16772061403373	10.422306608346833
0.110744	118.91419166666566	10.416152079608485
0.111043	107.60867792397626	10.400941105629169
0.111341	108.26047923976553	10.462558779270358
0.111639	101.58770263157926	10.295871529755361
0.111938	110.14196052631554	10.410169469181755
0.112236	85.27718735380184	10.335484480639442
0.112535	108.42426491228025	10.36055395744237
0.112833	108.93857046783779	10.334005384086796
0.113132	103.580548391813	10.32641577371766
0.11343	105.1571929824538	10.395182905666447
0.113728	98.4738038011703	10.208585944016201
0.114027	108.09973099415146	10.327273850449695
0.114325	93.27560124269112	10.265771479727901
0.114624	96.53262755847919	10.259215343905113
0.114922	94.08554831871271	10.299187036024668
0.115221	104.67633954678348	10.179209261822368
0.115519	91.20214853801038	10.245834326007389
0.115817	111.79887076023476	10.247054818806479
0.116116	84.22892302631581	10.16209064743136
0.116414	101.37688954678268	10.213684972752107
0.116713	109.80490694444448	10.195939258070524
0.117011	96.67151717836333	10.218371384913974
0.117309	93.63948969298292	10.172198691425926
0.117608	80.15105051169456	10.061515375125769
0.117906	98.35900328947467	10.165886204176514
0.118205	90.74137763157786	10.135883577832194
0.118503	97.5572750730992	10.16507601095655
0.118802	95.5703588450298	10.060402472294069
0.1191	102.40715650584804	10.079176043713773
0.119398	76.61828252924117	10.065023565887152
0.119697	95.31707704678382	10.093816393723877
0.119995	103.85032675438438	10.080457340696586
0.120294	82.67115745614049	10.01950828540601
0.120592	73.98915877193097	10.012337148067896
0.120891	91.64064736842214	10.046774860118102
0.121189	70.86390950292298	9.993329937535972
0.121487	87.03476966374282	9.98242954439439
0.121786	84.03828764619881	9.991711476764745
0.122084	67.04876827485371	10.004916322831404
0.122383	51.08825862573099	9.937143161287324
0.122681	92.08453947368405	9.95283785492668
0.122979	91.15381527777835	9.938840763899508
0.123278	75.57510804093681	9.9922246063732
0.123576	70.68494027777803	9.979574910143352
0.123875	90.23459195906419	9.885746653805311
0.124173	91.54100226608115	9.920242480538269
0.124472	59.07453815789523	9.882080631302196
0.12477	94.56582149122916	9.900893056580522
0.125068	81.39607214912402	9.837146718304798
0.125367	76.65505146198846	9.824499647341863
0.125665	94.49079766081887	9.939123325380532
0.125964	81.88798128655044	9.86962376939374
0.126262	79.40705285087745	9.897172465209803
0.126561	83.33483369883048	9.806166995347285
0.126859	103.38967302631673	9.794174673900123
0.127157	56.36089195906408	10.130975956730433
0.127456	73.80921169590742	10.209280724415311
0.127754	96.47404451754262	10.454569957804608
0.128053	78.83014846491207	10.405880964524087
0.128351	72.75576337719293	10.622958795103676
0.128649	72.84178304093565	10.625025473656219
0.128948	78.05749532163794	10.54979857664747
0.129246	83.47466790935712	10.420899702793067
0.129545	68.34767404970833	10.187677138382057
0.129843	53.324508406433324	10.22007695475865
0.130142	84.03743157894759	10.031311319023224
0.13044	65.9951577485387	10.061959003177048
0.130738	61.287549780702264	10.224199721814129
0.131037	73.33561410818916	10.021292781804648
0.131335	72.24072200292504	10.114847041971432
0.131634	83.99960752923995	10.003191703196167
0.131932	67.14699239766169	9.979443940343002
0.132231	88.11579890350842	10.054245349938645
0.132529	84.4758480263171	9.912434063246534
0.132827	92.60753720760071	9.95115267964819
0.133126	68.90229714912245	9.899869969565714
0.133424	73.82658837719163	9.974388171529416
0.133723	77.76170233918045	9.878129771301408
0.134021	75.6075587719289	9.82113026805067
0.134319	70.61346812865402	9.83492742199864
0.134618	70.9243346491234	9.730079078711778
0.134916	62.82669371344994	9.775429002068325
0.135215	73.28188910818604	9.745983822083524
0.135513	62.274624488303445	9.59231908027804
0.135812	67.32605270467843	9.712506899743682
0.13611	80.12903940058614	9.62253780614625
0.136408	74.15942046783677	9.63932031401034
0.136707	84.84530372807207	9.597910708509131
0.137005	82.61055986842052	9.645934935939097
0.137304	59.79776966374338	9.644077342912501
0.137602	62.31784437134472	9.564621178473734
0.137901	72.85100482456095	9.590333637004662
0.138199	71.08407536549727	9.50522325198638
0.138497	72.69695570175365	9.579499361822203
0.138796	76.37189276315858	9.563070874893695
0.139094	52.899204166666465	9.52060751863159
0.139393	63.68633106725234	9.512809152487392
0.139691	72.10911176900751	9.492904465552884
0.139989	72.46435921052587	9.575138062685973
0.140288	59.25541038011673	9.448976960311558
0.140586	65.54684714912277	9.493751816267903
0.140885	71.78635087719286	9.548941639497698
0.141183	64.16646352339086	9.403497282258002
0.141482	62.659416228068636	9.487333058240665
0.14178	45.454916520467705	9.38868244325685
0.142078	60.18751001461929	9.447662545792161
0.142377	67.12584195906501	9.424209575003346
0.142675	53.69664334795331	9.468257350508294
0.142974	51.380504532162234	9.436339432109092
0.143272	60.92307339181211	9.371594881072394
0.143571	62.03419546783529	9.642139630099237
0.143869	66.15269510233858	9.780855003463913
0.144167	42.22753070175379	9.871966247665721
0.144466	44.83339992690013	10.036046025008938
0.144764	64.53842141812878	10.03347669295567
0.145063	71.77869130117003	10.21384537560311
0.145361	48.95314042397786	10.149021617766657
0.145659	56.00896695906627	10.187549244424167
0.145958	71.41407470760193	10.266337575804915
0.146256	57.114448099414545	10.228203011198982
0.146555	70.7230585526316	10.34514784335343
0.146853	61.958502850875874	10.18575617521588
0.147152	54.46978464912398	10.371782480067951
0.14745	63.88550051169645	10.347560107357817
0.147748	48.90720241227946	10.330831218413286
0.148047	48.26552346491283	10.414729384033516
0.148345	83.65284144736854	10.312150689950418
0.148644	66.94869283625785	10.256540023434388
0.148942	50.51048640350736	9.88375475836953
0.149241	59.073232821636594	9.788812682520511
0.149539	53.88986125730952	9.752374059669213
0.149837	49.18825599415314	9.65442392608986
0.150136	46.51001352339094	9.644332778957468
0.150434	60.57402821637446	9.526323831060033
0.150733	55.440173464912164	9.514914080304353
0.151031	58.52757872806947	9.546187807827348
0.151329	53.82520489766016	9.462598594551109
0.151628	68.00964619882919	9.463304340048015
0.151926	54.98221790935709	9.333246263499662
0.152225	65.93411498537982	9.427617724773297
0.152523	60.74063589181314	9.408909924033617
0.152822	60.2235318713462	9.383656791648203
0.15312	58.876801461987185	9.338192772799786
0.153418	56.42202938596526	9.293336770440584
0.153717	67.73735694444333	9.409135838621294
0.154015	51.55660621345007	9.325943979074934
0.154314	50.58295328947352	9.3316021915286
0.154612	61.00400116959264	9.345864536904626
0.154911	60.90547207602221	9.370663235844916
0.155209	53.73567909356531	9.35234553754024
0.155507	54.83347609649016	9.284093394238933
0.155806	56.018252704680265	9.29062643254587
0.156104	69.8953172514625	9.28034516157501
0.156403	60.86149641812952	9.281284691688747
0.156701	75.64478055555561	9.267844081089715
0.156999	57.18129195906435	9.163797230276009
0.157298	45.26268567251314	9.300661317489658
0.157596	57.93605314327564	9.211693906063427
0.157895	64.86187412280714	9.265556378735544
0.158193	44.517436915204556	9.155197941123745
0.158492	49.166305263157426	9.150130667971506
0.15879	62.0346099415201	9.249797191189682
0.159088	56.128687426899546	9.107753248946718
0.159387	54.205350438596085	9.194925235411139
0.159685	50.46347690058454	9.137657290230544
0.159984	61.00165964912122	9.153939979974233
0.160282	54.77363377192958	9.201831904512877
0.160581	55.482249195904316	9.046833328615284
0.160879	69.63696761695992	9.182501375888457
0.161177	66.73466067251354	9.084452262884149
0.161476	47.14364502924049	9.106613685424156
0.161774	57.85027244152019	9.14623463280853
0.162073	65.68243888888894	9.000306701465403
0.162371	50.12908669590594	9.14210549616164
0.162669	54.11068413742541	9.020916454640796
0.162968	56.34734378654905	9.068426717606217
0.163266	52.452747441520415	9.003776067623317
0.163565	46.179034283626166	9.037654293866298
0.163863	49.62881644736797	9.082609066737811
0.164162	53.86421198830554	8.947975995938032
0.16446	53.75426747076084	9.029763747376924
0.164758	55.08951900584691	8.982709732045517
0.165057	29.925962499998207	8.982995061753691
0.165355	58.519135745615145	9.045377732471104
0.165654	43.88906052631718	8.90990243617589
0.165952	50.98564875730858	8.958381324877761
0.166251	57.28842266081962	8.945181172784622
0.166549	60.63712185672436	8.98140996206408
0.166847	45.35194488304114	8.94249007021749
0.167146	37.09059195906519	8.912344737404709
0.167444	47.0096180555543	8.978245403163752
0.167743	47.31209429824602	8.888154989689752
0.168041	45.17028106725064	8.897713395542729
0.168339	60.34855146198879	8.880354986235927
0.168638	52.10081937134461	8.87660113590188
0.168936	52.6519731725152	8.985445371445127
0.169235	39.911146783625426	8.820667761228295
0.169533	44.51406483918085	8.860394576615871
0.169832	43.7255061403507	8.854737375013658
0.17013	39.550921052631764	8.899162808771928
0.170428	48.42129802631611	8.87099787226464
0.170727	59.075079532161965	8.790638566647532
0.171025	46.99071089181473	8.8444648062163
0.171324	46.16685438596498	8.782810208263198
0.171622	47.66659364035149	8.858144312498279
0.171921	59.60871798245691	8.786657073191998
0.172219	42.80253925438814	8.76831464775647
0.172517	62.79683369883159	8.854157140482261
0.172816	47.53037967836285	8.791408664198926
0.173114	49.25235102339222	8.805174263638744
0.173413	48.321901608186906	8.709120712634883
0.173711	53.15094883040807	8.758960748824043
0.174009	43.67988998538081	8.829964872084636
0.174308	44.426800219297675	8.674872930672246
0.174606	59.51411615496994	8.79382573281981
0.174905	45.15320730994141	8.682936268814665
0.175203	44.033014912281416	8.74392032948574
0.175502	34.338527631580504	8.705912956893052
0.1758	52.88868881578857	8.702074386727288
0.176098	49.14982967836259	8.716842247535027
0.176397	40.69693720760277	8.682656383433644
0.176695	40.42764035087792	8.720100621746976
0.176994	28.201032017543426	8.63346810056456
0.177292	28.524993859649896	8.690516580544617
0.177591	36.819878216374846	8.677337023770358
0.177889	50.1676434941529	8.63411580319994
0.178187	45.5373077485379	8.654968843844832
0.178486	51.328039327485584	8.637536030176982
0.178784	39.27090826023388	8.628382632236017
0.179083	35.27909071637396	8.634959232274607
0.179381	38.22503969298246	8.646549020400908
0.179679	41.519851681285544	8.589428891578658
0.179978	38.6866989035083	8.619973371127672
0.180276	44.27909612572954	8.610167124646564
0.180575	27.778182383041354	8.614089490523332
0.180873	45.720741520466035	8.556882031316258
0.181172	44.149300365497766	8.603745195566326
0.18147	42.868623757310544	8.54892757762247
0.181768	39.55407668128629	8.588217120420536
0.182067	40.95025175438785	8.609545157861138
0.182365	38.924914839179436	8.520470236591283
0.182664	34.326816447368316	8.571200675565674
0.182962	47.13679342105323	8.563075286266617
0.183261	65.84686571637619	8.578894976659665
0.183559	42.693900073099584	8.464542182144932
0.183857	40.497872149122	8.544761598528769
0.184156	55.234588377191685	8.539396208158434
0.184454	29.06945314327423	8.517722304658928
0.184753	38.77557331871458	8.530637907264426
0.185051	57.08475131578922	8.474719635306098
0.185349	29.922177485378683	8.515698000540105
0.185648	40.2533065789477	8.452077475680138
0.185946	41.799754459066065	8.511859416089923
0.186245	43.349281725146724	8.50160327188758
0.186543	35.5483522660807	8.413565493601645
0.186842	37.170958406433456	8.523370093811831
0.18714	43.40014788011729	8.400405021590865
0.187438	34.016279459062986	8.4579879637621
0.187737	33.36857529239623	8.454864031839426
0.188035	37.93684181286608	8.411933750174743
0.188334	41.80594751462124	8.503167773310906
0.188632	50.72052529239649	8.361777452300323
0.188931	59.40235255848144	8.461357285668955
0.189229	24.10492061403474	8.431384274923813
0.189527	38.11963033625716	8.37536418977256
0.189826	61.50615190058559	8.428976023583633
0.190124	21.416403289472896	8.351744939428434
0.190423	37.953556359650165	8.44160490771179
0.190721	19.676778947368447	8.33281239150274
0.191019	32.395764619884346	8.373475252033229
0.191318	39.78862580409377	8.413600110954066
0.191616	37.0255784356732	8.311331483363825
0.191915	26.5852728801174	8.3791907834839
0.192213	41.54613238304002	8.307808501771605
0.192512	47.12869276315999	8.340970879510648
0.19281	40.49754773391946	8.300603003024177
0.193108	41.79245051169438	8.292931887350298
0.193407	36.65252500000079	8.32624450313215
0.193705	33.25969612573189	8.244066710862391
0.194004	37.41151586257352	8.31291161055097
0.194302	51.22175701754301	8.336244500693685
0.194601	55.89831578947482	8.256238918537472
0.194899	44.34111673976652	8.292900780977428
0.195197	31.559648903509157	8.227822236561583
0.195496	52.204794956141356	8.307827490799632
0.195794	41.74352828947448	8.238672412622876
0.196093	34.14430577485412	8.236656351586639
0.196391	47.82366381578889	8.301914375076871
0.196689	29.83060080409281	8.260823968592346
0.196988	32.132919736842	8.293473439876875
0.197286	48.23185131579038	8.206463108277564
0.197585	51.964314254385044	8.2396093032589
0.197883	34.529739181286345	8.250725913835645
0.198182	36.51393983918361	8.269686112376451
0.19848	30.806782017543384	8.23819707734103
0.198778	35.11500365497028	8.193484600245768
0.199077	40.20809926900512	8.236637742340994
0.199375	27.983385233918128	8.219208292328378
0.199674	31.16825372807	8.246893188127236
0.199972	27.89272141812816	8.165705762154351
0.200271	28.134237280703758	8.214349644978332
0.200569	22.58563252923814	8.212985758055945
0.200867	34.876800511696686	8.140922555555978
0.201166	26.542642470760498	8.192243257189647
0.201464	33.873265058480726	8.164038790378532
0.201763	35.58952127192896	8.2063327466879
0.202061	38.933442763157515	8.172630835034445
0.202359	31.837107821636934	8.132251567548396
0.202658	32.72862741227961	8.17219004957605
0.202956	46.7806970760212	8.142809315151665
0.203255	48.95977200292343	8.180791484086868
0.203553	38.334248391812835	8.152817961629179
0.203852	11.597517105262867	8.08399749178438
0.20415	19.598222880116936	8.168511731716086
0.204448	39.48981535087768	8.10714624926293
0.204747	43.63998077485505	8.09251655709221
0.205045	50.08307090643228	8.121627151044244
0.205344	37.1644562865508	8.084579704123565
0.205642	44.17857858187077	8.136986238364615
0.205941	52.928452704677866	8.092135500089533
0.206239	43.26660650584664	8.112746873642681
0.206537	39.95553435672491	8.112390370571513
0.206836	45.37398823099316	8.221346473653778
0.207134	42.46233567251359	8.399879952706762
0.207433	39.52204451754504	8.435662084035187
0.207731	37.032445906432514	8.538219875739022
0.208029	34.73232163742729	8.602713573701827
0.208328	40.032829093567415	8.620014172662426
0.208626	31.184201754387146	8.659466414310728
0.208925	21.92353333333166	8.630739595050322
0.209223	16.17628925438808	8.680448266275892
0.209522	24.570927704679377	8.738276709173796
0.20982	40.00104510233946	8.695985700567789
0.210118	35.40993187134603	8.721681407869973
0.210417	32.047042836256736	8.786652932541331
0.210715	27.997847295320568	8.801049321148454
0.211014	25.29543486842158	8.74040330679865
0.211312	39.30272192982393	8.798967292234476
0.211611	28.981662499999885	8.801030422368658
0.211909	42.53038508771873	8.65244986694406
0.212207	56.53744035087783	8.518257411096753
0.212506	51.72695438596662	8.381897484776164
0.212804	42.38804356725062	8.332321506263527
0.213103	38.89123347953095	8.298215875620189
0.213401	37.47155826023324	8.321869231835105
0.213699	39.06746154970719	8.239694036011494
0.213998	43.51523187134532	8.243110824704534
0.214296	31.435809795322314	8.253656492110318
0.214595	27.688377704678118	8.210101208036138
0.214893	15.08044795321645	8.195727167794592
0.215192	27.378886111110106	8.145259496058404
0.21549	35.09387112573165	8.211148079086549
0.215788	25.816177558480078	8.2211239545043
0.216087	35.74735285087776	8.107449220322952
0.216385	19.623796418130155	8.145908385707509
0.216684	33.587844663742175	8.104793863422305
0.216982	41.01526630117036	8.146079866766627
0.217281	38.07843932748433	8.136902749029787
0.217579	34.53906228070295	8.093489352749014
0.217877	44.90303150584829	8.141588331284238
0.218176	24.74489049707543	8.074043827221923
0.218474	39.452150438597045	8.10064111577111
0.218773	35.074042397661174	8.05714680874866
0.219071	37.2454618421051	8.070477436022337
0.219369	35.514400219297855	8.106923969540704
0.219668	41.21517616959082	8.025402811773523
0.219966	31.512217763158503	8.068264815154564
0.220265	30.734269078947065	7.994565600931322
0.220563	32.11778019005692	8.050718990390362
0.220862	41.058463669590566	8.067362158422291
0.22116	20.359142324562285	7.937382061013281
0.221458	29.099118713449954	8.016942493520729
0.221757	37.93221096491038	7.970212695249701
0.222055	22.671517616958425	8.045139777415002
0.222354	34.05756666666562	7.982612304490619
0.222652	38.34990628655056	7.968108171297738
0.222951	26.376736842105046	7.985973941630372
0.223249	32.35519276315699	7.9568186510815115
0.223547	31.76773823099559	7.987485475072678
0.223846	29.68418106725025	7.901650455696808
0.224144	40.736420175438184	7.955413937598764
0.224443	22.482112353801824	7.989075794979911
0.224741	36.750659064326996	7.900900991401905
0.225039	33.53602521929908	7.948279560728259
0.225338	36.0520933479517	7.899047090620951
0.225636	22.189933479533295	7.901396093985482
0.225935	33.27964612573126	7.92778422527349
0.226233	30.329199342105966	7.885480002618264
0.226532	32.261544736843035	7.902426715991182
0.22683	25.487442105261948	7.8576540889901985
0.227128	28.967133406433234	7.920238981170419
0.227427	30.313039985380144	7.856517858587258
0.227725	26.01445255847935	7.839503813819188
0.228024	16.896459795322514	7.908908614761079
0.228322	26.672666447367988	7.849223504717899
0.228621	52.667359356724575	7.90925862697227
0.228919	30.791131798244677	7.801507861483799
0.229217	32.195944298246175	7.8252936906434005
0.229516	41.788504312866834	7.880400526223325
0.229814	33.567117909355844	7.809830004528017
0.230113	16.640951608186967	7.8205595689602605
0.230411	42.599814546784245	7.808790520783488
0.230709	29.072345248537914	7.869304540965829
0.231008	37.75708508772013	7.824797376249171
0.231306	25.973345467836282	7.787887581019451
0.231605	31.415270321638076	7.826846293209711
0.231903	27.04401798245648	7.7489444950035455
0.232202	22.213826096491687	7.801902275021144
0.2325	18.461472514618364	7.764972123017895
0.232798	34.73023596491217	7.7821767280855525
0.233097	20.512893640351137	7.790095116621686
0.233395	43.78050372806989	7.7544546611163
0.233694	27.808139108186012	7.79961555523167
0.233992	35.97435957602379	7.706424829288508
0.234291	29.47193011696058	7.767951340251982
0.234589	34.532161549708036	7.762562210749529
0.234887	28.53172368420978	7.717670860731996
0.235186	32.90577755847778	7.792015334136211
0.235484	23.970067251460918	7.709427261904943
0.235783	9.436733771929724	7.727604694823092
0.236081	37.58856622806988	7.7274169583364145
0.236379	34.086542982457146	7.702597943921901
0.236678	20.665784283625257	7.758190295631045
0.236976	38.02836732456129	7.679376101214617
0.237275	37.532966374268284	7.746091969026565
0.237573	31.570889327484366	7.680513256445557
0.237872	26.767601900584523	7.676268764841596
0.23817	32.90450804093673	7.719282010463505
0.238468	29.935665277777517	7.6741340091668935
0.238767	24.694297076023233	7.685502033837319
0.239065	28.499280116957237	7.636248977256424
0.239364	24.03882485379981	7.670017312303986
0.239662	33.779774634502786	7.684762227674648
0.239961	27.38905043859539	7.692243829261696
0.240259	31.311622733917375	7.666863066121433
0.240557	29.904535745613643	7.626771004637906
0.240856	21.770189839181597	7.659054252949628
0.241154	33.947740862572786	7.657053952334382
0.241453	28.193213815789093	7.635759694536422
0.241751	49.41311564327435	7.64246048741744
0.24205	17.28541827485344	7.625306206200399
0.242348	18.26199861110929	7.637630862570505
0.242646	24.72546191520273	7.578521624556622
0.242945	34.500549999999635	7.621358603721692
0.243243	20.43276410818713	7.56956531148023
0.243542	25.887872807018795	7.61337919976649
0.24384	16.39521016081794	7.56715592418318
0.244138	19.944224999999918	7.521761110865025
0.244437	33.80803559941555	7.603961243764262
0.244735	34.52126652046694	7.571562072841381
0.245034	19.597024488302637	7.566891420120865
0.245332	20.68913296783542	7.546886296235495
0.245631	34.93579444444457	7.531684798458002
0.245929	19.820048684208018	7.567968756033216
0.246227	20.981348172513563	7.518452201135438
0.246526	24.30425073099336	7.558615361325215
0.246824	26.198119152047212	7.5023144199125475
0.247123	30.381306871346965	7.514520892726062
0.247421	30.72292375730953	7.609113469835174
0.24772	19.15983355263151	7.467825836142882
0.248018	35.32511162280713	7.556895199726655
0.248316	32.781783406432936	7.522934733268514
0.248615	29.186465716372894	7.518470187123085
0.248913	28.828092324560615	7.573500385239629
0.249212	33.08484042397602	7.469865374748805
0.24951	23.240362792399196	7.511569490835265
0.249808	21.501766959064526	7.496414297908306
0.250107	13.992174634503343	7.4981244284121376
0.250405	28.598319371345795	7.502975031724281
0.250704	20.76122938596491	7.468834028538579
0.251002	35.61601944444462	7.534631941723971
0.251301	33.10547967836207	7.4639705491739505
0.251599	25.515223099416176	7.480316065984359
0.251897	23.241406140351017	7.479543647356369
0.252196	39.39771213450214	7.47836551566611
0.252494	18.962806067251705	7.519055432101562
0.252793	27.719459649123834	7.434126691601484
0.253091	29.56038647660904	7.447535764739677
0.25339	30.845339327485846	7.457209174591156
0.253688	22.240026973683413	7.472811573574654
0.253986	19.345514181286774	7.4720435172784425
0.254285	22.44672807017494	7.3887075852055855
0.254583	32.93224605263333	7.476482376138653
0.254882	39.50421652046792	7.439519717186977
0.25518	19.661506359647944	7.440748824334801
0.255478	28.24710051169525	7.434978910495551
0.255777	28.90401469298226	7.422975004255422
0.256075	36.156515643275355	7.436539998687609
0.256374	36.46620372807	7.413523465878184
0.256672	37.4133354532168	7.429033108248916
0.256971	29.096863157895783	7.412755731747458
0.257269	12.468322222222241	7.394566331851243
0.257567	20.197470979531786	7.454453503989367
0.257866	22.82041600877335	7.37262080581771
0.258164	24.134417324561923	7.384719296509373
0.258463	36.489216228071086	7.410250385657461
0.258761	36.612314912280084	7.394194907825297
0.25906	31.678884283624882	7.370880029623119
0.259358	25.934049269006465	7.355283186645303
0.259656	11.66531988304122	7.399004284686914
0.259955	27.198625365496554	7.405425712404426
0.260253	13.615406286549145	7.34143172848042
0.260552	23.65424239766277	7.3572824948566655
0.26085	10.809104239765688	7.331313592322717
0.261148	15.63215029239828	7.374905476498759
0.261447	21.656484356724448	7.353452321494683
0.261745	27.40418435672545	7.3415746262434585
0.262044	28.891313377192418	7.3161065812960695
0.262342	23.99908961988359	7.3565845056959365
0.262641	32.35550899122849	7.347345649943615
0.262939	35.2222131578943	7.324114629434503
0.263237	31.1750239766085	7.325065781089129
0.263536	10.730903801170797	7.27669814952131
0.263834	23.952924415203967	7.371091956029188
0.264133	26.811995614034032	7.296326026918668
0.264431	25.415712573099114	7.287379038055858
0.26473	21.698494590643378	7.350213494168659
0.265028	32.03020036549674	7.282633656860468
0.265326	26.96945416666715	7.316299775958403
0.265625	28.857320906433443	7.257546437629195
0.265923	13.018764766083066	7.288480333707188
0.266222	26.2584373538013	7.332481283032328
0.26652	14.138878874268315	7.237576294171382
0.266818	14.224788523392178	7.307942893324114
0.267117	18.71198040935802	7.250037325354042
0.267415	23.675527923975892	7.291838151199985
0.267714	22.262959137426748	7.296637478313414
0.268012	26.05823940058343	7.227434555652758
0.268311	22.148239985379874	7.262253168587832
0.268609	15.571868421052315	7.240142093159327
0.268907	32.84052404970751	7.2917588986780215
0.269206	12.637223830410207	7.249673753825338
0.269504	15.271432309940565	7.227334084508405
0.269803	28.79905869883089	7.279077035930084
0.270101	14.021703581871634	7.350468984154588
0.2704	12.443429751462673	7.49140879630154
0.270698	16.825948611110064	7.5437662870306434
0.270996	31.830370833333035	7.606075485325782
0.271295	37.21815519005986	7.6846386033419005
0.271593	28.10960475146004	7.655778469965508
0.271892	23.585392178362596	7.685134917291073
0.27219	16.275154532162617	7.659811712183475
0.272488	21.300639254385203	7.731015800923605
0.272787	32.23430665204603	7.749028993492356
0.273085	14.149491447368021	7.745887288610107
0.273384	9.999362865496266	7.77922925675257
0.273682	12.357761111111074	7.778076891060713
0.273981	26.52888092105279	7.867050148056327
0.274279	22.343251900584278	7.759334779720675
0.274577	19.51793574561492	8.005834929117842
0.274876	19.27809415204713	8.214249985908513
0.275174	18.87727046783553	8.164956038619005
0.275473	25.089230628656125	8.376894185582982
0.275771	19.700537500000905	8.321032485040986
0.27607	25.01058347953034	8.540603400210442
0.276368	21.36191432748582	8.583963550449672
0.276666	11.723595906431825	8.604981113335938
0.276965	18.408302192981978	8.758801617413152
0.277263	30.530728728070073	8.685065377417153
0.277562	32.73997682748664	8.947496112082598
0.27786	33.60325694444363	8.888274922341234
0.278158	28.440682236843102	8.867950142058866
0.278457	20.86798603801249	9.023266857200277
0.278755	34.98820592105254	8.956453432724674
0.279054	22.126462719299695	9.125061403735637
0.279352	29.38104831871243	9.01575532874867
0.279651	16.88283486842124	9.101229180229485
0.279949	22.762583114033177	9.170225838299302
0.280247	28.73850614034957	9.17600115939379
0.280546	37.404612061404094	9.276182159149627
0.280844	32.39431907894776	9.168371665861933
0.281143	18.49447638888769	9.304301502017816
0.281441	10.244003654969305	9.342432946812185
0.28174	17.199550584792718	9.321639498438172
0.282038	20.465219956140714	9.463485992474595
0.282336	29.6410384502947	9.356279996894205
0.282635	19.751329459063243	9.471215863549961
0.282933	29.379967105264484	9.48580343850978
0.283232	23.461256798245813	9.525639513232663
0.28353	23.978189912281707	9.624811975167628
0.283828	19.911432967837257	9.501795676520594
0.284127	17.743480774855342	9.715991364357002
0.284425	8.897901608187269	9.546080052849799
0.284724	29.23178969298185	9.666729243012627
0.285022	19.24965102339229	9.751182817373312
0.285321	2.2427411549694654	9.71711837249267
0.285619	30.318336038011964	9.786860269090534
0.285917	16.712393567249393	9.735740474909186
0.286216	15.132552923976945	9.811849859710742
0.286514	16.238019736841665	9.805300639751385
0.286813	23.40671564327458	9.846549125976525
0.287111	41.093549634503006	9.890544573546514
0.28741	22.118838961987493	9.781828588662513
0.287708	16.907250438597785	9.874826926486241
0.288006	21.56411966374108	9.931538822194817
0.288305	34.303292763156605	9.929279039535878
0.288603	18.662003070175288	9.974303995457158
0.288902	21.967290497076135	10.030523114018637
0.2892	10.599877412280634	10.057646528844485
0.289498	27.884181725146533	10.016590818419925
0.289797	23.316771271930392	10.077537840618568
0.290095	25.878479093567464	10.113669331639144
0.290394	33.702716812865035	10.173370294616856
0.290692	29.550567543859856	10.207406361235012
0.290991	24.217572514617558	10.171051972291094
0.291289	27.169882383041255	10.248369630563582
0.291587	25.470641593566583	10.286394483278887
0.291886	23.484447880116974	10.306076411973292
0.292184	23.774763669590087	10.289950719016314
0.292483	23.715036988304377	10.38087843752918
0.292781	21.793621418130016	10.413736812050677
0.29308	34.94570343567105	10.403048379220431
0.293378	13.102499195907527	10.44456132991846
0.293676	19.346363084794973	10.453940735849718
0.293975	22.33927602339115	10.579416363540027
0.294273	22.94580709064263	10.555341361633474
0.294572	33.26950994152007	10.522206159504497
0.29487	17.91411140350931	10.584191715187513
0.295168	24.142042616959642	10.633345925224305
0.295467	16.757676096491707	10.66965359580141
0.295765	16.353885087720172	10.696533347993203
0.296064	35.06640226608191	10.607183417075445
0.296362	21.75988121344936	10.81612410844714
0.296661	14.909836257310047	10.77228045005527
0.296959	32.91859554093449	10.801534936745343
0.297257	14.941440131579427	10.832283187573578
0.297556	31.63097573099371	10.792622963675136
0.297854	23.054654532163354	11.051050461228378
0.298153	17.666524269006914	10.867918004668036
0.298451	24.779501608187857	10.906217579083956
0.29875	10.33233823099387	10.925773455401899
0.299048	6.1121840643262	11.012842505542155
0.299346	20.298376388888286	11.055935381465913
0.299645	14.399070614035239	10.934994593167746
0.299943	23.332514619883398	11.022183170577245
0.300242	23.440224561404506	11.115532561278561
0.30054	11.814138450292404	11.148272441758417
0.300838	30.54254225146309	11.116568108063914
0.301137	29.581284649122424	11.117268549061874
0.301435	12.607344883039815	11.231377951699821
0.301734	13.03761154970843	11.17745667129772
0.302032	14.241606432749094	11.249678506180738
0.302331	8.886660160818565	11.260448713243319
0.302629	7.770369444443972	11.317824521215247
0.302927	8.569887134503915	11.458025604735802
0.303226	45.35064261695851	11.244042288702305
0.303524	20.676554459064462	11.445700352102989
0.303823	42.090855701755174	11.435450121337029
0.304121	4.283965204677358	11.463300776989996
0.30442	6.694101023390999	11.594997085499294
0.304718	31.96781133040858	11.386925571263157
0.305016	25.79061578947389	11.674585969487374
0.305315	19.116704239767017	11.545271978336077
0.305613	20.28207785087801	11.74651221853445
0.305912	18.154027192981346	11.56934628053633
0.30621	14.4676276315775	11.677379654838784
0.306508	-5.97678574561364	11.823870306233207
0.306807	37.97386096491216	11.680842103586198
0.307105	20.623266959063713	11.870001383644558
0.307404	18.286599415205913	11.735041032206928
0.307702	30.716795175438563	11.867085701244791
0.308001	30.656356213450593	12.078135812502333
0.308299	10.011882529238534	11.84077182622561
0.308597	28.427666228069768	12.036892716050978
0.308896	28.84311264619882	11.90349278338721
0.309194	6.2018725877195635	12.042475480920599
0.309493	1.191270540936742	12.043301830080903
0.309791	26.8654432748518	12.010965700338806
0.31009	6.712821418128456	12.206985439853582
0.310388	5.435651461988371	11.958423558004139
0.310686	10.327047295321563	12.137279830614082
0.310985	-4.574684210526243	12.045512729324848
0.311283	19.590955774853356	12.146574828658244
0.311582	32.94647989766105	12.298411116635371
0.31188	13.778879312866863	11.946438678658367
0.312178	8.634074269005296	12.225321649905222
0.312477	29.88833289473618	12.120791537153355
0.312775	14.966252266082734	12.259114772974563
0.313074	35.06491169590518	12.414848069487082
0.313372	18.935850950291098	12.16660244357438
0.313671	-5.692747953217463	12.398480570646234
0.313969	12.802543567250808	12.270746049065416
0.314267	8.997369663742205	12.44762042655417
0.314566	41.59416374269007	12.491708193184975
0.314864	32.72466432748551	12.46290844786565
0.315163	30.0858403508785	12.614453587408738
0.315461	20.031942982455533	12.413837734428979
0.31576	131.5896831871354	13.090135524775025
0.316058	4.118944809940714	12.595763072251692
0.316356	16.93139685672449	12.700419970736805
0.316655	20.881050146198987	12.818150686436269
0.316953	6.907304239766177	12.58834722954726
0.317252	50.00223932748355	12.84230414029183
0.31755	-0.6463399853794272	12.75500502657143
0.317848	28.899119298244216	12.908186116789132
0.318147	38.27884656432737	12.877026318625674
0.318445	27.192399561404272	12.90620938189142
0.318744	7.796592836258753	12.999512970000575
0.319042	35.05299634502933	12.858692296271101
0.319341	14.304826461988895	13.139000136135863
0.319639	48.70707763157931	13.045141211758862
0.319937	-10.51706710526311	13.190062521715205
0.320236	24.289118859650287	13.20006308194515
0.320534	17.157498903509136	13.057268289770919
0.320833	14.706307163744583	13.360219142547194
0.321131	34.3541394736846	13.118986262461965
0.32143	23.77315182748447	13.44203873032587
0.321728	24.80959035087693	13.356334838184669
0.322026	6.201228874270015	13.282249672657668
0.322325	20.890389108186156	13.630808957788592
0.322623	39.917674999999164	13.318992945666839
0.322922	17.634157456141608	13.674407213549332
0.32322	12.532655190057085	13.465126721534455
0.323518	17.856396198829998	13.559866026359275
0.323817	28.836520467838866	13.893528402146742
0.324115	20.103303070173695	13.387798959208428
0.324414	27.74473947368513	13.950849226369098
0.324712	11.706398318713198	13.622817882685933
0.325011	16.27393618421074	13.814997567438228
0.325309	18.644568055555908	14.104408788497944
0.325607	25.86845752923864	13.627654078438333
0.325906	21.126143274852964	14.146644388620985
0.326204	33.07180957602412	13.836460077873648
0.326503	19.290368713449624	13.999632835515525
0.326801	16.28429802631615	14.163096127530917
0.3271	36.382090643273344	14.03265667526473
0.327398	24.178950219297874	14.328074545531697
0.327696	11.547171345029952	14.024204860434727
0.327995	11.126457529238678	14.31921727560807
0.328293	46.48203501462007	14.32889477086337
0.328592	51.05626023391736	14.324147177919103
0.32889	9.607043055556659	14.707664700031575
0.329188	22.649098172515707	14.217136830814036
0.329487	28.500748684209398	14.648279734396862
0.329785	16.43850116958994	14.321543227252423
0.330084	39.62671959064451	14.695930255016235
0.330382	31.31837251461782	14.7945042510647
0.330681	19.035723245613312	14.55833038481962
0.330979	13.098229605264464	14.889528627021171
0.331277	54.77497902046686	14.59815170026233
0.331576	22.193300950292993	14.886918977168971
0.331874	16.021987865495504	14.913309268121068
0.332173	28.406244078946727	14.90080942555193
0.332471	14.196127923975652	15.26632454417447
0.33277	1.9033046052628322	14.780921646205256
0.333068	4.9750458333333825	15.231405065978008
0.333366	18.412207456141374	15.043113209448922
0.333665	4.121165570175762	15.214729706933428
0.333963	60.51267741228109	15.540211983455766
0.334262	27.893358991228183	15.013654144782738
0.33456	26.52057916666692	15.537071407276938
0.334858	15.297791812865285	15.142694097086588
0.335157	45.73470877192989	15.702000665810973
0.335455	24.673168128654126	15.548468025146045
0.335754	8.680454385964609	15.543538578197667
0.336052	16.17872748538133	15.923534820955949
0.336351	20.129240423977564	15.43543759398
0.336649	23.824052777778135	16.010170782066098
0.336947	23.538186184209167	15.677278889530431
0.337246	24.863459649122035	15.99928380862126
0.337544	21.550269078946585	16.299283110923003
0.337843	12.21317580409334	15.610207132703593
0.338141	15.02638114035122	16.35895369780137
0.33844	11.182366959064751	15.921412216349985
0.338738	20.13346703216449	16.338271600621017
0.339036	33.60144656432688	16.25807240989518
0.339335	37.630353874269105	16.154661234509277
0.339633	25.527653216374162	16.701015042656135
0.339932	9.337655628655028	16.182048580651028
0.34023	28.167229385965555	16.654346480135093
0.340528	33.70744130116954	16.524961726717244
0.340827	-11.512410307018541	16.605383564147616
0.341125	38.59685994152045	17.004239607684134
0.341424	9.428294883040422	16.47379326915028
0.341722	7.238290131580953	17.051572369307614
0.342021	-3.7711855263161453	16.676734202017347
0.342319	46.1710784356729	17.14970102885498
0.342617	18.079982748538157	17.26204101899144
0.342916	-4.54260343567185	16.827431059156382
0.343214	45.88094020467885	17.507179397590924
0.343513	3.613616447368173	16.88294207649166
0.343811	22.51832763157836	17.458227253676817
0.34411	33.038383040935955	17.15432923409482
0.344408	32.45968720760189	17.266115834217945
0.344706	33.73114152046931	17.59287656089345
0.345005	4.261561111111192	16.92862425898167
0.345303	28.961751900585142	17.614518174233016
0.345602	24.481157309940755	17.07243059667896
0.3459	55.97355555555531	17.34946275744072
0.346198	4.977928216375034	17.72382488521926
0.346497	31.707048538011335	17.011063459051396
0.346795	16.69139305555568	17.642057664408785
0.347094	8.404933260233989	17.17120175200022
0.347392	-11.938785014619313	17.622442742765987
0.347691	51.41647112573146	17.795301204016408
0.347989	28.144640570172825	17.614469710124386
0.348287	1.6031263888883984	18.11780755899236
0.348586	13.69618311403471	17.44527747607409
0.348884	20.10961944444425	18.215726043162874
0.349183	30.89101074561441	17.90329837838523
0.349481	15.749246271930204	18.288920815189673
0.34978	-13.923610964911575	18.622171414874824
0.350078	31.924201023390566	17.61035883459939
0.350376	40.374270979531914	18.83888377422015
0.350675	6.374471198830278	18.104957421435593
0.350973	30.720014766082784	18.860332978550463
0.351272	24.49616637426942	18.878448789312444
0.35157	48.26862741228069	18.310638937623423
0.351868	31.408725730993297	19.426209771104507
0.352167	7.003787573098137	18.35044415048447
0.352465	32.42929809941437	19.334217405418677
0.352764	36.83620847953222	18.93886201586032
0.353062	46.57474714912304	19.34342833522429
0.353361	54.9191595760243	19.765674556011028
0.353659	9.750757967837131	18.853476728730744
0.353957	17.95099239766145	19.889343752170195
0.354256	18.921617616958883	19.282573188975494
0.354554	37.485111038010785	19.775998860126183
0.354853	15.61364583333301	20.285757693066383
0.355151	67.08622032163667	19.28727488086016
0.35545	25.943677339180553	20.44585247485633
0.355748	24.80761980994167	19.620148778712608
0.356046	21.302937280702494	20.58682387652937
0.356345	13.744729751460909	20.42018669470788
0.356643	49.67853538011589	20.169045544936086
0.356942	9.446158187134657	21.337793442338345
0.35724	58.80539173976587	20.013801902643575
0.357538	31.58647200292485	21.266194916234067
0.357837	18.312846345029783	20.679642360773233
0.358135	-7.455427777776151	21.02701995300206
0.358434	-21.13441637426824	21.92428185919574
0.358732	35.424337134504285	20.499371909546248
0.359031	28.882123830409228	22.131051078705678
0.359329	61.70021666666649	21.038551745036095
0.359627	16.837382456142365	21.857697059755786
0.359926	-23.24858369882932	22.067324991004728
0.360224	13.138794298245813	21.58866022828035
0.360523	60.868719005849954	22.945557316779155
0.360821	29.562817032163267	21.52248222840711
0.36112	-13.040947807018028	22.907473450925636
0.361418	16.846854459062968	22.303122579314813
0.361716	44.69850409356617	22.67410988794177
0.362015	84.70267412280805	23.766763070142826
0.362313	19.86608391812773	21.994477741725657
0.362612	15.574191008771692	23.90377554285287
0.36291	-7.678995906433741	22.824172386041514
0.363208	1.7150486111098928	23.72245976106676
0.363507	81.71864166666609	24.509017127278238
0.363805	-6.873419736841555	22.84514579309155
0.364104	-4.980416081872434	24.863389066696534
0.364402	35.9877777777789	23.427727387600196
0.364701	40.59678501462017	24.793142799809825
0.364999	10.980647222221549	24.704208386770144
0.365297	-20.226951315788924	24.267460058812077
0.365596	43.53359868421066	26.37613140587955
0.365894	9.484355263156488	23.800526849339487
0.366193	-11.15908991228082	26.12370362607161
0.366491	-9.043144956142086	25.00298801332973
0.36679	27.285281578946794	26.216916744956457
0.367088	18.224941081871577	27.32127022315689
0.367386	46.24713333333197	24.73455943909515
0.367685	50.00501323099485	27.82937677573903
0.367983	43.06061717836435	25.56922737991348
0.368282	-65.71766966374184	27.47337731748659
0.36858	42.226256578948735	27.48920315603114
0.368878	46.138831359648975	26.902098761246883
0.369177	-2.7434545321628434	29.305414941562344
0.369475	30.05135153508796	26.58381143408033
0.369774	35.485061111111165	29.612711149656583
0.370072	4.904522368420388	28.043662786084727
0.370371	26.13211805555558	29.016509715390256
0.370669	37.38248888888833	31.162076012679336
0.370967	9.840448026316508	27.505619888173598
0.371266	30.82459926900448	30.992848203258834
0.371564	32.61010994151967	29.493239284215722
0.371863	26.66732076023301	30.497610988810955
0.372161	46.26573296783555	32.835465409262966
0.37246	46.12985211988246	29.3233339817637
0.372758	7.9186062134493085	34.95523118726159
0.373056	-40.57539919590624	29.594016732269907
0.373355	65.2729818713459	34.40520948099998
0.373653	-1.9582607456153767	32.459488646416354
0.373952	22.86534956140258	32.97170930296885
0.37425	-3.362802046784026	37.53233830872479
0.374548	18.2473298245597	30.942471232460814
0.374847	-25.37225219298257	38.414357863771535
0.375145	-15.992740350878094	33.194838260054105
0.375444	-16.87335467836263	37.92792805127027
0.375742	31.727124926899606	40.936753963206705
0.376041	14.521410964912818	33.33708796339342
0.376339	116.9901940789476	41.32532142467607
0.376637	32.73636118421116	35.63111798423007
0.376936	12.76988815789359	42.000997433532675
0.377234	92.47842763157863	39.611051217615085
0.377533	36.30616827485419	40.767776271831174
0.377831	19.60172799707557	47.03126368349322
0.37813	73.27436564327563	38.29423785192179
0.378428	81.49445643274952	48.369886148368025
0.378726	-19.472779605263497	42.104461819253046
0.379025	22.140166447369225	47.140440056088686
0.379323	-6.714740789473552	56.781500862604226
0.379622	-44.069999780701394	41.529345232678
0.37992	-15.526157090643125	58.30912001272826
0.380218	-12.778689327485537	46.077902516981375
0.380517	99.93337799707525	58.98696196429385
0.380815	92.98418940058404	56.63243596107107
0.381114	45.87233450292402	54.68520283195297
0.381412	15.665780482457095	72.14536171674716
0.381711	55.21915358187016	53.66914282083889
0.382009	-19.48749290935673	80.0258120465034
0.382307	-91.06102997076064	63.95332924862626
0.382606	-9.129922441521217	79.6995021799394
0.382904	0.	0.
0.383203	65.21791929824552	75.02583512051066