0.0051976508	1156.8867304147307	952.510557410503
0.00550339478	1342.8587110599256	950.0507424094408
0.00580913873	1292.733273271881	707.2995002580449
0.00611488265	963.6698732718901	590.2171207867299
0.00642062653	960.4819774193425	468.6783052175232
0.00672637038	1153.1076211981622	383.74217565267537
0.00703211418	1044.0122046082956	308.9875283159449
0.00733785795	935.2121179723463	251.24682104737337
0.00764360168	1008.1925924884854	203.25245397506492
0.00794934536	941.6920214746665	177.49599057898632
0.008255089	1049.8464705990818	153.76305980465693
0.00856083259	998.6123315207396	130.89095977433314
0.00886657613	994.89703732718	113.90040664913899
0.00917231962	946.0140285714317	96.70428033741597
0.00947806306	976.9540409677387	84.17088180336025
0.00978380645	928.4454704608316	75.05523573667828
0.0100895498	974.4783924423962	66.03618145698161
0.010395293	918.1484664516125	60.744645169469955
0.0107010363	934.1191533640563	54.766760171488905
0.0110067794	980.3106254838684	48.99513616966343
0.0113125225	918.7071375576033	44.648119497116106
0.0116182655	868.6239391244223	41.37767366366545
0.0119240085	851.3374459907834	39.95605311990103
0.0122297514	815.7305657142842	37.919405047933786
0.0125354942	942.2336857142866	36.633410097146125
0.012841237	875.4927622119808	34.05275463555898
0.0131469796	870.6373873271895	33.1047108208109
0.0134527222	830.5188906912446	30.734541565222866
0.0137584648	837.5449165437785	29.69756567653662
0.0140642072	844.3049762672808	28.988867051990834
0.0143699496	836.2961766820272	27.531230104840432
0.0146756919	791.0856826267284	26.2309997248695
0.0149814341	800.2256209677419	25.30845512143855
0.0152871762	835.0545546543785	24.422632888238606
0.0155929182	802.4725970967754	23.44465901058633
0.0158986602	804.1101937327189	23.042561269080377
0.016204402	744.0076169124434	22.048504580784765
0.0165101438	778.6293377419352	21.75912860706595
0.0168158854	748.7481389861745	20.74132684558064
0.017121627	753.8908673732716	19.924805989975592
0.0174273685	763.026323225808	19.317889949155813
0.0177331099	758.96539048848	19.111599295233827
0.0180388511	735.6377758525337	18.785827308566823
0.0183445923	762.2908080875583	17.891752638629363
0.0186503334	715.7837244700463	17.054667512768486
0.0189560743	693.1648238847929	16.673463689442983
0.0192618152	709.0528933732719	16.261567546735805
0.0195675559	706.9364375391705	15.70329253486254
0.0198732965	702.0659759815678	15.49234362792567
0.0201790371	687.9752446866353	15.13066694705914
0.0204847775	697.8124646313364	15.00535499737724
0.0207905178	673.8056719447002	14.4648687074167
0.0210962579	677.0414625115206	14.242796590837855
0.021401998	667.0306646221196	14.102096978370447
0.0217077379	651.0999460322586	14.019300585755003
0.0220134777	656.6667464976961	13.602684569879354
0.0223192174	635.5796818571424	13.284610507358595
0.0226249569	620.6409769447008	13.094111948602187
0.0229306964	637.0752575760383	12.909439242750594
0.0232364356	625.59203716129	12.832713859824525
0.0235421748	615.722395986176	12.567474970390128
0.0238479138	622.5350595115201	12.290870148310422
0.0241536527	611.9538195622125	12.341807612059913
0.0244593915	602.6771544377871	12.064641928174185
0.0247651301	575.3612232857143	11.99911555597685
0.0250708686	580.3701073364051	11.689905641959465
0.0253766069	541.5904673456215	11.653714119752967
0.0256823451	578.0684888248834	11.451014999822647
0.0259880831	579.910683801844	11.34655743000632
0.026293821	551.7294886082955	11.13005986227702
0.0265995588	560.6140163041468	10.906569227309262
0.0269052963	548.1432244700455	10.811219177664881
0.0272110338	540.7971612350224	10.75130681972388
0.0275167711	547.9371320276509	10.740613239149939
0.0278225082	529.1383076589868	10.720639315690688
0.0281282452	509.6530363824891	10.525325780121733
0.028433982	521.9863502995395	10.392881184682627
0.0287397186	480.8570940092161	10.223520218720621
0.0290454551	499.7098189815679	10.212551561503211
0.0293511914	488.624977032258	10.541302910117574
0.0296569276	486.25250741474673	10.412626363457518
0.0299626636	493.02885539170603	10.482293209324515
0.0302683994	454.27903441013837	10.306340021722713
0.030574135	474.2869004700467	10.29564382815425
0.0308798705	465.49874301382533	12.330227646672256
0.0311856058	465.43240636405585	10.375425345200444
0.0314913409	440.17435191705033	10.30599939046777
0.0317970758	442.52412511059873	10.276245074841244
0.0321028106	428.56809337327206	10.079300116106664
0.0324085451	443.59373492626685	10.157359835705012
0.0327142795	405.22753455299585	9.976752759225977
0.0330200137	427.11563319354815	10.082303220397463
0.0333257478	425.5454836497702	9.852200041926254
0.0336314816	430.142800608294	9.807361549406448
0.0339372152	407.23186185253485	9.882407717118978
0.0342429486	408.9578447972355	9.583062569663975
0.0345486819	402.5369459308757	9.842238270449638
0.0348544149	408.28321954377907	9.710610629227686
0.0351601478	396.99255268663626	9.65516187272739
0.0354658804	402.01094718894046	9.665160605623461
0.0357716129	385.9099958156688	9.473398570698674
0.0360773451	377.5134789493089	9.563514060457027
0.0363830772	382.2743559354839	9.46478745566185
0.036688809	357.09629940092213	9.512750699724652
0.0369945406	365.40166103225744	9.391727070922805
0.037300272	348.2472329308756	9.339307478215327
0.0376060032	355.8856393364055	9.23770177724481
0.0379117342	358.89992415668195	9.365289165110045
0.038217465	331.5877003087546	9.201428777935607
0.0385231956	339.46709750691184	9.13851161260277
0.0388289259	341.96941085714263	9.189059745850242
0.039134656	324.4266041705073	9.270794905988659
0.0394403859	340.8817193041477	9.017298687119547
0.0397461156	335.4474225299535	9.030714413240236
0.040051845	319.2324333963128	8.976736243718408
0.0403575742	322.8317849723505	8.986094224595425
0.0406633032	328.81863613824925	8.92218890134031
0.040969032	301.0533181566822	8.961402888520047
0.0412747605	298.3541058801843	8.895105042759676
0.0415804888	318.27566584792635	8.839042111849299
0.0418862168	316.89011073732723	8.85660679821409
0.0421919446	279.15445662672846	8.827803931214227
0.0424976722	304.39359449308836	8.83229786791849
0.0428033995	303.5724277557607	8.731442597615612
0.0431091266	295.3218890552996	8.7395825131677
0.0434148535	293.10527129493045	8.617250957655287
0.0437205801	267.1964694239639	8.59815483902092
0.0440263064	280.6007203732718	8.686882448197931
0.0443320325	274.4594502672812	8.5561039140367
0.0446377583	275.80083268663566	8.622787265233116
0.0449434839	284.0114709723502	8.564371611201558
0.0452492093	264.0590256728117	8.320328419612402
0.0455549343	257.1859136036858	8.390083676305297
0.0458606592	260.9256655253457	8.404748789875832
0.0461663837	271.021123267281	8.424042809176202
0.046472108	270.0203045161286	8.326547166147188
0.046777832	269.69714861751163	8.40517508861838
0.0470835558	271.49062358064504	8.586079264314538
0.0473892793	256.00170558986235	8.538033618466523
0.0476950025	249.95552435023052	8.596438297759494
0.0480007255	231.6773888110599	8.570869630731389
0.0483064482	236.15782339170565	8.732887777508774
0.0486121706	256.77095414746475	8.722629067038005
0.0489178927	229.5734015483871	8.730005501537034
0.0492236146	214.61767263133686	8.90122828937005
0.0495293361	222.36988852073736	8.865378826036684
0.0498350574	240.2617401658982	8.809474220303917
0.0501407784	228.6774229861755	8.784986407926745
0.0504464991	211.50903296774226	8.893211305099909
0.0507522196	223.77874647004626	9.058615163220106
0.0510579397	210.81661942857073	8.747383161013412
0.0513636596	212.7830080506917	8.943978102382571
0.0516693792	226.6771387281113	9.004022456565432
0.0519750984	219.9531854654382	8.994392460504299
0.0522808174	219.92723792165933	8.974364843903201
0.0525865361	211.69530641013887	8.862781284310168
0.0528922545	207.7082637419354	9.015005641824375
0.0531979725	206.2137670368665	9.030159111392651
0.0535036903	185.99699931797255	9.074238810019882
0.0538094078	198.73355268202715	9.048037713882911
0.0541151249	189.3661278709681	8.912669541290686
0.0544208418	183.2011236359449	9.14200114913175
0.0547265584	191.91626041474677	9.126242625992948
0.0550322746	189.36166742857148	9.105795894131447
0.0553379905	202.3798575760373	9.125286876682907
0.0556437061	196.35232192165893	9.036015660916698
0.0559494214	193.72889110138274	9.166524837836118
0.0562551364	180.8542902211979	8.942016143621203
0.056560851	180.32501559446985	9.156360190975624
0.0568665654	185.0944750552997	8.963431396738802
0.0571722794	181.0135218248849	9.13567362070118
0.0574779931	162.91610539631301	9.14437898940089
0.0577837064	172.7187111797231	8.958874972521173
0.0580894195	159.04661692165888	8.972821848644493
0.0583951322	168.8723875806449	8.953096359240757
0.0587008445	168.5739172304148	9.05355410499955
0.0590065566	168.23794944239586	8.928949112639167
0.0593122683	181.1063517649771	8.86971683504676
0.0596179796	165.4981417188938	9.06584856516808
0.0599236906	176.3789391843324	8.895900874201583
0.0602294013	171.1915982764976	8.91185004710531
0.0605351117	157.56505170506927	8.822099093460906
0.0608408217	180.01754532258167	8.967454979664522
0.0611465313	158.66355630414773	9.000564742181965
0.0614522406	163.68846311981594	8.831556272355295
0.0617579496	145.06067154377968	8.898795061753908
0.0620636582	143.19287464976952	8.874301417940105
0.0623693664	124.19733440092159	8.83792426648823
0.0626750743	152.57267317511491	8.832975668720632
0.0629807818	158.105378935484	8.800486467647167
0.063286489	148.17871320276538	8.876042072447982
0.0635921958	150.7689111751148	8.712281959147884
0.0638979023	148.7075349815666	8.641695826025563
0.0642036084	146.30151612903262	8.456257317239718
0.0645093141	133.94990871428575	8.61849126576525
0.0648150195	138.24403356682063	8.733964597776893
0.0651207245	140.18434399078345	8.723473567851544
0.0654264291	142.24930549308766	8.7366801775897
0.0657321333	149.65263846543854	8.637923763150162
0.0660378372	130.69147641935535	8.661843787149609
0.0663435407	142.38320668202738	8.769678328122733
0.0666492438	129.52615930875595	8.493866487702444
0.0669549466	129.9132059723504	8.634795138444202
0.0672606489	130.95421032718883	8.516508443535638
0.0675663509	128.26407790322628	8.556043750296178
0.0678720525	122.48329965437826	8.637933873745522
0.0681777537	135.6480948064511	8.500085321088278
0.0684834546	138.43964078341065	8.675837493101426
0.068789155	130.6137895760365	8.627233455549156
0.069094855	137.2649212396317	8.54338531038089
0.0694005547	130.4757052211984	8.597636808923282
0.0697062539	136.13934269585235	8.4633944316951
0.0700119528	126.75916995852567	8.616484455312909
0.0703176513	125.91010259446996	8.539422092456986
0.0706233493	116.99837505529977	8.470481931480167
0.070929047	125.4214145253453	8.481770869253241
0.0712347442	103.77150060829479	8.522355605669464
0.0715404411	124.28124597235026	8.50334456004171
0.0718461375	106.6943331843315	8.386258104645487
0.0721518336	117.79367884792599	8.418412706873836
0.0724575292	109.78792150691227	8.463969604729924
0.0727632244	117.66188136866354	8.5440688915428
0.0730689192	116.65788920276526	8.405355224088277
0.0733746136	106.74502693548419	8.320415521038045
0.0736803076	104.4424491198157	8.408340187121926
0.0739860011	107.24377017511479	8.36570875725117
0.0742916942	109.41054304147457	8.428715157490789
0.0745973869	116.32303916589876	8.385918123711452
0.0749030792	110.80670944700444	8.2401182693587
0.0752087711	125.33821835483955	8.444471784200907
0.0755144625	112.31359080184326	8.266530630038666
0.0758201535	123.62243385253493	8.320165667385252
0.0761258441	105.28908606451594	8.359902368154083
0.0764315342	115.01379860829488	8.653059382540123
0.0767372239	94.98717050691305	8.816389671635235
0.0770429132	108.3317468847931	8.700658494001763
0.077348602	93.24336197235056	8.912764118052555
0.0776542904	86.39915257142881	9.008814186411751
0.0779599783	91.04576926728107	9.114729251774849
0.0782656658	102.71169066820242	9.235302912355587
0.0785713529	101.41616401382542	9.161880192948603
0.0788770395	100.37606749308779	9.338211755158879
0.0791827257	87.70218680645172	9.291412377073364
0.0794884114	109.67703468663636	9.612005844098048
0.0797940966	95.74759505069181	9.477360945113992
0.0800997814	82.90412533640534	9.434170624901908
0.0804054658	99.87743511520748	9.593212737402816
0.0807111497	95.41883866359463	9.633343561396066
0.0810168331	88.09080180645132	9.583211034628457
0.0813225161	91.99494733179733	9.691782838009942
0.0816281986	96.15490386175118	9.759817306679535
0.0819338806	91.4437319723504	9.867539530044992
0.0822395622	79.25349648387062	9.542400502009615
0.0825452433	85.52045598617497	9.560143636152583
0.082850924	99.05440479262694	8.963508129636537
0.0831566041	86.73162189861749	8.890432626385918
0.0834622838	77.23262520737336	8.84284157103309
0.0837679631	97.07566386175145	8.825741413164865
0.0840736418	96.49198956682014	8.798425392649515
0.0843793201	89.4723554792624	8.672289740619966
0.0846849979	83.82002462212014	8.587383606739655
0.0849906752	66.89020522580627	8.577631884444695
0.085296352	59.28141079262659	8.595604249449833
0.0856020284	73.42820525345587	8.467163898056707
0.0859077042	83.19218070506942	8.404231934954689
0.0862133796	90.82449989400935	8.393065015172416
0.0865190545	70.60326536405526	8.259809544724813
0.0868247289	77.16952112903193	8.330309354694538
0.0871304027	87.36020943317989	8.325650782308486
0.0874360761	79.25158335944694	8.25223108668457
0.087741749	91.0116929493087	8.178940975477337
0.0880474214	79.62071260829568	8.182674678215303
0.0883530933	89.28709831797221	8.224639164757077
0.0886587647	79.46036171428531	8.170467713775144
0.0889644356	78.06603605530007	8.147870946988407
0.089270106	68.79945852534554	8.278716093538163
0.0895757759	68.20484386635954	8.129757099449794
0.0898814453	74.2272868894009	8.17257916189573
0.0901871141	66.0872097373268	8.146660973845346
0.0904927825	72.88035894930928	8.165218461041926
0.0907984503	60.892061728111244	8.090096417254998
0.0911041176	82.50926556682046	8.045995650055858
0.0914097844	74.1626358018437	8.0934360850969
0.0917154507	67.87059019815693	8.023445983660364
0.0920211165	58.995098778801776	8.115694103603122
0.0923267817	60.64818412442406	8.00743941918201
0.0926324464	73.97587194930857	8.007966227757244
0.0929381106	63.6154142119814	8.031529416896179
0.0932437742	72.29374417511501	7.996136674608041
0.0935494374	55.7937983686633	8.095293744930835
0.0938550999	69.30821026267331	7.997671832655886
0.094160762	55.428913917050835	7.905422273234882
0.0944664235	83.31408964055349	7.998738547344954
0.0947720845	64.2610960829495	7.899047648375694
0.095077745	69.73871983410177	7.932177470859469
0.0953834049	79.34392897235	7.944938899576174
0.0956890642	63.463716046082226	8.006566983358207
0.0959947231	68.273450668203	7.95519081826976
0.0963003813	61.020339880184764	7.857729568548178
0.0966060391	62.478208230414864	7.9261328739178785
0.0969116962	52.17505607373219	7.892914494974747
0.0972173529	75.0337933271885	7.910053174377864
0.0975230089	60.98804716589889	7.877600965416283
0.0978286645	69.10971807373308	7.834092973605423
0.0981343194	77.56359361751144	7.909576355117184
0.0984399738	68.187741677419	7.869681537695547
0.0987456277	60.41795508755847	7.92645837774745
0.099051281	83.0808633410139	7.8467518491782124
0.0993569337	61.092671041474986	7.76616603164049
0.0996625858	58.53189863133622	7.908988618975366
0.0999682374	55.7356747603685	7.772156454056553
0.100273888	58.93894226728108	7.767493574434226
0.100579539	61.06361225806474	7.733593723374518
0.100885189	65.6658418801846	7.738294722003444
0.101190838	73.59396886635906	7.621958741450908
0.101496487	56.70520494470033	7.570844337167861
0.101802135	51.86119746543781	7.661917474962129
0.102107783	58.44898065898661	7.69020998535928
0.10241343	54.985552101382	7.731084720719906
0.102719076	52.12359287096817	7.656512583827558
0.103024722	62.82728605069103	7.644170670991704
0.103330367	59.637136976959155	7.674386366007172
0.103636012	46.414107193548375	7.631427651159359
0.103941656	55.01364682027656	7.688293416885088
0.104247299	61.4410208847935	7.601662083190719
0.104552942	58.64106009677435	7.577544621567688
0.104858584	57.299948884792684	7.6756903243024075
0.105164226	52.04858340092194	7.583327840263527
0.105469867	52.97445263133568	7.586604897585102
0.105775508	54.41666941013786	7.511809481356925
0.106081148	60.29559635944736	7.612109430450995
0.106386787	47.56715546082944	7.609003963985926
0.106692426	62.29167199999992	7.5916928539748545
0.106998064	42.71490316589876	7.532011667046865
0.107303701	48.54834889400948	7.51122526730149
0.107609338	65.07903997695848	7.61311898226209
0.107914974	47.934541497695946	7.525719427522622
0.10822061	49.160826493087484	7.552963925341645
0.108526245	61.81305500000015	7.48882190777117
0.108831879	66.32574661751129	7.481370840270721
0.109137513	55.37722664055316	7.524213368724724
0.109443146	59.54952718893949	7.464795744128863
0.109748779	39.82027686175151	7.493783368733742
0.110054411	39.718215230414486	7.568499703669061
0.110360042	57.78417494009247	7.486231607838669
0.110665673	57.25396421198219	7.3976191076994215
0.110971303	55.936248336405114	7.460415909442933
0.111276932	64.37858062211973	7.43101642144767
0.111582561	68.2076244884793	7.487616863226251
0.111888189	55.1878722580647	7.458867882734158
0.112193817	44.85502759446973	7.3854304508079665
0.112499443	46.86382925345633	7.321320682118321
0.11280507	54.173987474654695	7.3177692836310655
0.113110695	42.244391631337024	7.312521453729332
0.11341632	51.44635098156719	7.354449062506124
0.113721945	45.19521956682027	7.313412366428044
0.114027568	44.133383585253796	7.315284864200674
0.114333191	39.71186220276451	7.381997319386736
0.114638814	56.79235963594479	7.319807809321414
0.114944435	56.08087065437793	7.255427187220692
0.115250056	46.76328150691219	7.344177750827774
0.115555677	45.53977937787998	7.307595822589101
0.115861296	47.648097898617294	7.48639183436407
0.116166916	38.391467364055245	7.281479533733912
0.116472534	40.76786080645178	7.339924883663254
0.116778152	46.09659654838737	7.301609715051893
0.117083769	55.72064266820334	7.271567651754437
0.117389385	47.832663926267784	7.249339117001024
0.117695001	55.19660730414742	7.2705864725888585
0.118000616	48.736589875576186	7.320932015949438
0.11830623	38.87217996313382	7.235974090728798
0.118611844	28.970400248848165	7.206984109509402
0.118917457	38.37872900460873	7.247340920561028
0.11922307	51.15263889861765	7.179638456906411
0.119528681	46.94057479262675	7.431223779082274
0.119834292	39.045245930875794	7.536805670673119
0.120139903	44.540711903225514	7.582976726689597
0.120445513	42.97539210138211	7.649557251293919
0.120751122	41.76251339170584	7.667039835882003
0.12105673	58.98879248387168	7.773565355941229
0.121362337	50.99453577419375	7.777067975832642
0.121667944	44.84377502764964	7.947857473466231
0.121973551	35.06634139170508	7.834765937034777
0.122279156	40.1058374976963	7.95768378204034
0.122584761	44.846301027649105	7.874054552510859
0.122890365	44.72960352073734	8.011844614261209
0.123195969	39.042489119815826	7.882574103579641
0.123501571	39.54469139631328	7.695035058855343
0.123807173	33.94734170967787	7.634443989113374
0.124112775	21.914457193548458	7.68921399721426
0.124418375	49.09337364055261	7.644465952282004
0.124723975	31.84365942396269	7.610470273540383
0.125029575	38.180632004607986	7.492228774539359
0.125335173	32.395525147465776	7.621268034674175
0.125640771	42.14867535023011	7.450024704417631
0.125946368	35.49970803686634	7.5155241011767595
0.126251964	48.13615306912439	7.4838195566347405
0.12655756	39.67379511059953	7.407222254495143
0.126863155	45.75121853917011	7.493359857077084
0.127168749	40.41097193087545	7.391867264595515
0.127474343	33.78115430875603	7.397256392664903
0.127779935	20.359749668202838	7.364826636858096
0.128085528	40.68373781566834	7.39748424743814
0.128391119	39.209813470045916	7.3697491640717105
0.128696709	38.99967386175071	7.279826204437522
0.129002299	37.92153908294971	7.39257568417434
0.129307888	39.81157836866366	7.275275644868037
0.129613477	32.36309927649785	7.266032935194077
0.129919064	36.24011364055292	7.244282632463024
0.130224651	40.89511229953921	7.144191527978264
0.130530238	38.19662864976998	7.240513985050639
0.130835823	35.223273483871154	7.128066977411651
0.131141408	39.56302721658979	7.1568682977346265
0.131446992	37.345022350230224	7.114974513858099
0.131752575	42.181893686635945	7.025934337908926
0.132058157	39.26831407834122	7.149209887665749
0.132363739	41.692246493087666	7.055792674577571
0.13266932	42.66784579723506	7.0787575505159674
0.1329749	29.954908829492908	7.0395499558522285
0.13328048	34.23281764976977	7.034032852468824
0.133586058	43.9405339308756	7.12546691382673
0.133891636	34.36944531797181	7.0094024098564764
0.134197213	38.990384188940084	7.037515239231991
0.13450279	47.80281380184306	7.030550787158585
0.134808365	33.44919104147472	7.050193791443335
0.13511394	24.318617258064634	7.079802443508155
0.135419514	43.381668603686734	6.968961073003502
0.135725088	47.26276147465448	7.006700199675804
0.13603066	25.025122368663304	6.9966299133585865
0.136336232	42.156683506912316	7.051714507894777
0.136641803	34.026830986175014	6.985253023033497
0.136947373	29.203132511520877	6.946083830411385
0.137252943	40.03858347926261	6.928973213882353
0.137558511	37.42439405529893	6.921786818745756
0.137864079	48.24230762212039	7.005509793469001
0.138169646	20.088233838709755	6.9425267633349605
0.138475213	40.35125577419372	7.007618434887784
0.138780778	30.309133755760413	6.989996129076377
0.139086343	40.04226244700469	6.887328975733336
0.139391907	38.890376866359446	6.983825841367108
0.13969747	29.189078663594827	6.9000007222537985
0.140003032	35.26754406451573	6.881764481426293
0.140308594	8.765968755760412	6.756727987615347
0.140614155	28.876161437787715	6.7371239639912845
0.140919715	35.11875214285723	6.85191492494817
0.141225274	42.9165815529953	6.768385017423343
0.141530832	33.71384999539167	7.124885172202788
0.14183639	28.69998544239678	7.117482675353419
0.142141947	32.91469206451552	7.235686372590227
0.142447503	26.685616930876037	7.34821987336689
0.142753058	39.18701277880153	7.280925965960818
0.143058612	32.134674156682124	7.384071405194595
0.143364166	28.67296134562224	7.369772821600671
0.143669718	40.35166685714252	7.407799683457381
0.14397527	28.55985911059932	7.568740691949935
0.144280821	27.115443451613075	7.4410301237845635
0.144586372	27.73243839631334	7.489678451696864
0.144891921	32.26563646543795	7.4776329984182315
0.14519747	40.9360403963133	7.602250247545522
0.145503017	40.41841967741867	7.577857116766272
0.145808564	38.36069476958521	7.590881551422044
0.146114111	34.116771433179736	7.712375572147685
0.146419656	30.06674099078367	7.616456699441661
0.1467252	28.422475700460836	7.772573154158485
0.147030744	37.70243011059982	7.620078923123442
0.147336287	8.007861640553244	7.722329626067474
0.147641829	23.56276684792668	7.751633856943673
0.14794737	35.18237835944639	7.82591489649789
0.14825291	16.402202419355376	7.8158536245464205
0.14855845	14.098705811059844	7.467310750570635
0.148863988	25.893210271889586	7.4282242595074255
0.149169526	30.256178995392133	7.342859076153971
0.149475063	33.93685023502307	7.177660145730677
0.149780599	37.07198890783438	7.211583695715849
0.150086134	6.81408785714261	7.120822445110036
0.150391668	27.702460313363773	7.139760002122449
0.150697202	32.573517898617794	7.025233534441747
0.151002735	19.30469499078349	6.974341999976468
0.151308266	21.12444638248867	7.006054980155819
0.151613797	32.30366823502287	6.936495699003508
0.151919327	29.185113105990723	6.988832712818274
0.152224857	26.764369640552843	6.916314046277273
0.152530385	29.409107917051074	6.9837785710702995
0.152835912	41.464620815668596	6.887404651347347
0.153141439	32.5910943410134	6.908667318961534
0.153446965	23.078779193547874	6.9109886548125505
0.15375249	32.947682700460845	6.817663307711342
0.154058014	25.082617548387063	6.93141019637179
0.154363537	32.52676722580638	6.831026273166127
0.154669059	23.25802478341032	6.845100761699343
0.15497458	33.49815731797257	6.82575258284868
0.155280101	20.87146874193536	6.781763813869282
0.15558562	33.21913852073713	6.894478916237191
0.155891139	34.169659585253456	6.815613390345975
0.156196657	21.846348497695374	6.8656640115381915
0.156502174	25.5939249170504	6.806814900882262
0.15680769	16.563951382488824	6.749677361674468
0.157113205	17.57874688018468	6.86928148930028
0.157418719	28.06555955299544	6.7187854938973635
0.157724233	28.9320299815666	6.784827176923556
0.158029745	23.347265470046565	6.719401795871931
0.158335257	22.742088115207224	6.747572305342672
0.158640767	34.7658522672814	6.7799500363410505
0.158946277	19.757553447004454	6.516677772341357
0.159251786	30.649806843317933	6.627622174032428
0.159557294	29.618025857143095	6.659314954741024
0.159862801	31.15367206451637	6.6557071429161985
0.160168307	11.94182505069115	6.657357316565962
0.160473812	30.183189096774825	6.611074341248858
0.160779317	18.939863764976437	6.703271703288107
0.16108482	12.119686253456479	6.644697606456966
0.161390323	23.9284564884791	6.647052593204864
0.161695824	15.406366276498247	6.636009787394572
0.162001325	22.801711963133755	6.599237028256818
0.162306825	41.9828143502297	6.653221490979129
0.162612324	10.532188244239435	6.617213878906394
0.162917821	25.008838870967907	6.618288635929645
0.163223318	18.027467838709512	6.588021116516216
0.163528814	32.564923313364176	6.5407527324526455
0.16383431	20.096695824884563	6.642508327161084
0.164139804	22.56726681105974	6.499471955527555
0.164445297	19.777133649769638	6.60695833350776
0.164750789	13.2356188018435	6.595925689592077
0.165056281	22.489418405530444	6.611180993247868
0.165361771	20.958031548387126	6.550484552281245
0.165667261	30.769105921658806	6.514241366978949
0.165972749	24.002654354839095	6.568509729795748
0.166278237	29.480082672810894	6.549180226835569
0.166583724	20.783704018433653	6.510935715416703
0.166889209	28.393905506912276	6.5311001846076895
0.167194694	18.841153082948807	6.542290084460085
0.167500178	27.060277543778284	6.543857647099191
0.167805661	21.729769479262586	6.52399302839933
0.168111143	22.393865599078353	6.521613407593609
0.168416624	32.575664534562634	6.512303088660265
0.168722104	19.259704682027348	6.5696882983219655
0.169027583	12.811335483871531	6.454560483320952
0.169333061	23.720677470046354	6.505460679439858
0.169638538	11.417539778801924	6.500696553013268
0.169944014	18.369110857142914	6.483943357157701
0.17024949	29.358497921659108	6.50039675459708
0.170554964	20.95137556682026	6.466098686388641
0.170860437	27.685083447004715	6.516036545850196
0.171165909	14.569276244238978	6.5050584184763425
0.171471381	25.693895972349807	6.490313071263424
0.171776851	16.87378412903236	6.458226305226249
0.17208232	26.51260659907834	6.478246405618091
0.172387789	26.629270926267665	6.4264375968502945
0.172693256	16.178781907834363	6.444096041150262
0.172998723	18.300280935483926	6.392909058890654
0.173304188	35.33814572811082	6.446242732376611
0.173609653	18.22592303225825	6.440594901160028
0.173915116	13.130586359446923	6.478233764862186
0.174220579	15.877240341013561	6.384355862110162
0.17452604	16.990065700460733	6.406455832677035
0.174831501	16.013754502304423	6.417847955880892
0.17513696	15.898432654378212	6.371778583268563
0.175442419	30.422668110599105	6.387451441069887
0.175747876	17.48326061751193	6.391321574983099
0.176053333	15.657276018433137	6.422372682819144
0.176358789	25.946302276497732	6.400135391840158
0.176664243	25.444170580645178	6.340871412236293
0.176969697	23.72140811520758	6.381778540125764
0.177275149	13.483667253456062	6.139675666966006
0.177580601	27.095843110598636	6.159979035797713
0.177886051	13.704401608295242	6.179162315246928
0.178191501	18.948327281106288	6.227532714629729
0.178496949	20.334984760368755	6.246403353410154
0.178802397	18.690044096773946	6.261626851218697
0.179107843	11.965352419355213	6.269802942003776
0.179413289	20.001211732719	6.262501941479375
0.179718733	22.81858216589832	6.256639118069713
0.180024177	20.450215718893787	6.323531760083856
0.180329619	18.17371636405504	6.247537091352231
0.18063506	20.92053998617523	6.267884761447126
0.180940501	22.405880884792353	6.2699544101690785
0.18124594	16.535464603686734	6.247521296193739
0.181551378	20.84360646543786	6.263657277539979
0.181856816	24.287956456221806	6.197723746187843
0.182162252	20.833294258064825	6.250082304637688
0.182467687	16.005254635944866	6.229787907099468
0.182773121	13.343694064516143	6.254261627189895
0.183078554	17.158028497696165	6.265520399402468
0.183383986	18.575615317972307	6.232360607533553
0.183689417	18.484704926267028	6.258866044230827
0.183994847	24.302232972350453	6.199220097519955
0.184300276	21.204485483870954	6.271912614988573
0.184605704	17.512947557603624	6.157142790114354
0.184911131	23.596453419355328	6.213908197891728
0.185216557	22.002076433180093	6.258906275847941
0.185521982	13.940573562211895	6.207780956227727
0.185827405	13.964706073732742	6.2238915692692975
0.186132828	19.867870986175333	6.183305617778675
0.18643825	25.945471668202842	6.162298874308926
0.18674367	14.87490544700492	6.178157117324023
0.18704909	21.067769188939494	6.174303216444478
0.187354508	21.741493119815658	6.126494058551891
0.187659925	11.070279894009829	6.155140614211434
0.187965342	12.417068875576973	6.191284703878753
0.188270757	30.027872064516004	6.124957479289296
0.188576171	14.646026889401185	6.153743216990958
0.188881584	28.668904239631345	6.1416086530653144
0.189186996	21.574112152074036	6.111294324365561
0.189492407	12.461315138248636	6.158162407212885
0.189797817	16.256866953917424	6.073303830994214
0.190103225	18.17494363133612	6.131954897206195
0.190408633	30.49190785253458	6.089846494176198
0.19071404	19.791175248848205	6.137610077217985
0.191019445	23.39090411981573	6.102104457324611
0.19132485	32.113864331796975	6.080605051937049
0.191630253	11.328741539170792	6.118389563153762
0.191935655	8.810065755760732	6.100211704634242
0.192241057	20.002227686636047	6.094642871585064
0.192546457	24.29825777419431	6.163852323265613
0.192851856	21.191118566819753	6.069082730236643
0.193157254	18.62393229032307	6.121899488750599
0.19346265	12.514521695853205	6.158911947154266
0.193768046	23.309842341014217	6.120411231586395
0.194073441	10.282185447004153	6.1207970969238605
0.194378834	15.825466861751067	6.097374835923376
0.194684227	7.859448437788004	6.139020305512801
0.194989618	8.040192211982244	6.064278642882911
0.195295008	10.027163138249051	6.136010630646997
0.195600397	18.015627262672425	6.120688011792432
0.195905785	13.151433654377698	5.987157840289893
0.196211172	14.535754755760095	5.943106058698539
0.196516558	21.681281073732706	5.948106947789211
0.196821942	23.934290737326975	6.030264479589298
0.197127326	15.908301400921374	5.998601009646573
0.197432708	18.555124898617663	6.030810798939935
0.197738089	15.542396198156396	5.988055414737196
0.19804347	10.08612396774204	6.0510825010406935
0.198348849	6.895492410138004	6.027406056698309
0.198654227	21.35391354838731	6.009996940132393
0.198959603	22.41360832258046	5.971450515983942
0.199264979	21.63911701382453	5.980160986144667
0.199570353	28.77684979262696	6.01051848534603
0.199875727	20.020208829492958	6.011305206498297
0.200181099	18.868692778801872	5.93736841255237
0.20048647	18.395896465437076	6.007053115646767
0.20079184	14.621213267281163	5.977644860658035
0.201097209	16.246215562211503	6.006790768621651
0.201402577	19.177028580645583	5.976496325982404
0.201707943	18.07197282949403	5.978503310433812
0.202013309	16.833565119815788	5.986983539875277
0.202318673	6.28507085253446	5.969480179599439
0.202624036	10.096014649769245	5.977572768314494
0.202929398	14.675074055299362	5.9651699580699695
0.203234759	28.689115695851797	5.992875889168824
0.203540118	14.366393207373278	6.001052433841246
0.203845477	32.49197152995407	5.977101042723527
0.204150834	10.868260884792491	5.929826214293447
0.20445619	8.323175529954128	5.966643104364991
0.204761545	22.142003046082905	5.961297223062177
0.205066899	12.21474102304093	5.948471077882341
0.205372252	15.406345304147777	5.920814761214403
0.205677603	9.256090705069155	6.15541166327236
0.205982954	9.462463829493117	6.220115061051181
0.206288303	16.700599949308952	6.248565924709183
0.206593651	20.08839988018387	6.315794655295769
0.206898998	10.6794107419352	6.350658697844899
0.207204344	15.36978977880203	6.414165916060643
0.207509688	8.370805986175824	6.494495973782439
0.207815031	17.53077071889436	6.461264521216968
0.208120373	17.19616335022998	6.499385230934086
0.208425714	32.08995337327245	6.477523043082395
0.208731054	6.285878695852034	6.534602917778792
0.209036393	18.07494807373253	6.510849619752651
0.20934173	16.000311861751513	6.492639351497857
0.209647066	19.96644260368626	6.56678757063825
0.209952401	12.82029387557614	6.506250991246222
0.210257735	15.818666474654535	6.60940319663133
0.210563068	13.289359400921725	6.526608900471939
0.210868399	9.965361695851698	6.62764961541804
0.21117373	11.103207465438132	6.646302924763145
0.211479059	1.0548768755763405	6.710225017176013
0.211784386	23.86075717050737	6.623729405529957
0.212089713	15.924710244239932	6.6310055916957955
0.212395039	17.0137993133644	6.677616602794597
0.212700363	23.184541838709904	6.657817321289844
0.213005686	10.198253649769384	6.6746951149634
0.213311008	7.193812995391582	6.680046839670426
0.213616328	16.56192771889394	6.445335094168786
0.213921648	26.111907456220962	6.408602118260708
0.214226966	12.272471640553206	6.293288720199848
0.214532283	11.644580271889708	6.1428460887332035
0.214837599	6.212122976958412	6.0575427101611705
0.215142913	12.866605506911952	6.07357514321479
0.215448226	13.006453327189007	6.120600226430176
0.215753538	10.57522568202792	6.029879148624513
0.216058849	6.925179608294627	6.033944768727688
0.216364159	18.824302898618086	6.029410868665506
0.216669467	14.179376064515878	6.020941245179244
0.216974775	5.097222944700732	6.004592462261251
0.217280081	15.56932050691266	6.023115655012996
0.217585385	16.419059428570648	6.007737263767205
0.217890689	14.787374285714918	6.021502075268159
0.218195991	17.37093007834055	7.86994102281128
0.218501292	17.30915620737335	5.935312170678613
0.218806592	25.848641041474707	5.988471971061288
0.21911189	16.33473411520761	5.948087742141715
0.219417188	7.923502276498127	5.934050601381494
0.219722484	8.723913313364449	5.933249860815052
0.220027778	20.542769917050876	5.9637361423125155
0.220333072	12.152347442395808	6.006389613446476
0.220638364	10.749148156682011	5.927060418982849
0.220943655	21.30033237327197	5.915538746486102
0.221248945	8.017130184332117	5.95337624009669
0.221554234	15.86437835022977	5.96559711917706
0.221859521	21.148928179723256	5.947741051224535
0.222164807	16.13857030414721	5.883365750923737
0.222470092	12.75056559447016	5.933520550767849
0.222775375	23.72775195852533	5.941506388144406
0.223080657	15.326745018433243	5.886914217187047
0.223385938	16.77204824884832	5.915524420330748
0.223691218	15.49289051612881	5.855593197712494
0.223996496	13.406180640553558	5.915488352055908
0.224301774	17.350055861751272	5.904005900552501
0.224607049	11.118967207372847	5.826001332176625
0.224912324	17.33741686175172	5.836931547157477
0.225217597	20.310581917050214	5.86580962407063
0.225522869	12.722998677419213	5.887566918143988
0.22582814	4.128437018432933	5.839500321286147
0.22613341	11.029768391704948	5.8445130182377865
0.226438678	11.246496668202326	5.899002238177007
0.226743945	13.66241575576062	5.85345248619742
0.227049211	15.327606036866541	5.846531115726479
0.227354475	16.86890776497677	5.798629047516113
0.227659738	1.8549792626728134	5.8851701871731095
0.227965	14.506947585254224	5.840358285963882
0.22827026	16.00586647465512	5.821000216144657
0.228575519	1.928711032257553	5.804560930510711
0.228880777	16.86122014285729	5.817912879096403
0.229186034	17.668542788018158	5.846844059582576
0.229491289	19.524813788018633	5.8287551181825705
0.229796543	14.537574539170564	5.773963861706156
0.230101796	14.990505552995401	5.771532138175492
0.230407047	12.496555930875957	5.810471121726725
0.230712297	9.728285428570587	5.79935062796978
0.231017546	6.090013608295379	5.778749477675157
0.231322793	7.82510399999957	5.775375588311424
0.23162804	14.468444331797414	5.77982278375028
0.231933284	20.36653065898591	5.740568961598031
0.232238528	13.85041290783441	5.819421137756337
0.23254377	9.693216829493352	5.7932612880659065
0.232849011	18.13117405529937	5.79703382755551
0.233154251	13.05904458525383	5.743738538520285
0.233459489	8.134909783410151	5.6279802397619
0.233764726	6.199037285714439	5.69014292751871
0.234069961	17.67133329953964	5.61417432595456
0.234375195	7.376326953917101	5.6949802440199075
0.234680428	4.319029691243728	5.66607511593938
0.23498566	7.331199612902779	5.661719748388957
0.23529089	13.334127917051148	5.732389342317334
0.235596119	17.786423101382383	5.676972318939047
0.235901347	15.636546778802085	5.675272783236537
0.236206573	14.856250248847473	5.676410168240073
0.236511798	8.11464247926267	5.656770902182508
0.236817021	10.647365594470344	5.731274039954062
0.237122244	15.535945884793065	5.652038109201422
0.237427465	19.166424778801527	5.689492007083167
0.237732684	20.8076583917056	5.616626381327041
0.238037902	13.068627737327532	5.6739886069317755
0.238343119	19.694521018433093	5.669093094352119
0.238648335	9.862685875576247	5.629779642267834
0.238953549	19.877349055299973	5.652687551645814
0.239258762	11.545455202764856	5.5731217029786215
0.239563973	14.710854668203055	5.6142182866576125
0.239869183	11.451040179723933	5.6515837177491735
0.240174392	20.46893925806451	5.606422234677068
0.240479599	6.48090389861764	5.610596833182039
0.240784805	19.39335585253403	5.6271936450554065
0.24109001	13.431721894009883	5.6523817097482265
0.241395213	4.223380940092198	5.612678771444165
0.241700415	20.164004000000162	5.5520545215309935
0.242005615	8.48874094930892	5.543990627171751
0.242310814	16.32706628110597	5.526596682721084
0.242616012	13.374953741935514	5.556485323505633
0.242921208	9.003107046082519	5.537734327366631
0.243226403	6.717567032257961	5.56484520618234
0.243531597	15.049702778801688	5.57559298081938
0.243836789	11.584197235023197	5.572226633104187
0.24414198	22.427106705069235	5.557586483084097
0.24444717	9.093293778801836	5.568908891975224
0.244752358	20.74177062211973	5.583910091365466
0.245057544	8.519350046082721	5.600934660642588
0.24536273	13.045992566820956	5.593122589589793
0.245667914	7.357019723501708	5.635915433118034
0.245973096	14.083451235022721	5.551179731068061
0.246278277	11.845475682028095	5.62769290809279
0.246583457	12.173046520736435	5.549944871082081
0.246888635	4.090608405529466	5.58446273751917
0.247193812	10.004394050691161	5.604531235093483
0.247498988	16.77954226728133	5.5971606476993125
0.247804162	6.097213728110944	5.563982592788218
0.248109335	2.547188608294775	5.5227314312612865
0.248414506	8.753803769585105	5.579925038489504
0.248719676	5.2669019539168005	5.535245415409636
0.249024844	2.6288270368663547	5.571512809518662
0.249330011	18.24975668663612	5.534373709344814
0.249635177	13.61872238709708	5.507528759566484
0.249940341	14.589611276497791	5.577374874303323
0.250245504	12.458656672810662	5.518838766997831
0.250550666	13.116235488478551	5.529934377068347
0.250855826	5.237791119815967	5.512463363665124
0.251160984	11.618875092166263	5.531775559335499
0.251466141	3.4576899170500752	5.538100157225266
0.251771297	5.043590308755981	5.472790650732574
0.252076451	9.612289903225886	5.403547341255427
0.252381604	5.389564852534505	5.4378917337966985
0.252686756	9.742401543778527	5.453045470013566
0.252991906	12.626227746544458	5.491151567344173
0.253297054	11.701418087558011	5.449984882336991
0.253602201	6.309710691243993	5.489508620544558
0.253907347	9.022070520737202	5.466340684094207
0.254212491	12.051249225807084	5.470314117171751
0.254517634	14.513405009217024	5.487899790006858
0.254822775	7.360985824884381	5.463715729855226
0.255127915	4.654643926267141	5.473110937433832
0.255433054	10.51768441013813	5.474425841359255
0.255738191	6.64902108294946	5.456174618989945
0.256043326	7.605236986175186	5.4554222839841
0.256348461	6.0830384101387125	5.453130963603407
0.256653593	12.087352557603666	5.498059394181425
0.256958725	15.454666331797782	5.440232174533963
0.257263854	11.347667433180106	5.43268676957245
0.257568983	3.134956460828846	5.441982689604548
0.257874109	10.667361543778426	5.452622672839015
0.258179235	9.275925055299652	5.514740039721622
0.258484359	21.071900723502495	5.433077055482668
0.258789481	10.896406534562573	5.463496358321419
0.259094602	13.993707884792954	5.427320221353825
0.259399722	2.2783199999997805	5.432664329779465
0.25970484	5.6452443041474965	5.468077868016773
0.260009956	9.620901516128768	5.427880149452174
0.260315071	12.274036612903316	5.471102161592734
0.260620185	10.962751852534183	5.430084158537819
0.260925297	5.072547493087214	5.432844152141444
0.261230408	12.501369059908143	5.451593718556987
0.261535517	9.478084949309036	5.431933117752362
0.261840625	6.480128548387327	5.470556298947442
0.262145731	4.423520133640437	5.363971280226545
0.262450836	9.415191718894036	5.423664515586989
0.262755939	7.645055299539791	5.389420527859092
0.263061041	6.856052714285568	5.407888883263166
0.263366141	9.101167880184278	5.436586747362075
0.26367124	20.76662474193604	5.400875856773069
0.263976337	3.173820368663698	5.425303407415295
0.264281433	12.293323036866894	5.407677902905436
0.264586527	18.264145470046316	5.4374758181836675
0.26489162	14.404479437788922	5.402979018599248
0.265196711	5.017971290322691	5.358685965031052
0.265501801	12.627310539170793	5.430960869217552
0.265806889	14.880154824884926	5.357389367764462
0.266111976	13.995286626729069	5.391435141174087
0.266417061	8.370861603686848	5.380182689290249
0.266722145	7.292132488479197	5.380051833306714
0.267027227	9.065864894009366	5.4081520730394015
0.267332308	9.844671281106017	5.331457223103938
0.267637387	17.616850184331554	5.335408333973431
0.267942465	14.841174442396579	5.382814278302905
0.268247541	5.5502871152071975	5.377232060385738
0.268552616	6.0921940737323865	5.34738134509941
0.268857689	7.9027542534561945	5.323353094281297
0.269162761	8.252916769584857	5.377176369723499
0.269467831	9.438319617511723	5.335465582764376
0.269772899	10.023079262672994	5.401362718017346
0.270077966	11.0801298018432	5.301490088570544
0.270383032	0.05519243778806526	5.28948227426213
0.270688096	3.9819702949311164	5.44966954554055
0.270993158	15.768848156681656	5.490809229745847
0.271298219	8.817474635945075	5.509023371632436
0.271603278	8.011354626727467	5.505444403704016
0.271908336	16.547655875575913	5.757397633079839
0.272213392	13.793201152073777	5.879279269958245
0.272518447	12.139565248847717	5.9432285236098865
0.2728235	14.98290896313435	6.0537957107710465
0.273128552	-2.5543894147461543	6.212736858367752
0.273433602	10.336017917051024	6.2611033714372235
0.273738651	16.07198392165941	6.36568518813623
0.274043698	9.116593391705408	6.386678867612127
0.274348743	14.535904829493163	6.472980279009604
0.274653787	4.083982967741946	6.486919462881764
0.274958829	5.352031705068754	6.553469758150087
0.27526387	8.745480064516755	6.538063371843996
0.275568909	18.554040096774003	6.63445131652844
0.275873947	9.613173764976608	6.725515014323484
0.276178983	-0.8375074838706809	6.652895332616975
0.276484018	9.903986299539156	6.740168191595061
0.276789051	14.193793170506837	6.600869354406328
0.277094082	8.82516577419338	6.743172676722956
0.277399112	15.407141617511186	6.758852507435538
0.27770414	5.504103520737189	6.763699712940679
0.278009167	7.369192889401006	6.80843319660875
0.278314192	29.116443211981533	6.810611971065394
0.278619215	16.674050110598913	6.901974861333845
0.278924237	15.034569110599136	6.845030699833561
0.279229258	11.364256834101454	6.995189804395404
0.279534276	6.417614447004283	6.982571099554671
0.279839294	9.427788267281016	6.8778696556808585
0.280144309	14.301871608295329	7.025273805858972
0.280449323	15.377624723501881	6.974591715659272
0.280754336	13.661119935483512	7.109541463708585
0.281059346	3.870822552995463	7.143219233068909
0.281364356	25.440552843317548	7.064201972593362
0.281669363	0.7463293963133566	7.16139967301022
0.281974369	12.20861194470082	7.057383360937425
0.282279374	15.582814433179593	7.231438955486541
0.282584377	5.067723341013348	7.042486180377208
0.282889378	3.950031184332161	7.152483777096446
0.283194378	6.689332949309019	7.134180239294083
0.283499376	22.342985612903377	7.150463151013751
0.283804372	17.4958675299537	7.34418300344952
0.284109367	10.787030847926218	7.219263165999164
0.28441436	13.978249368663498	7.2674510502759135
0.284719352	6.873956806451105	7.415562135504738
0.285024342	5.68342649308768	7.35003234466015
0.28532933	17.351271313364336	7.43670549372353
0.285634317	-1.8959539907833545	7.239279758399459
0.285939302	22.137325668202905	7.479265649799568
0.286244286	4.4552971797235585	7.45837566570514
0.286549268	5.661872437788489	7.439642983691381
0.286854248	2.720678354838668	7.502753634933386
0.287159227	4.97993650230427	7.423266515575706
0.287464204	21.24197303686664	7.550773344233286
0.287769179	2.106448589861998	7.544916111387528
0.288074153	7.743801377880075	7.512949303522261
0.288379125	16.71810249769578	7.634173227316796
0.288684096	5.10922215668252	7.629414122848411
0.288989064	10.901698055299462	7.6544281293807535
0.289294032	3.8909616221201304	7.606429693673669
0.289598997	-2.04816431797191	7.673315395409265
0.289903961	10.717401313363979	7.7347995070603535
0.290208924	13.557081488479383	7.760942281585858
0.290513884	12.759148244239924	7.727275254266514
0.290818843	13.60406007373193	7.7315563302632615
0.291123801	5.116555953917512	7.798092828083336
0.291428756	-3.9875665345619637	7.872872458894572
0.291733711	13.994660387096971	7.82048771699632
0.292038663	5.639518700460329	7.8555300774299806
0.292343614	10.729316940092488	7.824758269207133
0.292648563	15.861529244239492	7.961585087668609
0.29295351	5.996922654378238	7.972099428864983
0.293258456	2.6393336589860894	7.953265129361426
0.2935634	14.37711182027634	7.949125607258445
0.293868343	14.392307529953996	8.061355947690087
0.294173284	0.841370474654255	8.027086981716264
0.294478223	8.646561101383057	8.021276411897203
0.29478316	19.756973009216807	8.063683869095177
0.295088096	2.671835746543536	8.169045972587226
0.29539303	3.436954119815283	8.169455075336815
0.295697963	6.668068419355393	8.198057035477673
0.296002893	4.98392317972403	8.168785059897118
0.296307823	11.832085635944765	8.172531095941443
0.29661275	2.9575242903221977	8.256821146780748
0.296917676	15.777798700460863	8.236955314665574
0.2972226	-6.48670856682017	21.768925734466382
0.297527522	12.839317728109947	8.299793386411888
0.297832443	2.359930493087674	8.326904092536152
0.298137362	15.040239603686487	8.256625965477882
0.298442279	21.5340576728115	8.243042564362725
0.298747195	9.522089207372986	8.35620732426545
0.299052109	0.47526963594513916	8.310533596919745
0.299357021	-2.8639956359446472	8.382216677071384
0.299661932	16.28672276497646	8.31124010523702
0.299966841	3.2685438617517804	8.359096681063615
0.300271748	15.503545341013591	8.390360993697367
0.300576653	14.454408682027733	8.496668767972317
0.300881557	3.8042103271893524	8.475428940552053
0.301186459	11.122941225806855	8.428948552901003
0.30149136	-0.8724994470055236	8.67336159083191
0.301796258	13.154715341013627	8.514661069971178
0.302101155	26.374727820276647	8.5358395102807
0.30240605	6.098437709677285	8.564174929475705
0.302710944	8.70849538248855	8.580172603305273
0.303015836	18.93352602764992	8.6786613472009
0.303320726	-1.8774028571433377	8.68496712338008
0.303625614	-2.850370682027119	8.741119391872598
0.303930501	11.619679036865875	8.726750856742537
0.304235386	-10.914702156681741	8.749700847038438
0.304540269	4.208174801844109	8.777711987506889
0.304845151	7.104534682027577	8.742992948817502
0.30515003	2.811845741935741	8.91071525912344
0.305454908	-9.24618395391704	8.821725468557299
0.305759785	13.809090829493371	8.97888254957471
0.306064659	18.3857340645163	8.84379181146507
0.306369532	-11.067056046083081	8.71102246739164
0.306674403	3.3713613179728696	8.918050586682808
0.306979273	11.015274852534418	8.755913484577508
0.30728414	21.17332304608297	8.957378377593065
0.307589006	-4.426493986174691	8.853242391876764
0.30789387	8.884557460829825	8.931325498795328
0.308198733	7.834400741935212	9.017823499199384
0.308503593	14.678946834101652	8.76744532711168
0.308808452	7.003552525345711	8.933400585165836
0.309113309	6.810639949309234	8.914535340161725
0.309418165	19.470323147465294	9.075110232569331
0.309723018	-1.9268956820277339	9.006206238989044
0.31002787	1.4724691244234123	8.894217428850965
0.310332721	1.9126332350234065	9.103747112321955
0.310637569	11.172059041474185	8.925811603339373
0.310942416	9.184819041473844	9.192771238646827
0.31124726	2.765941087557451	9.128698637003335
0.311552104	0.10062997235003479	9.055375681582479
0.311856945	17.507211027649845	9.319524125203678
0.312161785	12.294527341014287	9.088766621176923
0.312466622	-18.33294696774196	37.370415149307604
0.312771458	-1.0058084976955683	9.226475203693346
0.313076293	0.512270456220989	9.276151273444684
0.313381125	2.888937000000098	9.514274597372513
0.313685956	19.22735358986209	9.130792580531622
0.313990785	15.017260313363963	9.579437375897843
0.314295612	-6.851749953916766	9.323907372420528
0.314600437	16.135900566820425	9.415561287978713
0.314905261	12.746734944700506	9.54959986635667
0.315210083	18.13780905069173	9.355258076799984
0.315514903	-11.90215742396326	9.618085356379764
0.315819721	19.211269801842903	9.435982071072367
0.316124538	13.374095023040908	9.608431058199205
0.316429352	27.944921834101066	9.648513971336135
0.316734165	25.609137488479305	9.554354984553871
0.317038976	12.579864405530188	9.814015925674683
0.317343786	19.69006943778787	9.48168387100653
0.317648593	20.240434009216415	9.655586489362843
0.317953399	5.493984391705524	9.808148362957189
0.318258203	11.512756986175035	9.664284754035075
0.318563005	-0.1076856589863695	10.000212674978322
0.318867805	17.774890686636553	9.610371843708911
0.319172604	12.91398796313338	9.988424097705208
0.319477401	-15.040608534561883	9.789120351407865
0.319782196	8.431474534562469	9.939316267041905
0.320086989	-0.5661170829492335	10.031032470206412
0.32039178	21.732744410138096	9.969709552204483
0.320696569	9.063377115207203	10.005840680709557
0.321001357	-0.74504022119811	9.900529712204658
0.321306143	3.5762673686637214	10.144189446559627
0.321610927	7.112640875576517	10.184232376654505
0.321915709	2.212783824885207	10.088078579633699
0.32222049	1.783943092165785	10.298499649404103
0.322525268	11.805949603686656	10.065439692885022
0.322830045	18.355715820276757	10.34070916531176
0.32313482	30.37379381566879	10.17546453779955
0.323439593	-0.9643098525346971	10.317290903714534
0.323744364	1.5291827649767242	10.284091145103462
0.324049133	-1.8436273410141268	10.278396897624296
0.324353901	4.659252285714786	10.622038954295984
0.324658667	5.750595834101517	10.206852961312475
0.324963431	-3.911595949308264	10.699317123324658
0.325268193	11.209173184331647	10.437381303189241
0.325572953	12.911399354839048	10.61412252772049
0.325877711	20.38638863594514	10.675729140146583
0.326182468	0.6170778986177083	10.478140740766978
0.326487223	19.301432797235663	10.892280520935099
0.326791975	-11.805336276497727	10.730817061353976
0.327096726	8.521981341013785	10.882674502244694
0.327401476	-8.389207387096391	10.957003855965436
0.327706223	22.369787999999886	10.646651971812647
0.328010968	1.4234498064516288	11.007521245046528
0.328315712	1.4592698709674323	10.848257366995135
0.328620454	3.9602678893999865	10.952270620565368
0.328925193	13.778538940092062	11.038217090823847
0.329229931	-16.572320188939855	10.909160308091012
0.329534668	-9.663575069124235	11.227836842328129
0.329839402	0.13123153917021568	11.00199554197236
0.330144134	16.53500589400913	11.38721611747374
0.330448865	13.177609866359461	11.22332061937684
0.330753594	0.7087214101378692	11.159721391336966
0.33105832	12.194769566820938	11.506088836929598
0.331363045	17.499125064516008	11.024795348709326
0.331667768	16.010906267280802	11.412134740379448
0.331972489	3.008828281105238	11.284448413479055
0.332277209	-3.587440442396499	11.484809800319958
0.332581926	7.152204645160936	11.50240589600336
0.332886642	18.654910447004838	11.377728354484173
0.333191355	4.138939884792379	11.669977998315854
0.333496067	3.6307528387094123	11.485024057769426
0.333800777	8.729783548387005	11.70456639695589
0.334105485	14.343922539170322	11.562848292603405
0.334410191	3.994504460829802	11.670536014514173
0.334714895	2.2469099262674064	11.914964771466021
0.335019598	5.994686986175566	11.535301805298472
0.335324298	26.073888645161603	11.980362758873714
0.335628997	18.61872484792599	11.796763022801207
0.335933693	24.316876875576696	11.991946382870598
0.336238388	16.6172103778802	12.112071781015041
0.336543081	13.870593769584971	11.751782248688789
0.336847772	30.72089191705075	12.412152410368398
0.337152461	-4.0183637096773595	12.019183826244921
0.337457148	27.91786711059892	11.97953736475312
0.337761833	5.963637769584906	12.121523834056385
0.338066516	12.74277600000012	12.262177603347627
0.338371198	34.188276516129505	12.459434014785991
0.338675877	12.959178649769356	12.037126929783533
0.338980555	23.498624843318083	12.701495097982445
0.33928523	-9.144866110598713	12.208915037122656
0.339589904	18.116202806451582	12.728200709058822
0.339894576	-4.0137379262674955	12.806080780896853
0.340199246	12.420921870967447	12.254635771335138
0.340503914	16.663133336405593	12.703246654773578
0.34080858	-18.06865929032277	12.238530167285237
0.341113244	18.04952142396317	12.613661339281347
0.341417906	3.121528751151885	12.48218139581077
0.341722566	8.112521829493176	12.535811409651577
0.342027225	34.69356841474692	12.916220746306637
0.342331881	7.685742875576054	12.260715044295841
0.342636535	24.37287958986154	12.843820184368655
0.342941188	22.04906032718874	12.522898812859994
0.343245838	15.302363221198192	12.631298884227583
0.343550487	-2.999579903226035	12.790431286727307
0.343855134	25.582934539170736	12.002948536055733
0.344159778	1.4114395990785766	12.948805395135906
0.344464421	10.720107516129218	12.55642306062475
0.344769062	6.899761543778737	12.732890600833503
0.345073701	-4.7654851152069	13.028108998229829
0.345378338	17.431461382488393	12.447141130204498
0.345682973	23.798034317972068	13.065847810160035
0.345987606	-10.820284861750409	12.819800098358655
0.346292237	16.17566791705073	13.073605431740067
0.346596866	-4.256359764977233	12.964312381975075
0.346901493	14.617972442397189	13.017287943866096
0.347206118	8.2358892258069	13.600785358858523
0.347510742	-4.483584953917443	12.943653144525847
0.347815363	12.361478410138176	13.458697538970888
0.348119982	15.454608847926465	13.175897658401688
0.3484246	13.434432940092336	13.442298510432847
0.348729215	3.7906087465439953	13.959306822005699
0.349033828	-0.6370680967739162	13.14198686231341
0.34933844	-7.68459474654378	13.74749660680307
0.349643049	-27.52117707373273	13.609257063034873
0.349947657	19.649409447004516	13.724032609115989
0.350252262	-3.3449732027646206	13.761670277759496
0.350556866	13.456111585253367	13.770782265994225
0.350861467	-5.106074751151652	14.223963013277933
0.351166067	-1.2535556221198618	13.726518345204152
0.351470664	13.033930940092517	14.220516019191638
0.35177526	10.83995523502388	14.084303348040121
0.352079853	16.89843939170501	14.301752754224017
0.352384445	13.46939764055314	14.727126626102292
0.352689034	-1.931662290323004	14.006876378333224
0.352993622	-5.779098423962736	14.892843125666941
0.353298208	0.35347410599094076	14.182586935504236
0.353602791	-8.320876133640667	14.746464838789635
0.353907373	14.401794359447493	14.756725831974979
0.354211952	3.6055221566821416	14.463832808333017
0.35451653	-0.12366040552997504	15.295286737381746
0.354821106	32.05857910599036	14.274472304219051
0.355125679	21.440598953916847	15.374294800292983
0.355430251	33.18449967741941	14.643082896024385
0.35573482	-14.654184428571213	15.228627469227249
0.356039388	-0.8214525576035214	15.928056407242105
0.356343954	-0.44496891244257597	14.716229382724942
0.356648517	5.700515903225352	15.782579192258268
0.356953079	-26.227033276497806	15.479312012177322
0.357257638	9.570736935484021	15.748833936467307
0.357562196	-3.5904721658982908	16.181094787538637
0.357866751	9.44946827649801	15.533882795969177
0.358171304	5.887112617511008	16.203264658250927
0.358475856	4.058255898617489	15.365416821124896
0.358780405	-3.521166479262021	16.811695189779158
0.359084953	3.520115368663568	16.137779546013892
0.359389498	11.129142576036344	16.289900334734536
0.359694041	9.812259622119868	17.283363209510608
0.359998583	18.58874848847968	15.934646571143652
0.360303122	27.350475940091883	17.19246875171555
0.360607659	-5.632904880184029	16.557762630579067
0.360912194	-8.499531976958394	16.95578508431056
0.361216727	32.680271327189274	18.0692801449715
0.361521258	-9.611967815668407	16.220323013822714
0.361825787	16.657030138249027	18.245384038896496
0.362130314	25.53494357142867	16.947002638635013
0.362434839	9.708317465437801	17.619093355774513
0.362739362	22.1467925115207	18.24258354610657
0.363043883	10.09188994009186	17.602260950929203
0.363348402	3.377647299538964	18.593803147056178
0.363652919	5.736187165898201	17.370718024745276
0.363957433	3.419346308755422	18.765607513091524
0.364261946	13.46923796313412	18.225843720688633
0.364566456	34.74837673732708	18.627009213383364
0.364870965	8.519401640552857	19.718342776780958
0.365175471	12.519674686635867	18.046560373985255
0.365479976	15.039279239631753	19.76306909476951
0.365784478	19.936373889400656	18.943282380433978
0.366088978	0.4384401382490921	19.848331794195524
0.366393477	35.8139756682025	19.98162083068468
0.366697973	-18.27346972811064	19.275713626853122
0.367002467	-20.27829360368621	21.094254006684572
0.367306959	18.81391844239687	19.15954387055319
0.367611449	23.703889677420236	20.82978484519859
0.367915936	8.636567811060019	20.34099509234914
0.368220422	12.634546248848082	20.61626432895075
0.368524906	-47.46607203225814	23.086774423289793
0.368829387	-21.19219318433217	19.889549155474555
0.369133867	-1.0513242350227614	22.301891899061427
0.369438344	-16.545108834101114	20.724226518305418
0.369742819	-33.24012380184314	21.9570689561778
0.370047293	-28.222764156682274	23.925044463414615
0.370351764	-4.210240792626934	20.72833971011745
0.370656233	31.59779253917023	24.76218491615432
0.3709607	10.165356594470225	22.016604077075236
0.371265165	40.24420625806478	24.31253564971913
0.371569627	50.315117815668415	23.652948492960185
0.371874088	24.47955184331839	23.705245853477365
0.372178547	-7.313765594469714	25.975993855152883
0.372483003	-2.08477043317977	23.019814552685226
0.372787457	30.385446230415596	25.970711981619385
0.37309191	-28.940858520737578	24.73552754513454
0.37339636	-20.6530534562215	25.52299519837753
0.373700808	9.787056852534874	29.909970213074835
0.374005254	-21.265539211982087	23.807262723280374
0.374309698	30.56807125806472	30.566440088074206
0.374614139	29.314289271889038	25.035883518576963
0.374918579	-11.604905539170929	28.588586246392563
0.375223016	9.138850036866089	30.389623738731693
0.375527452	-15.730379645162387	26.301937577649337
0.375831885	28.876079741935285	35.37530348890692
0.376136316	55.283085414746935	26.480290076675697
0.376440745	23.954109308756273	35.409782103163025
0.376745172	62.82309386175136	29.27251766774535
0.377049596	29.051805239631605	33.41100833704285
0.377354019	-18.65231753456179	39.304483905236395
0.377658439	59.095419087557204	28.296196044265233
0.377962858	-17.641117764976286	43.26074988216516
0.378267274	-21.928748764976405	30.60974537338681
0.378571688	55.18479132718916	44.46499458560824
0.3788761	-27.236058211982126	41.33750643759843
0.37918051	-47.05491093548382	35.67500792068976
0.379484917	-5.353532972350763	48.43826900205107
0.379789323	-49.41179098156674	37.08449318141534
0.380093726	-1.9990121566819141	51.967399018901396
0.380398127	-11.624265806451248	39.23987290803503
0.380702526	16.969817317972158	57.94197947702749
0.381006923	-117.8924782857139	56.49452879320398
0.381311318	-9.910757207372924	47.35367640157774
0.38161571	87.12984606451613	69.48202352637732