0.0051976508	533.7741181458432	269.1868206594727
0.00550339478	673.3966300282609	263.25479481945234
0.00580913873	610.0327447823693	211.99344360521917
0.00611488265	626.9538948626318	176.4952502213314
0.00642062653	562.2195347540987	141.25693805195172
0.00672637038	566.7967972413794	112.77988656880947
0.00703211418	455.48016323120373	94.24309055068412
0.00733785795	626.7326909055901	79.9996364327667
0.00764360168	575.089469775013	67.46491154881605
0.00794934536	459.9509373499177	58.840804456573515
0.008255089	522.0452871000548	50.219740053755245
0.00856083259	549.2606369112491	44.62561892622294
0.00886657613	557.1079380418323	40.44916176735322
0.00917231962	515.3757801537599	35.68673656998052
0.00947806306	488.22775779084475	32.6602431672296
0.00978380645	543.7199353713944	29.5090197140562
0.0100895498	549.8626163821391	27.67240029898715
0.010395293	521.9931501028832	25.100934731911217
0.0107010363	492.9666053973999	23.26288089016659
0.0110067794	514.5978653024308	21.70728442738233
0.0113125225	489.14166201017497	20.47551524538555
0.0116182655	502.43188738270294	19.902793239776848
0.0119240085	478.34357214245347	19.47339393044448
0.0122297514	488.9600484703218	18.50732738960794
0.0125354942	470.383273442623	18.316770964271473
0.012841237	483.0527749508188	17.693856258246207
0.0131469796	511.7366285426774	17.349963998488644
0.0134527222	466.9851557874497	16.526684172034415
0.0137584648	489.0561533499162	16.216906220272204
0.0140642072	473.78484745008495	15.726910675651572
0.0143699496	469.9352249831548	15.48433563041177
0.0146756919	459.1591420137934	14.959610453961703
0.0149814341	461.1334320551717	14.673181943948418
0.0152871762	453.61222268535795	14.246690453053878
0.0155929182	448.26894407733215	13.775009156580104
0.0158986602	458.1268049756923	13.743643482814862
0.016204402	446.26499160361834	13.50434567092501
0.0165101438	428.74468552086086	13.439241411897129
0.0168158854	415.7463752721313	12.775646237059835
0.017121627	416.5828081022038	12.352898877603328
0.0174273685	407.7261856881866	12.210750901180315
0.0177331099	432.2144327997738	12.01772174277359
0.0180388511	404.05056662385533	11.956014967850198
0.0183445923	410.2404819425674	11.414377791452702
0.0186503334	386.50718068241855	10.786430157541627
0.0189560743	398.3416115914071	10.788310717452749
0.0192618152	394.9290756345958	10.513437955475943
0.0195675559	384.32128109214267	10.203012568380759
0.0198732965	372.6580270593554	10.080265071739172
0.0201790371	388.6641541612206	9.867667991727416
0.0204847775	376.44032603663067	9.695378413940801
0.0207905178	365.9488697879027	9.400526598179145
0.0210962579	377.29195316088203	9.30255773979329
0.021401998	355.6541143669866	9.115970761802785
0.0217077379	365.47863535986437	9.032065827760938
0.0220134777	350.1904471789714	8.931962268030732
0.0223192174	339.5121448219338	8.651621662461194
0.0226249569	350.2285650905601	8.690723019552893
0.0229306964	339.4040273582814	8.469663443536021
0.0232364356	330.4022683972863	8.46312697321302
0.0235421748	339.3332723348784	8.346612107694812
0.0238479138	313.1329420872812	8.188027967407482
0.0241536527	311.58689061458415	8.136031243885121
0.0244593915	318.7860683154321	8.063537958633363
0.0247651301	314.03275832266786	8.00104978458966
0.0250708686	307.7308551441487	7.823951315868632
0.0253766069	304.18891745641633	7.74253758097234
0.0256823451	298.228445421594	7.716597124048915
0.0259880831	291.26567478507684	7.642971114350663
0.026293821	292.6064648042965	7.497159227724752
0.0265995588	287.4976461225548	7.348041797074527
0.0269052963	272.3455864723571	7.205944364560395
0.0272110338	278.8000371520629	7.273682989299938
0.0275167711	261.3713695104585	7.1679461037089975
0.0278225082	265.1732549989822	7.153091474625608
0.0281282452	262.36039686399135	7.048360566153178
0.028433982	267.32123042057674	6.968846503148745
0.0287397186	265.80552003120386	6.91339207687679
0.0290454551	248.65894737523965	6.895389355831548
0.0293511914	257.6614050240818	7.054973767491067
0.0296569276	254.0283665632555	7.00379028811265
0.0299626636	244.40504981435836	7.015982398000567
0.0302683994	239.0414075550027	6.986573021925563
0.030574135	230.8686388436407	6.996055471565768
0.0308798705	240.01483870435305	8.878778791062784
0.0311856058	225.4189868189941	6.973474957218439
0.0314913409	235.83303726082508	6.955781815515087
0.0317970758	245.36514793352163	6.829951129553475
0.0321028106	228.21313036811782	6.8480493955084825
0.0324085451	225.54841091984142	6.80667388002953
0.0327142795	223.63450410356077	6.747686187947138
0.0330200137	211.40456274324464	6.818982649810177
0.0333257478	217.10730163165658	6.6405312568019745
0.0336314816	199.6617419034485	6.662115514268918
0.0339372152	208.93129091124942	6.6304135347675475
0.0342429486	207.8303528886372	6.537879042428452
0.0345486819	213.27089225076318	6.638663102813316
0.0348544149	194.82762086534694	6.493420957774424
0.0351601478	185.18339765765995	6.524357072231184
0.0354658804	186.04894120610547	6.484402877935426
0.0357716129	191.54097842464608	6.436660429330466
0.0360773451	182.3878208219333	6.4796200028237525
0.0363830772	179.82183270389976	6.358968550421421
0.036688809	168.21758931848527	6.375016084062555
0.0369945406	178.7982044192195	6.312939964528334
0.037300272	181.3577387351038	6.317935186871536
0.0376060032	190.5205967739962	6.300289777736231
0.0379117342	169.83646343335212	6.3000499846535485
0.038217465	180.172128185415	6.200890686820052
0.0385231956	157.51024454154873	6.160607568100773
0.0388289259	174.0366464732616	6.224959757093757
0.039134656	155.00685675477627	6.218185689980281
0.0394403859	166.54916486195566	6.054606714522828
0.0397461156	161.1314062460146	6.1181698845765204
0.040051845	153.63385401130623	6.055059385550516
0.0403575742	159.0664974003387	6.100249755773223
0.0406633032	156.17135882306366	6.028968829474695
0.040969032	145.35747824533664	5.95677800019303
0.0412747605	151.53277851215398	6.03292649577528
0.0415804888	154.1488168312038	5.990594257283337
0.0418862168	146.78595374674913	5.953178503852644
0.0421919446	143.84938707541008	5.9323070772385975
0.0424976722	134.15524297478788	5.946404955117077
0.0428033995	139.63867091667572	5.937231211932519
0.0431091266	139.48399328185386	5.883239302941534
0.0434148535	130.1791197684567	5.819782451367038
0.0437205801	138.96484310864844	5.808701394175749
0.0440263064	136.45862334742804	5.868356838517658
0.0443320325	136.9034201252681	5.82797684119547
0.0446377583	139.28824238688492	5.783829552032731
0.0449434839	120.6798331475413	5.791563168824325
0.0452492093	130.16678327868854	5.604756025110242
0.0455549343	132.05715871452747	5.745184117917498
0.0458606592	118.34409465483304	5.6142178029803445
0.0461663837	131.04700221910667	5.736678627128647
0.046472108	131.18155607348766	5.670250502810026
0.046777832	122.28972207190577	5.665220663569014
0.0470835558	115.93615112492978	5.829600860419678
0.0473892793	110.22767931011848	5.772520942767301
0.0476950025	109.80170492843436	5.781649195476704
0.0480007255	108.35035030887462	5.801546304522153
0.0483064482	121.20960003437028	5.895908985107306
0.0486121706	113.07336656189918	5.91500038853758
0.0489178927	113.75904488954274	5.844842234765825
0.0492236146	105.1676041885809	6.0665356468022935
0.0495293361	116.46861494674903	5.97300844637988
0.0498350574	101.00876009858644	5.9713741450211275
0.0501407784	98.05556140350467	5.994173444676341
0.0504464991	93.53603472945113	5.976801706405878
0.0507522196	114.84352085901571	6.180485707489475
0.0510579397	98.29158952289396	5.917580758050095
0.0513636596	97.11376484250994	6.057779125652568
0.0516693792	104.87328669485626	6.114869385565172
0.0519750984	102.42735615692516	6.059131656160276
0.0522808174	97.07139444002192	6.110220933574388
0.0525865361	99.66138247868835	6.016195067977971
0.0528922545	109.87341326873951	6.102508223318587
0.0531979725	90.12272364115347	6.093257838921267
0.0535036903	91.4768970731489	6.1292551368210635
0.0538094078	95.02927329067217	6.147292493516399
0.0541151249	101.23237612504195	6.140923725069536
0.0544208418	103.28173069530851	6.217982461188321
0.0547265584	97.72911575375852	6.204231311638435
0.0550322746	89.94282388807196	6.139907894854174
0.0553379905	93.75654779400836	6.120608102300369
0.0556437061	88.13301204816273	6.121168555077391
0.0559494214	89.08221192786888	6.237663509664439
0.0562551364	96.73964083550035	6.118518011261196
0.056560851	93.51280843346527	6.145301014026181
0.0568665654	94.17278063696935	6.101708908570778
0.0571722794	91.05903687461861	6.127502702175683
0.0574779931	89.57682736619597	6.13749423174831
0.0577837064	81.96972446670418	6.018471782410583
0.0580894195	76.97680290220407	6.083143145999808
0.0583951322	93.44795746252112	6.065295809603539
0.0587008445	87.03669080293997	6.162358691041599
0.0590065566	73.08218283979633	6.0747963147864485
0.0593122683	93.44037379468651	6.025769079877244
0.0596179796	83.53333706772185	6.123015759512773
0.0599236906	66.19149480814045	6.000854666293591
0.0602294013	76.91348780327948	6.049246176211684
0.0605351117	71.51504566557344	6.02091088996062
0.0608408217	76.50397798982408	5.971371681653842
0.0611465313	73.4448398955341	6.049973176046674
0.0614522406	60.207138214584006	5.947664670208827
0.0617579496	66.35914254946195	6.008877528940906
0.0620636582	78.12827648818538	5.935724008105212
0.0623693664	68.88673588355041	5.9596545470081175
0.0626750743	69.2482227703781	5.98409280918037
0.0629807818	76.32746992312056	5.9478907539650905
0.063286489	64.9036438934991	5.996137559536369
0.0635921958	64.83835915681163	5.8663466177860055
0.0638979023	56.5644359929901	5.8038928865630215
0.0642036084	56.92611414245286	5.794287510905224
0.0645093141	67.57471357241405	5.80714730128617
0.0648150195	76.01957155568132	5.887018820722706
0.0651207245	66.91163394821959	5.844577833230328
0.0654264291	76.44277644454482	5.926026786051998
0.0657321333	74.28820970423996	5.895795350989777
0.0660378372	68.29205368750675	5.863730107836002
0.0663435407	60.99358547631334	5.892594069606993
0.0666492438	72.97304911701528	5.828198784005762
0.0669549466	60.21138575127202	5.841974844022974
0.0672606489	63.189919376596805	5.779580615823365
0.0675663509	60.71875344850204	5.802315230957164
0.0678720525	66.47172673171264	5.85394434532553
0.0681777537	73.8683354715657	5.761717753740282
0.0684834546	65.25980295014114	5.87668466477814
0.068789155	59.09484834934983	5.77327779269609
0.069094855	62.23885401469758	5.83697411586982
0.0694005547	52.25841676133422	5.796993788858384
0.0697062539	64.14351153035645	5.676379613391507
0.0700119528	61.47178138858135	5.75488577724999
0.0703176513	51.75874513239103	5.726322344142574
0.0706233493	63.20048225867657	5.714566464687283
0.070929047	57.946872321085436	5.686433055810989
0.0712347442	64.56236157083111	5.806717009130163
0.0715404411	60.750359755115284	5.75040313063965
0.0718461375	52.22646969994372	5.666916687955458
0.0721518336	53.99359371644957	5.7053532766116986
0.0724575292	53.95230741888068	5.704892455705266
0.0727632244	55.29301316110826	5.754905737184179
0.0730689192	53.58594951023153	5.72726023441052
0.0733746136	51.45468334584584	5.643731516685718
0.0736803076	48.9419717569244	5.659172061337904
0.0739860011	55.14802475771651	5.677927984005422
0.0742916942	50.24784491825881	5.6831396043645395
0.0745973869	50.3356029044657	5.6455950121056055
0.0749030792	48.48436797851872	5.613991403700157
0.0752087711	55.837432786658866	5.6970313810441
0.0755144625	45.756819697455825	5.59604963736056
0.0758201535	55.60971954347099	5.614117009854143
0.0761258441	46.776806894742464	5.64100576750938
0.0764315342	48.648511525381366	5.841941345855149
0.0767372239	52.23814812481581	6.0353302960757835
0.0770429132	40.92310279796462	5.971575602989156
0.077348602	54.287891193895234	6.0390423281095345
0.0776542904	51.111365472243875	6.066276515777413
0.0779599783	47.28946841537598	6.198590294066452
0.0782656658	62.98693521107916	6.249519115932969
0.0785713529	38.66758924997171	6.198751870660103
0.0788770395	61.361292880497444	6.295178469967527
0.0791827257	51.834317952288984	6.260494358940199
0.0794884114	55.68859651690158	6.4680510595087135
0.0797940966	39.05368105686841	6.356713509900507
0.0800997814	44.83622205833751	6.390024912713795
0.0804054658	50.941618311814494	6.522827670595345
0.0807111497	48.065991836064995	6.442630753136941
0.0810168331	49.29336808954207	6.44892042991735
0.0813225161	56.34754501729785	6.639371031823829
0.0816281986	33.400151055737325	6.601085281834813
0.0819338806	55.459570434595435	6.700225578097521
0.0822395622	48.51213863810034	6.424534189859495
0.0825452433	48.19030878439736	6.503904412463976
0.082850924	55.053618848162756	6.0504366456654814
0.0831566041	41.230938226342204	6.068687182575664
0.0834622838	40.307153641153235	6.015180709056516
0.0837679631	43.7164933670999	5.983009501227221
0.0840736418	42.64859204273611	6.08813121668634
0.0843793201	43.60434377049188	5.882176815807167
0.0846849979	49.70280085630304	5.8354641620584715
0.0849906752	32.06161430684014	5.775602909053945
0.085296352	36.43880948942925	5.770180727441625
0.0856020284	46.017264128659974	5.805403156342201
0.0859077042	41.137526334199805	5.715795435833208
0.0862133796	44.47157055895963	5.674556321025402
0.0865190545	43.59842195726404	5.669585398474603
0.0868247289	46.70843964296236	5.600040236504516
0.0871304027	36.23138129655183	5.585296371998357
0.0874360761	36.16546867767104	5.548103412188494
0.087741749	43.49388258179741	5.570576561017533
0.0880474214	42.625338460598925	5.532644288142173
0.0883530933	42.363089390615954	5.520639232536097
0.0886587647	43.484728379876174	5.552278698144955
0.0889644356	32.705126451554605	5.525680426425967
0.089270106	38.680252896551934	5.546854947260509
0.0895757759	40.89570107993251	5.514943036073833
0.0898814453	37.59405930197795	5.492570883862964
0.0901871141	28.527835800113706	5.447946071141179
0.0904927825	44.73551748309768	5.5105825384815335
0.0907984503	43.57321986478232	5.53290291325477
0.0911041176	43.38139776076886	5.4340573294004555
0.0914097844	37.06632110932719	5.493985582402975
0.0917154507	32.44043030503093	5.4336388750153155
0.0920211165	44.06583847258307	5.555669690415745
0.0923267817	40.646802805653095	5.427835329933627
0.0926324464	32.85339521401883	5.414773265488125
0.0929381106	38.7888300888641	5.420803049481128
0.0932437742	35.308494898813194	5.391978527720719
0.0935494374	28.67091236856976	5.461442942338573
0.0938550999	41.26118307608789	5.351914970683259
0.094160762	38.06339982724725	5.384792973614033
0.0944664235	38.86768534923638	5.4509637676232225
0.0947720845	25.42913611486685	5.3273023038223455
0.095077745	39.74745832198997	5.382489619554591
0.0953834049	31.72069620259981	5.322829247355562
0.0956890642	43.00549765471956	5.373862711678065
0.0959947231	34.015222786885374	5.386412482875092
0.0963003813	43.71235150706616	5.326730210876388
0.0966060391	26.431203362803558	5.336775785375487
0.0969116962	30.84574970650135	5.343625420914115
0.0972173529	32.86542337614512	5.3621088457422
0.0975230089	31.56027657817927	5.3094523319096485
0.0978286645	26.229578063085626	5.2767059917569314
0.0981343194	23.331839995252068	5.339610468995693
0.0984399738	40.380024829847315	5.314756286569203
0.0987456277	31.81815323685629	5.302018489619647
0.099051281	35.136681205427124	5.258585766019265
0.0993569337	41.3317207947988	5.270930729635385
0.0996625858	39.68799276721333	5.325347794268301
0.0999682374	28.771458584737587	5.219959881511722
0.100273888	33.60642841062773	5.2684574407370945
0.100579539	32.02213192945109	5.253384277351162
0.100885189	33.271252533408784	5.200064927360028
0.101190838	29.864462114867337	5.1715888799283185
0.101496487	30.31051023945696	5.109453027591438
0.101802135	33.26492243459552	5.179658271398072
0.102107783	33.20231815737725	5.1930026792626585
0.10241343	28.767817991181744	5.233038143931779
0.102719076	31.029561010513902	5.202944245050328
0.103024722	30.710962655963414	5.139517534920695
0.103330367	34.182989161786594	5.16839063867527
0.103636012	26.724459446014464	5.140847616315117
0.103941656	29.528280040475465	5.163778479057519
0.104247299	26.537688684454338	5.168076323363179
0.104552942	25.855408176597166	5.121886204180447
0.104858584	31.79773817885794	5.185877721014626
0.105164226	22.31064367280925	5.112793881315136
0.105469867	26.742535927868744	5.19506407273025
0.105775508	21.386951017524524	5.1097097300455205
0.106081148	34.13308104217043	5.108994317043478
0.106386787	33.33608634505404	5.12163928798556
0.106692426	34.065723605878986	5.096213758884209
0.106998064	24.135730063538517	5.121686978864424
0.107303701	29.328911108648896	5.100253941654302
0.107609338	23.92269880474865	5.082439258868358
0.107914974	27.893740780327704	5.081736053487498
0.10822061	24.742556715884632	5.072063998518427
0.108526245	29.629137441266238	5.124976395481489
0.108831879	18.64204877015237	5.105311434338861
0.109137513	18.133606309779253	5.065878452492452
0.109443146	25.627558619784452	5.0507654564096445
0.109748779	19.097024787337602	5.02847170516939
0.110054411	32.9461940407013	5.107058830055421
0.110360042	28.219267385867795	5.036896238824146
0.110665673	30.917089328433548	5.034040730257573
0.110971303	27.78625430435281	5.054713783447043
0.111276932	25.08221669259501	5.048579478347949
0.111582561	21.735966492255585	5.060872458824742
0.111888189	22.226188252572513	5.056703789001157
0.112193817	28.071046454493796	4.948644128341717
0.112499443	37.5324211972862	4.9610971905254235
0.11280507	33.1557485684566	4.947370678950727
0.113110695	27.497523741322908	4.95450662242909
0.11341632	27.671375377274586	4.939806649221305
0.113721945	23.721380523686435	4.980405328953552
0.114027568	24.256209479706513	4.988352920305115
0.114333191	23.370806238779238	4.993418556846494
0.114638814	25.62311103583957	4.95042067567887
0.114944435	27.73482121198441	4.949222743570675
0.115250056	15.30405682555076	4.93167680871107
0.115555677	10.565066536122117	4.963465067697249
0.115861296	29.15618980531349	5.031016224701227
0.116166916	25.234748254833363	4.894869568064469
0.116472534	22.483468921198806	4.949815212218148
0.116778152	15.09365469236846	4.94119312899171
0.117083769	19.585258859469207	4.92393784145246
0.117389385	26.642102737365462	4.975754414205201
0.117695001	23.620307397851832	4.901472107178551
0.118000616	29.615871001695638	4.9692980869940175
0.11830623	22.33696987744463	4.898991820680199
0.118611844	27.430222887506773	4.898201783792045
0.118917457	28.24557682057676	4.900486210402024
0.11922307	27.781330041379107	4.878006596216412
0.119528681	20.85293964092685	5.070016651592672
0.119834292	17.35013049700308	5.091304927981994
0.120139903	19.806737544149883	5.147065632733207
0.120445513	14.937650314980147	5.133541437339536
0.120751122	21.61943930062148	5.18553141751724
0.12105673	25.245097021593637	5.269225870681034
0.121362337	17.9449538991515	5.249969423737382
0.121667944	18.761848664782235	5.335659145468722
0.121973551	11.873469707179169	5.3432912191341515
0.122279156	30.400236198304214	5.336266361643823
0.122584761	28.509801161560375	5.456404041359086
0.122890365	21.92294098111853	5.434166745563525
0.123195969	23.16125219536434	5.322586447581953
0.123501571	19.428680630865188	5.180234085966855
0.123807173	18.671407328886573	5.156390699850272
0.124112775	21.069702022385258	5.144116524451972
0.124418375	20.402977019785652	5.203134227579164
0.124723975	14.437148896777018	5.114929905214871
0.125029575	25.22287210944029	5.085687413601371
0.125335173	14.227131055285355	5.120098884461384
0.125640771	14.508600043866693	5.064269935405366
0.125946368	24.076303917693338	5.070201295102491
0.126251964	26.898913829056312	5.055538022772674
0.12655756	13.699183742679452	4.996612419413771
0.126863155	17.12941911678871	5.0621314458968465
0.127168749	16.112418234256552	4.992301479252654
0.127474343	10.881561164725781	5.024416871391632
0.127779935	26.93206039841715	4.959645529799327
0.128085528	14.637492212775811	4.99555434743158
0.128391119	13.445371300621929	5.018121108352901
0.128696709	10.711437590276972	4.906820099839296
0.129002299	21.94726076495158	4.972833397777613
0.129307888	18.322357087620162	4.90130730251015
0.129613477	23.156479619898334	4.91400999537586
0.129919064	17.378226738495584	4.96965168119567
0.130224651	15.022797004409426	4.825784565403486
0.130530238	19.490099759412175	4.910082483642876
0.130835823	20.413604287620217	4.8513471743545775
0.131141408	19.484367333182632	4.82519144185722
0.131446992	32.085752446806225	4.8038111179391265
0.131752575	21.74006146613877	4.794715102903111
0.132058157	22.618595841718303	4.864757344284943
0.132363739	20.74491709395201	4.793371002785829
0.13266932	17.600521856642303	4.808587587335542
0.1329749	17.20524298224919	4.80724752450336
0.13328048	20.500336300961266	4.773289156267044
0.133586058	15.03702684658009	4.788102695275503
0.133891636	21.028919322780723	4.7530025948942445
0.134197213	20.336476047936316	4.798579057326158
0.13450279	14.301461751497726	4.771658634228929
0.134808365	26.7341850442059	4.7542638952028256
0.13511394	20.596838411757687	4.756500717905159
0.135419514	22.97200669915199	4.72818183146213
0.135725088	13.661411313736096	4.747049002638385
0.13603066	12.920757002600567	4.700178460620046
0.136336232	14.014573716676296	4.762745506029877
0.136641803	21.04288729768237	4.729820912485612
0.136947373	23.275436567325926	4.724421180008933
0.137252943	7.015970465574014	4.720979959089199
0.137558511	19.819090298926255	4.695480036847423
0.137864079	15.554790332843083	4.70701286426825
0.138169646	18.263933800790966	4.654155650511076
0.138475213	27.33252993148662	4.730121787050601
0.138780778	16.10229435228902	4.713304912926122
0.139086343	9.918244273826673	4.667191564157234
0.139391907	12.839020200339633	4.656097883995337
0.13969747	16.94446761763723	4.683019524013698
0.140003032	27.338109320068696	4.672597137440742
0.140308594	4.810734660938152	4.56841930473868
0.140614155	12.9672066299606	4.566776894470922
0.140919715	10.782997494177351	4.623159196514308
0.141225274	15.386126466929852	4.58565559283871
0.141530832	9.691042683550506	4.809212854252267
0.14183639	18.15853635432481	4.809223767940361
0.142141947	13.704507617411139	4.867937283106405
0.142447503	15.255845702204226	4.960782260627763
0.142753058	18.252546607574743	4.929900563509265
0.143058612	22.612535103221575	4.9993933768743695
0.143364166	3.3106901765969496	4.972663110275331
0.143669718	18.043799538722652	5.029666347645935
0.14397527	10.609196084115638	5.114857103502898
0.144280821	16.427322969361597	5.061295243757355
0.144586372	15.400561228264678	5.093473408501645
0.144891921	12.166828241265819	5.044181800770013
0.14519747	16.30974389259501	5.1752670132110214
0.145503017	5.753420498134858	5.117292800385274
0.145808564	10.511104125720607	5.1381180648349565
0.146114111	18.02638776642189	5.2119556051231495
0.146419656	17.30936139852966	5.184304494142705
0.1467252	8.146566259129543	5.2517754917984725
0.147030744	16.20740499423397	5.16768912385399
0.147336287	14.712175758055054	5.198579856972124
0.147641829	18.2915299644998	5.272061158290068
0.14794737	14.551836602373783	5.270049605538088
0.14825291	21.29309988626332	5.3014959645883675
0.14855845	15.529019462069044	5.062949296562022
0.148863988	19.666518556924615	4.996843355802945
0.149169526	17.01364654177482	4.957751098707516
0.149475063	16.634908856528938	4.854161044815317
0.149780599	12.746005077218513	4.905103244577698
0.150086134	21.59520697207475	4.80713623336609
0.150391668	13.796825059355996	4.796694505359649
0.150697202	16.702681883097938	4.754025234698978
0.151002735	14.742438928886202	4.7567261717482925
0.151308266	17.823839392650626	4.754438463984685
0.151613797	14.475238415828358	4.7300470194285715
0.151919327	16.153604727416507	4.7262136245166
0.152224857	13.892188352063698	4.637346261390307
0.152530385	16.328325971509457	4.64090551844593
0.152835912	21.681001262407648	4.679662496788646
0.153141439	17.75749032673835	4.7044769681024405
0.153446965	2.728982294177939	4.668876921051645
0.15375249	17.193945795816376	4.632934235284158
0.154058014	23.47082993917425	4.670258139458478
0.154363537	19.01184814471398	4.635230078113787
0.154669059	23.39562424375373	4.677515733416338
0.15497458	14.754583609949265	4.649277840038784
0.155280101	15.5897809372523	4.58031625286362
0.15558562	17.61422526715654	4.6684682677947915
0.155891139	15.85957953691397	4.59565797516069
0.156196657	11.296259465234158	4.5695708965645805
0.156502174	12.935073049632706	4.588428184061783
0.15680769	12.11275685562444	4.602866802748501
0.157113205	19.305710373318163	4.625823826195479
0.157418719	10.787930054268116	4.531339575022571
0.157724233	10.474884170944051	4.581352200648973
0.158029745	21.344124604409416	4.579101792941284
0.158335257	14.761442262973219	4.596681718637961
0.158640767	7.120300216167692	4.559239555500743
0.158946277	16.73514883120413	4.44812674489339
0.159251786	7.668803196156091	4.469368341031912
0.159557294	8.610080186998346	4.5099231449118635
0.159862801	17.80615822046377	4.51121478555778
0.160168307	19.163770639683236	4.492210235420874
0.160473812	20.52719837399644	4.49474598485625
0.160779317	15.062875819785376	4.53916993930126
0.16108482	14.032017449180131	4.499883187129197
0.161390323	14.464207218315437	4.524826742206269
0.161695824	16.34947215873271	4.4763757761626195
0.162001325	13.609532551272224	4.465776685640885
0.162306825	10.699756882984161	4.5306415018149035
0.162612324	16.915867325494617	4.481018630052336
0.162917821	15.771087613567232	4.486089616421523
0.163223318	3.6934559617864124	4.458283152816027
0.163528814	10.4470830231771	4.477542967307957
0.16383431	19.6142495830411	4.515898799050383
0.164139804	23.251831755341584	4.418358931220709
0.164445297	5.325921860712441	4.441308195005621
0.164750789	9.453846620689234	4.461612318333493
0.165056281	10.219649476087994	4.438235595522143
0.165361771	15.865457816393757	4.475696635422271
0.165667261	24.039146478914205	4.43002486620476
0.165972749	19.45259777343162	4.469044398141859
0.166278237	10.68208659898221	4.441425035812886
0.166583724	11.900515799887103	4.4184531283095
0.166889209	12.920476424872618	4.450233484601645
0.167194694	12.712105117919378	4.465606175755891
0.167500178	13.984603803505081	4.42438922547824
0.167805661	7.069080620237713	4.409416821286068
0.168111143	17.6219877614474	4.403049836202588
0.168416624	13.133250689881436	4.409280459194094
0.168722104	12.561116838439489	4.441246043852219
0.169027583	15.839688110570819	4.398108432952514
0.169333061	3.815113986432749	4.405695636124775
0.169638538	15.405596239231386	4.392176824457387
0.169944014	7.407564055624448	4.377978175156865
0.17024949	4.879268804748364	4.3933024964663145
0.170554964	15.068421184172024	4.388871575785093
0.170860437	9.322536370831187	4.365296881321046
0.171165909	15.54241072402533	4.399058539117288
0.171471381	18.73754226206887	4.370862429993291
0.171776851	5.507914958055352	4.372319885824261
0.17208232	14.102123301526632	4.375490615723976
0.172387789	13.62501680452226	4.382435128589661
0.172693256	12.239129787450082	4.377681611923293
0.172998723	19.204984686490405	4.341716529042506
0.173304188	7.555566965290922	4.361641614538523
0.173609653	22.63318579332983	4.335386954807912
0.173915116	16.146065973544495	4.3801358468579075
0.174220579	16.37904262159347	4.306206650286279
0.17452604	2.607617068174136	4.348820466720035
0.174831501	13.886648483210621	4.351028172264749
0.17513696	8.102757864330584	4.309484242233602
0.175442419	9.555852502656961	4.327165851903352
0.175747876	12.025843537139508	4.318314729549705
0.176053333	13.509770965064718	4.3178507841972955
0.176358789	15.250183929677746	4.359116257965597
0.176664243	10.983771112719609	4.316583797038929
0.176969697	10.7423434663651	4.300181752413255
0.177275149	20.199269561559902	4.177462967810896
0.177580601	10.721907399660466	4.175193606880666
0.177886051	9.242048802261138	4.197477740752534
0.178191501	9.324401096438379	4.182371977166923
0.178496949	10.198614421481238	4.244208959805175
0.178802397	18.91564857162271	4.260809171990191
0.179107843	10.502152593781716	4.235056608422125
0.179413289	16.48656205652921	4.237076076008784
0.179718733	15.169843021594005	4.239570442396856
0.180024177	10.68994243663056	4.274570711509826
0.180329619	4.581098932051788	4.2277554158390656
0.18063506	17.611533099604088	4.235267524366906
0.180940501	10.85238420079142	4.232401962017086
0.18124594	8.036055197512354	4.2529135204070805
0.181551378	11.782424522555118	4.2321405565531505
0.181856816	16.1427554681743	4.213759466714905
0.182162252	14.474671508422631	4.230674698334846
0.182467687	14.180916605766413	4.230654511205573
0.182773121	17.17013583990945	4.240866427156023
0.183078554	15.348824494968653	4.213948659198619
0.183383986	12.545722655285346	4.230084544407131
0.183689417	12.799465713058197	4.238111768344085
0.183994847	21.53401352764206	4.236210848900203
0.184300276	13.697228524364192	4.279857912116818
0.184605704	8.178250145844743	4.178992636462793
0.184911131	7.896877910005827	4.2031748897312555
0.185216557	7.448699017072016	4.21412144533188
0.185521982	5.389242588129207	4.219989461985414
0.185827405	4.2822676040699434	4.219431921855232
0.186132828	11.950930972753156	4.178829291321771
0.18643825	11.155889542340475	4.19334698862903
0.18674367	6.401290261164206	4.180702731752351
0.18704909	14.585803244092403	4.187141768708923
0.187354508	9.155744080949262	4.175701212336207
0.187659925	6.534818164838413	4.158591968081419
0.187965342	9.188137846014769	4.178274668066425
0.188270757	4.83771349666506	4.161161156350148
0.188576171	12.253621564951828	4.154918929927254
0.188881584	7.880715903222011	4.168058081335946
0.189186996	9.529412653476754	4.148065836942569
0.189492407	9.651865471340074	4.188417217614317
0.189797817	13.988017794912423	4.124211693581387
0.190103225	15.252475187563306	4.175107472682074
0.190408633	8.7758776918036	4.142593523388137
0.19071404	12.10922392515539	4.15268670425166
0.191019445	10.956858555794156	4.1518276331540465
0.19132485	12.169809161786901	4.140215957154889
0.191630253	12.107148172300242	4.168145143712228
0.191935655	9.158320152175719	4.130567436297585
0.192241057	11.531925395364198	4.123068432672126
0.192546457	-0.8055199041270384	4.14687166632516
0.192851856	8.752114148784472	4.117184226677264
0.193157254	4.856072004521906	4.173699256863436
0.19346265	12.079343890559159	4.126159822775285
0.193768046	12.963991514527777	4.140037918491268
0.194073441	11.03080793284309	4.14093221831583
0.194378834	12.621105978971116	4.12360579013647
0.194684227	13.738677929451143	4.146148877055409
0.194989618	11.993164862181715	4.099204516630103
0.195295008	3.891316945618769	4.143582775922766
0.195600397	11.37952123866566	4.158622814283289
0.195905785	12.648358795251198	4.085364548316261
0.196211172	9.192600422385738	4.056135860386782
0.196516558	8.316089473374404	4.067246084003536
0.196821942	16.328716008818475	4.099467575015041
0.197127326	10.220907157264236	4.060885685491601
0.197432708	8.577100859468544	4.068250905816148
0.197738089	8.162161857093992	4.045423842580938
0.19804347	9.096366896325634	4.058898639157815
0.198348849	7.498806975013849	4.066322103710865
0.198654227	4.406847169926749	4.063579451739895
0.198959603	9.644855021595134	4.061872668312525
0.199264979	8.939299139400362	4.055347877020992
0.199570353	6.136276669983033	4.083132739969533
0.199875727	16.136395574448102	4.0723370093261115
0.200181099	1.3350080777840105	4.035632658302908
0.20048647	7.534293790389853	4.0688783041896865
0.20079184	10.31866120361812	4.051780134596694
0.201097209	4.795650681062455	4.043805975208833
0.201402577	16.41200617953629	4.06836421589517
0.201707943	5.399409559073149	4.054745595275843
0.202013309	6.419344779875956	4.048686090952336
0.202318673	6.995631050310635	4.068324762263054
0.202624036	4.471404148784757	4.059259561482093
0.202929398	6.687653000790988	4.037152571955099
0.203234759	10.740576424194046	4.049645437209078
0.203540118	9.860672384849437	4.05221048869827
0.203845477	5.483247195477674	4.055159399963387
0.204150834	5.442566471904854	4.059861460332136
0.20445619	12.71405758055414	4.025994858381054
0.204761545	14.895310245562172	4.035393048046076
0.205066899	15.595070456981773	4.05691005817787
0.205372252	6.88889775850717	4.009236420866591
0.205677603	11.470630201244063	4.152251627425344
0.205982954	14.587051312832187	4.242334831206002
0.206288303	1.6685304212543883	4.248759629385334
0.206593651	13.57209327801084	4.294832338827657
0.206898998	14.48854070299592	4.295428851485758
0.207204344	13.834236707744765	4.368062815420982
0.207509688	9.338314146070928	4.4116117318871435
0.207815031	3.096279894855684	4.361736428186922
0.208120373	5.202802941999835	4.406808113827107
0.208425714	0.4080314182024267	4.397636501337164
0.208731054	7.709907080610634	4.4535746929913715
0.209036393	4.0399640895415985	4.439533362731019
0.20934173	8.89815196495212	4.432174659975309
0.209647066	10.77171247009602	4.46116375536199
0.209952401	11.712694210514371	4.450688027708487
0.210257735	8.098368825551205	4.489586935164147
0.210563068	18.067212622724668	4.467971149959571
0.210868399	3.061353122215934	4.525263946371149
0.21117373	8.495752304353203	4.504124406397444
0.211479059	3.9949448664782494	4.517838351625214
0.211784386	5.606535263312736	4.498857801020305
0.212089713	-1.1363170925945951	4.5036440463364755
0.212395039	0.771551934426725	4.544895974859338
0.212700363	16.316437939174506	4.522303551837665
0.213005686	6.776589514754249	4.541987157000773
0.213311008	13.322727753533258	4.5322379985895145
0.213616328	10.658960925720777	4.393624696563735
0.213921648	3.9700146889766756	4.336017409623584
0.214226966	9.71766813838289	4.24801081300382
0.214532283	7.071866197625667	4.197940523998098
0.214837599	7.136866934539739	4.1106877556074615
0.215142913	5.245813186432713	4.132647790446065
0.215448226	12.253319771170055	4.1432657102391595
0.215753538	13.114665111362513	4.083350800956182
0.216058849	9.36280700915799	4.0970589916029825
0.216364159	4.383683526512101	4.1077209340427885
0.216669467	4.980446698700206	4.0823624790967115
0.216974775	13.26931935692491	4.097361132698062
0.217280081	8.50963890197815	4.0862468186078225
0.217585385	7.3274811923119785	4.078917509982482
0.217890689	8.513828130921382	4.076182424512864
0.218195991	14.25299681582834	5.0558400378205635
0.218501292	10.882939059129512	4.061353309477121
0.218806592	14.60815907088741	4.064578595419722
0.21911189	4.841796673826309	4.065955615538134
0.219417188	11.474049779988377	4.0463251931378394
0.219722484	14.036727899151998	4.039902670949592
0.220027778	9.100762210966394	4.034797979072624
0.220333072	9.393583426794976	4.0672230513256915
0.220638364	8.673285960881543	4.054017567472898
0.220943655	7.754940232447552	4.021176377115614
0.221248945	16.39881964838898	4.065865733613959
0.221554234	12.149251286376199	4.022631526999289
0.221859521	8.707593461842123	4.015226550507238
0.222164807	5.232333063651964	4.027748874508324
0.222470092	17.779652937704867	4.014203848282312
0.222775375	7.31375860599195	4.051620909916901
0.223080657	17.983339347653583	4.006350518036788
0.223385938	4.165097138948369	4.020240611967993
0.223691218	7.9264778876207345	3.9967037873338382
0.223996496	0.09097508490671657	4.021918956384342
0.224301774	8.715358376257711	4.035088227964686
0.224607049	10.627390895646926	3.9900046329109906
0.224912324	14.682740845901606	4.006959239149324
0.225217597	10.947977209044552	3.985544120535589
0.225522869	3.9854192205767447	4.007926391053598
0.22582814	10.848859453476365	3.971223884465765
0.22613341	12.89424467473171	3.974658026274768
0.226438678	6.691415763934657	4.009555880370143
0.226743945	14.45333528841195	3.9875586089676847
0.227049211	6.888025358281766	3.979733981399541
0.227354475	6.444781116336543	3.9640290198788324
0.227659738	11.206223719389783	3.9824009606984023
0.227965	1.7727246812887074	3.985657233525056
0.22827026	12.711428410627434	3.966219609333371
0.228575519	17.902689022950653	3.9598545618275764
0.228880777	6.7107827244769	3.9561795689554446
0.229186034	13.403987476314853	3.9670643255856497
0.229491289	7.3079181368005095	3.949999623890811
0.229796543	10.767525368456234	3.9600413373230774
0.230101796	6.063072703900417	3.9417780071903445
0.230407047	7.292118895420742	3.928339670173981
0.230712297	10.087165975579978	3.9453054238882945
0.231017546	6.934282759072715	3.951002017952286
0.231322793	2.33038009202906	3.9325534021482036
0.23162804	8.24538293159884	3.93938127940439
0.231933284	6.936968381684636	3.892621088920051
0.232238528	10.681549790390136	3.957794591580676
0.23254377	15.046213445562728	3.889001466018351
0.232849011	13.615613307631378	3.9353024608091878
0.233154251	6.952370580214591	3.881332252891132
0.233459489	7.172041245223227	3.8483059946874727
0.233764726	11.480557749236795	3.8470061857770466
0.234069961	9.683401067269415	3.852994993056998
0.234375195	0.7554979579423104	3.895439549395256
0.234680428	4.706476002487136	3.872310234610678
0.23498566	8.281491017749431	3.864802832337742
0.23529089	4.340846657320441	3.884694210538098
0.235596119	8.103261997286324	3.8493876856270144
0.235901347	12.381486930016905	3.891578374998568
0.236206573	14.09681218428517	3.8659072328242283
0.236511798	3.2979140741661297	3.832316055878429
0.236817021	8.91627781322805	3.8810661332481824
0.237122244	2.0885763197284177	3.8413624623040405
0.237427465	4.290209513623552	3.8743247031417094
0.237732684	7.425334549236226	3.8479752718799665
0.238037902	6.553787509553956	3.8666056952528214
0.238343119	4.054137513849213	3.8612798366116126
0.238648335	8.628391378179344	3.8374048143320403
0.238953549	10.901948765630294	3.8632833406442737
0.239258762	5.349172316789009	3.819214576579978
0.239563973	7.258071574449588	3.8337353668360916
0.239869183	10.13116739626878	3.8576971983610595
0.240174392	8.722829181458366	3.826858748572502
0.240479599	8.823486208931882	3.8487630755564295
0.240784805	10.69832473917404	3.8202578716691464
0.24109001	9.379406714980007	3.822956182004085
0.241395213	12.589802316111388	3.8204009175871403
0.241700415	10.637212956924031	3.7833474050811438
0.242005615	7.120468021480832	3.7739084785737576
0.242310814	2.5958549551156977	3.755644118273467
0.242616012	10.177558801356781	3.7882963580385622
0.242921208	10.167523639343983	3.776991070438588
0.243226403	6.884864633126057	3.8033570633661986
0.243531597	8.532647260146973	3.7849308434720603
0.243836789	3.2358503488973724	3.804880915722545
0.24414198	-2.306518916223979	3.7718725159771767
0.24444717	8.166196984737041	3.7691904920207673
0.244752358	7.756295864556222	3.8149350161850872
0.245057544	2.7764559570376264	3.792560665450729
0.24536273	14.406241687958811	3.801517700625849
0.245667914	5.328181827925789	3.8314373560564188
0.245973096	7.9221885282079825	3.7735525252071738
0.246278277	6.2730954204633065	3.83307718377569
0.246583457	2.8152216832112913	3.7866210304800645
0.246888635	1.29973793872216	3.7967313804065035
0.247193812	9.069766666817543	3.797664755362025
0.247498988	8.259760963256582	3.7929152104609822
0.247804162	0.9424345241370986	3.7779120025852757
0.248109335	9.26170443663031	3.762605670250373
0.248414506	10.069511714415341	3.8031987319175005
0.248719676	6.441836177953888	3.7853373872331133
0.249024844	1.4095387785185665	3.7813533973053595
0.249330011	0.7663000049745676	3.773890395711449
0.249635177	4.186700705935607	3.75857230941
0.249940341	-3.2960679213118738	3.7957679735953933
0.250245504	5.100407904352863	3.763532475656094
0.250550666	5.6904795450537335	3.7833445708738433
0.250855826	2.2188470177495674	3.74623476447378
0.251160984	6.476519231882122	3.7808182675271262
0.251466141	-6.358123587111805	3.7994618118716956
0.251771297	6.9460040576595645	3.715339782636777
0.252076451	7.383964800904494	3.6957952453665373
0.252381604	9.826043800340017	3.7069876950127036
0.252686756	9.234163001921871	3.720098083460515
0.252991906	5.68403106274755	3.7511574972214476
0.253297054	6.073135120406704	3.7060745958676655
0.253602201	6.765766389372374	3.701708297496007
0.253907347	11.124636592877437	3.7169629461623246
0.254212491	12.92231032515565	3.7343553987671836
0.254517634	-4.888807983719516	3.731157699858449
0.254822775	7.62150591746726	3.7407087263649323
0.255127915	4.742320184284608	3.7401141571231395
0.255433054	7.085187228490469	3.7087588575827395
0.255738191	10.9184967862073	3.7196107107036323
0.256043326	7.644846245788756	3.7052300831345253
0.256348461	1.7957638362917692	3.720982347632243
0.256653593	3.0603047493490294	3.7393195027761275
0.256958725	7.629168977727318	3.7193593051128557
0.257263854	3.1752212762005456	3.7306078320878164
0.257568983	11.211935041944315	3.70375952564522
0.257874109	8.642558656416071	3.714576344516256
0.258179235	4.844261229395045	3.753902276587543
0.258484359	3.6693966016959507	3.6833349379242746
0.258789481	11.581464894742652	3.7268410410279693
0.259094602	2.0679036000000224	3.693494791393782
0.259399722	9.616615742678846	3.700230101851061
0.25970484	2.6798264264556337	3.688651198546542
0.260009956	1.7496020897681603	3.6864560879046984
0.260315071	6.0081026116453415	3.717276421369627
0.260620185	4.152395251554509	3.7042663911966773
0.260925297	14.235651605652947	3.734871195162336
0.261230408	3.0050774322220377	3.6954461704103996
0.261535517	4.973240774448783	3.7012230501925583
0.261840625	1.2442990672693384	3.722457944679995
0.262145731	7.713075852798795	3.6643618222654357
0.262450836	11.160048623403128	3.7026893221670703
0.262755939	-0.6981805539855088	3.6816066981156075
0.263061041	7.027204659129268	3.694562387860997
0.263366141	13.93525962984748	3.689772163882849
0.26367124	7.306352191294081	3.6794034053850826
0.263976337	5.602389444657916	3.7141707700289888
0.264281433	8.401953545278957	3.665904553857281
0.264586527	5.6665308664782685	3.6922792020386526
0.26489162	6.0476238724714335	3.678625721434515
0.265196711	5.504166437082546	3.662228878578951
0.265501801	5.498031117919908	3.6764343487303686
0.265806889	6.9423819624645375	3.660378025313447
0.266111976	6.7157647443751785	3.6859476825044863
0.266417061	3.4616960015826805	3.6329516124047934
0.266722145	8.398303100282078	3.675625222780008
0.267027227	17.084251500057064	3.701728010542368
0.267332308	1.4225003473144966	3.640879807062659
0.267637387	1.4280358333516574	3.666726777273656
0.267942465	6.976526837082531	3.661879601992444
0.268247541	3.7895536459017762	3.6623757892842583
0.268552616	1.2972198238553005	3.6523169127970974
0.268857689	8.921573200452286	3.628053076770379
0.269162761	-3.20895294584534	3.6763021513964724
0.269467831	5.291270876200969	3.649150757551712
0.269772899	6.5610038028263205	3.655916173774135
0.270077966	4.231397230978189	3.6293092756958614
0.270383032	6.3952619070657875	3.6142023846069895
0.270688096	7.99606812526892	3.716605962116155
0.270993158	4.9398580443181	3.735416966557463
0.271298219	10.26911321718515	3.7528727602715595
0.271603278	5.259177853929003	3.752520111246852
0.271908336	5.714903359412489	3.9347504181442643
0.272213392	5.851510136122272	4.027108004362145
0.272518447	-6.450415914528122	4.0769566778117055
0.2728235	1.696761341323196	4.1672716377519405
0.273128552	5.519859188241924	4.215806465170718
0.273433602	2.7589162774451665	4.294816751927588
0.273738651	8.905987389033527	4.3232299154248715
0.274043698	2.9787148117580102	4.325012973789804
0.274348743	4.900517433352178	4.434360288152174
0.274653787	4.3358777051437585	4.429467512129988
0.274958829	6.815035759185719	4.437992352499305
0.27526387	2.4538087977387875	4.4389214537537205
0.275568909	5.079547356698129	4.476167325447497
0.275873947	6.420327397851565	4.553914014643858
0.276178983	-0.49742462656919884	4.481373730089889
0.276484018	2.2111333960433797	4.5525384318023745
0.276789051	10.122288779876072	4.535276363420994
0.277094082	1.2814561261731683	4.632758937444457
0.277399112	5.011155913170484	4.59773713873565
0.27770414	4.40739766512209	4.619507369942841
0.278009167	7.436679617411244	4.673711468898697
0.278314192	7.98088365562441	4.666146778540171
0.278619215	-0.17932059626869545	4.724373190406436
0.278924237	6.899937055285193	4.672239712958322
0.279229258	2.3619800942908	4.750076891155492
0.279534276	0.3091410055396011	4.788833913190217
0.279839294	1.6265655249289637	4.76387268970844
0.280144309	9.615856698925768	4.795485213891475
0.280449323	-0.14645082487274408	4.7757675687216885
0.280754336	-2.1542900768790503	4.863841241505584
0.281059346	8.817856972753276	4.810637816905333
0.281364356	6.454425916563395	4.8689820704969575
0.281669363	4.835368698472934	4.890498946268843
0.281974369	-3.926461424986286	4.811718881414675
0.282279374	3.164526061277087	4.922426656554212
0.282584377	-2.089932882532196	4.8395782368626525
0.282889378	12.937015499377708	4.868104739209202
0.283194378	11.261803041944148	4.93903880536629
0.283499376	6.523587209722791	4.85848432308326
0.283804372	-2.229005544375866	4.9892202859209105
0.284109367	11.282855714867196	4.883500360846055
0.28441436	4.138363471791251	4.939746625802577
0.284719352	7.462097191181641	5.023923391380084
0.285024342	5.414528164612875	4.987812935635337
0.28532933	8.934992774223133	5.06226028714802
0.285634317	9.599869200678029	4.942738995811097
0.285939302	6.664983860485933	5.049123043615024
0.286244286	20.900679140756864	5.106928144481361
0.286549268	5.85780993035641	5.060507173212362
0.286854248	-0.48279798688554365	5.103737097850095
0.287159227	-0.190333301752446	5.066768078837019
0.287464204	5.371772493838705	5.185945733211504
0.287769179	9.519740280610534	5.146531640701884
0.288074153	-0.32743772820825257	5.12065465052242
0.288379125	7.758947135330459	5.1963739212125395
0.288684096	10.354940298699717	5.1991046234498075
0.288989064	4.460224920067958	5.219826915907315
0.289294032	4.605289249518989	5.215308314744071
0.289598997	14.989188447711058	5.2456185400162525
0.289903961	5.315053765969395	5.293652690530939
0.290208924	1.3032693243640097	5.286014311471236
0.290513884	3.8981483631425817	5.291827112656948
0.290818843	-0.4704160829853663	5.288078864527928
0.291123801	11.223843337478513	5.3359124441250865
0.291428756	3.7296844241942892	5.369340074962366
0.291733711	6.980377587337387	5.380796461524484
0.292038663	11.772102093838782	5.374003451772472
0.292343614	3.2792914751834417	5.368815824786475
0.292648563	11.229274523911812	5.460953632023987
0.29295351	15.235234324476835	5.427999412044477
0.293258456	3.0050545003957154	5.4151003672288125
0.2935634	1.685879715092966	5.404244386409959
0.293868343	2.1862040495194037	5.48435792857563
0.294173284	12.295471282984465	5.497310463028475
0.294478223	-2.2099663278689263	5.41974512676286
0.29478316	14.668184122328881	5.510708818646282
0.295088096	1.8189225903902297	5.547533809041779
0.29539303	5.151419260373217	5.601918522973752
0.295697963	9.159607962238596	5.565417270015794
0.296002893	1.5132588287167152	5.530156368309076
0.296307823	4.545381818653908	5.603174736972808
0.29661275	11.528308988807112	5.645379389831904
0.296917676	5.525367242510043	5.598556855040989
0.2972226	4.2547424960997375	7.883175407137314
0.297527522	12.299937988919424	5.647413929149169
0.297832443	-1.0165376780102804	5.687601199982252
0.298137362	-0.007483027699294098	5.649866742042765
0.298442279	3.5385637193895434	5.633462846492338
0.298747195	-5.817453995703374	5.6348119670551435
0.299052109	12.632483039004654	5.663711456925966
0.299357021	9.713227634369929	5.769663502054231
0.299661932	8.270006438666343	5.697220193517569
0.299966841	15.952625616733002	5.734679051634171
0.300271748	7.249879643414232	5.7650933292894155
0.300576653	10.622243381345356	5.803135704316025
0.300881557	6.290488290785618	5.819745503835625
0.301186459	14.275535728434079	5.769709186271403
0.30149136	1.947556815827852	5.89221548086773
0.301796258	5.402977925607615	5.836613226080528
0.302101155	1.0107025065002517	5.817912194962679
0.30240605	10.967304765404123	5.893430257877398
0.302710944	11.706589400112875	5.877743367216137
0.303015836	7.9760757010742225	5.934935898073262
0.303320726	0.5770744664786776	5.911454273938359
0.303625614	8.433882397965192	5.943045965851688
0.303930501	2.71710642577753	5.899797212099885
0.304235386	2.2275040574336913	5.991045755216047
0.304540269	13.034450923459303	6.011212685753959
0.304845151	9.506300970718115	5.964296286132579
0.30515003	-2.775378393894698	6.022518548876338
0.305454908	10.017105709892263	5.971337868948565
0.305759785	12.153033948671833	6.089270133378223
0.306064659	-3.4615337598647784	6.060697725267477
0.306369532	1.6165335253822093	6.00838421292243
0.306674403	11.257640348898008	6.08197579900162
0.306979273	-1.5224038249856449	6.032202334713499
0.30728414	7.24630083188265	6.150257460384769
0.307589006	-0.0382650437538814	6.0494643676895485
0.30789387	4.02603004544892	6.097315005767545
0.308198733	-1.1401321187115343	6.115776536576402
0.308503593	7.33265084861489	6.066820912384674
0.308808452	4.596015774562147	6.146610588967104
0.309113309	-5.632864027360114	6.0204560060796535
0.309418165	2.537626318145641	6.209924527850079
0.309723018	6.62085435839461	6.142870229590382
0.31002787	11.453899261051646	6.072309452154897
0.310332721	8.709272923685944	6.274203232346744
0.310637569	-1.7026172856984658	6.1400614612281155
0.310942416	4.990053114075579	6.291996512531283
0.31124726	-2.4212945946867706	6.199312596766428
0.311552104	8.6509996355	6.212202115939842
0.311856945	11.397940589937548	6.3104892521553335
0.312161785	8.838553216280218	6.25276171540884
0.312466622	-0.24695745166783922	19.577335773197778
0.312771458	3.2575972160549043	6.298765463761109
0.313076293	-4.758531817071855	6.304912398373036
0.313381125	3.8545926869415723	6.446889215142545
0.313685956	15.584781887845821	6.296235967299605
0.313990785	6.564671456190013	6.533841820146488
0.314295612	14.332678870774686	6.3363964665314585
0.314600437	4.1937411658561246	6.5230611751063625
0.314905261	15.098676645110544	6.58265665899981
0.315210083	2.8718372700955968	6.4018409713657904
0.315514903	0.9675333569247471	6.58715942540402
0.315819721	8.591346317693763	6.449695553448479
0.316124538	9.914296326060139	6.589741496506731
0.316429352	7.027498842735724	6.565188261889583
0.316734165	5.155270669078902	6.499089268831476
0.317038976	-0.8055110720181915	6.685247787520674
0.317343786	17.656367419785028	6.480216586378098
0.317648593	-1.9329978573208564	6.640777227326232
0.317953399	-3.8596402195586563	6.6165908050691415
0.318258203	12.794897450536581	6.658370336143202
0.318563005	3.6732372884120537	6.8280723814739055
0.318867805	-1.3122072393443602	6.609201218163545
0.319172604	6.377967400791505	6.769819018250065
0.319477401	-4.633909542113543	6.695529226569082
0.319782196	6.929053378405456	6.766394446675745
0.320086989	-0.7942730907859641	6.783020540586258
0.32039178	8.266614016279675	6.86104869609641
0.320696569	3.364697190729288	6.864802507565928
0.321001357	13.015463743583553	6.827160768742
0.321306143	-6.367877558846828	6.844935628002905
0.321610927	0.38688258767689376	6.9444924692295675
0.321915709	19.30579024058764	6.920070846750168
0.32222049	-4.379352664104346	7.0445850806696
0.322525268	-2.415102039344191	6.86176155531619
0.322830045	8.122518428264726	7.041343822667699
0.32313482	14.845184135895522	6.962174436319911
0.323439593	0.06586542091679348	7.109071788400798
0.323744364	2.6930253209723105	7.031930431697091
0.324049133	6.224950818089127	7.099466817877229
0.324353901	20.154830942001126	7.223112103186679
0.324658667	12.30892521333979	7.020792038616507
0.324963431	-10.512664058111966	7.247465037125309
0.325268193	8.968870604182626	7.120484129640695
0.325572953	-14.134520092933457	7.242026761434714
0.325877711	9.258755775466227	7.323555101078496
0.326182468	5.877188013340941	7.158889878958613
0.326487223	-15.744464040700478	7.394125717829125
0.326791975	-1.2189904307519157	7.1921839219079935
0.327096726	6.9971185451671545	7.417559128740507
0.327401476	4.3956652298466	7.497682529290186
0.327706223	9.929147814131909	7.293219569822956
0.328010968	-1.1456797576034035	7.538806606190234
0.328315712	4.8109325951385244	7.425157614722857
0.328620454	12.021633130129942	7.538244940741471
0.328925193	-16.121313161560465	7.464791489903907
0.329229931	3.0686903093274793	7.547199707571379
0.329534668	9.289434020575897	7.706627501413285
0.329839402	13.00106017637134	7.45597340613523
0.330144134	-7.213850949689686	7.643450331683093
0.330448865	2.0512733205199254	7.557176947200337
0.330753594	-3.8199806507632843	7.64866889910454
0.33105832	1.608432075975088	7.920637300024306
0.331363045	-7.379320732617316	7.510139136969236
0.331667768	2.5762349847366863	7.82908407679775
0.331972489	-3.077300781006727	7.674560497152122
0.332277209	-5.030248722216442	7.870436978744835
0.332581926	4.87993587744478	7.843397905802832
0.332886642	3.084504414924112	7.742481527703383
0.333191355	16.439642988355075	7.9454852770271245
0.333496067	-6.249403401695986	7.72612199500256
0.333800777	21.469522605991813	8.06099283362867
0.334105485	-2.4170641793105574	7.9754181670576685
0.334410191	14.28760292436371	7.963044763909845
0.334714895	10.6932673266258	8.168228612244567
0.335019598	-8.811077539626808	7.8412778816620765
0.335324298	11.66622442916838	8.214737692324201
0.335628997	9.990333297003502	8.126081417695797
0.335933693	-0.7129810026005998	8.102779952789502
0.336238388	-4.51495998168491	8.175178369232373
0.336543081	-8.815264744149033	8.046952235157246
0.336847772	9.934605924250718	8.395893930798229
0.337152461	-1.3586613207461085	8.112975527719914
0.337457148	8.149584105143674	8.364452092272076
0.337761833	-15.45859773838356	8.315513412149436
0.338066516	5.52953296189969	8.25116927978372
0.338371198	2.4633023299037973	8.574498666594577
0.338675877	3.601703682984464	8.256957415726081
0.338980555	-2.0308627387221634	8.55895343770993
0.33928523	-3.324638641718508	8.240698500222024
0.339589904	4.899836702543411	8.681296137676199
0.339894576	5.680116900170077	8.863006418121138
0.340199246	13.942210014924115	8.311120199550794
0.340503914	22.878155392198693	8.793790048412829
0.34080858	-1.486900711362523	8.360693638711094
0.341113244	10.773053318710993	8.674038513383039
0.341417906	7.5449382824194515	8.56897050581431
0.341722566	15.997696960316432	8.53943644421162
0.342027225	11.468541045110356	8.833914810722352
0.342331881	4.652476399095491	8.282932758043835
0.342636535	4.033804762238219	8.648390116672571
0.342941188	9.7190292169592	8.482803039975725
0.343245838	-3.219698707970565	8.613144576083291
0.343550487	-5.701641101639325	8.801056824745412
0.343855134	10.385516172075143	8.226192940071495
0.344159778	12.141817109100714	8.880814643437382
0.344464421	-5.323347932616855	8.563074720749867
0.344769062	4.242138404522223	8.660125725833431
0.345073701	1.9916818274730304	8.837084367107444
0.345378338	8.500052197399555	8.653459534299778
0.345682973	13.597563223967796	9.019428384737502
0.345987606	-2.7366679475410365	8.553339129842971
0.346292237	15.82639501164428	9.02138633014534
0.346596866	-13.736213969022145	8.983443643520639
0.346901493	1.143573850536825	8.910291530642908
0.347206118	8.470093420915788	9.25645636761578
0.347510742	-15.48802332617305	8.77205579272551
0.347815363	10.017497972639774	9.290890357125237
0.348119982	8.153174191068302	9.154514923521546
0.3484246	-1.2647020547202033	9.170182610484042
0.348729215	6.984305263990763	9.540839938193363
0.349033828	7.329458818541013	9.061156365745196
0.34933844	-5.8792949065014	9.516568277905977
0.349643049	12.162832552628004	9.238856377234447
0.349947657	14.925246386206425	9.492853873184176
0.350252262	8.294137216959058	9.401625072352841
0.350556866	-0.003496878688480365	9.411343032223789
0.350861467	8.336889400791648	9.730972819552845
0.351166067	0.16750685969427082	9.403302742078594
0.351470664	14.835973397400181	9.747921017469402
0.35177526	-4.032307653363574	9.68571140725188
0.352079853	-6.708316755454916	9.743749747454025
0.352384445	6.100057712379993	10.10716631835276
0.352689034	3.213830928886267	9.39966585379695
0.352993622	2.239171366195933	10.214009016350769
0.353298208	13.937395983945777	9.732578574176593
0.353602791	2.9269248135672115	9.99471480170185
0.353907373	-2.2090200988121182	10.29074220866857
0.354211952	-8.84378715703815	9.89786415156953
0.35451653	17.21464748264603	10.501001771388331
0.354821106	-7.497976337365827	9.750510664931099
0.355125679	4.155538054494002	10.515412189532533
0.355430251	3.451966392537912	10.256051177664894
0.35573482	16.65007908083686	10.319537029753498
0.356039388	-19.971407481515342	10.75123136862921
0.356343954	-10.10757720000035	10.192849222330842
0.356648517	11.687867390842115	10.92488666292477
0.356953079	8.09571236156026	10.526841829963754
0.357257638	11.041598002713528	10.666040794081582
0.357562196	-0.832318955794733	11.099531678302244
0.357866751	-27.225488255060043	10.588005423537574
0.358171304	12.154562371962015	11.187249676656492
0.358475856	-9.77698545302465	10.584082339497797
0.358780405	15.66121656483881	11.403531883713866
0.359084953	6.212848754324568	11.012574088181166
0.359389498	-10.110080714980313	11.17245463462272
0.359694041	20.566293949349387	11.765419761390913
0.359998583	-1.0151525263996746	10.92731888160267
0.360303122	9.601208925495314	11.704502867403185
0.360607659	21.773773996382403	11.537247774133219
0.360912194	12.90841014539214	11.553103674602987
0.361216727	25.84343677105622	12.092221036931104
0.361521258	3.055066071226662	11.177029624909895
0.361825787	12.934939675296562	12.371973853054211
0.362130314	0.6199325248157095	11.47278057128714
0.362434839	7.0255204757482375	12.134382352380197
0.362739362	-5.4243396447709245	12.325872512212712
0.363043883	10.935726474618036	11.947384058948058
0.363348402	22.152845652458637	13.156190815139395
0.363652919	13.41707752696442	11.833766586276443
0.363957433	-2.2409743145284438	12.802810985652957
0.364261946	13.51832884454538	12.39114035380039
0.364566456	12.321084331259755	12.61169270974807
0.364870965	-4.901644396156257	13.535744290247909
0.365175471	8.265756643301529	12.287399661273488
0.365479976	15.056637737930373	13.621273634356136
0.365784478	-4.20301024375388	12.82751967275168
0.366088978	7.10207061910711	13.533737410663676
0.366393477	17.12674829824809	13.83307357314432
0.366697973	9.609253171960802	13.237613616070655
0.367002467	4.141782241717834	14.543969338146576
0.367306959	-26.004564317467526	13.14623821253723
0.367611449	14.975084198756718	14.312390880398524
0.367915936	8.534768848162656	13.855125016557114
0.368220422	-11.830287079932589	14.106062889313502
0.368524906	17.224262594007513	15.270838834485616
0.368829387	11.957494573205366	13.471386535060244
0.369133867	-5.404092972978901	15.567869105470688
0.369438344	-7.221324741662102	14.312172433041235
0.369742819	1.1274644058786123	15.410500042766262
0.370047293	-1.6752876886381785	15.983461233882412
0.370351764	4.227000936574001	14.209593386122174
0.370656233	-9.575899772979056	16.39938158154482
0.3709607	-2.257260336461883	15.002577444178606
0.371265165	-5.060106401130952	16.539094949446735
0.371569627	0.35216007416562434	16.308924997683224
0.371874088	-0.651987641831397	16.43067047861443
0.372178547	14.837734583154713	17.820759057868756
0.372483003	27.067725893951803	15.896106382298209
0.372787457	23.630448771509293	18.19099498490947
0.37309191	8.378089441266411	16.875237736923705
0.37339636	9.652484405879022	17.56520852419457
0.373700808	-23.777419690446663	20.310533607176744
0.374005254	-11.804526605087347	16.039745889191295
0.374309698	-27.611997546863023	20.414869618271076
0.374614139	25.016165605878882	17.21069901587718
0.374918579	3.7845453354440224	19.436612153429373
0.375223016	-4.569013359638717	20.50441271802317
0.375527452	17.290639015715044	18.463956689523066
0.375831885	-25.468527633917688	24.564530633709953
0.376136316	-3.6789930358393974	18.112063431726398
0.376440745	-2.9833668131143725	24.32514229467201
0.376745172	24.362619919954994	19.915760651293336
0.377049596	41.30784068852435	22.78560517298495
0.377354019	-37.7911407778403	26.40020088921827
0.377658439	-17.68651032357218	19.39678415321712
0.377962858	-18.491443159978076	28.724701822863167
0.378267274	-12.21623024465785	20.705324304330606
0.378571688	-5.11762205901627	30.681495055908236
0.3788761	-34.02103785189411	27.370828475138495
0.37918051	17.779328125042355	24.38700447431765
0.379484917	21.00165429349937	33.56726235832818
0.379789323	22.564474177953315	25.575714505860734
0.380093726	-77.74934895375966	35.884067971232504
0.380398127	-14.170657530808597	27.322798738773123
0.380702526	40.2058539100054	42.579304802809105
0.381006923	30.661924795025243	41.54873993735241
0.381311318	22.78342887552259	31.8197794389309
0.38161571	-2.2044830114187732	46.26352651687364