0.00540153	953.9584524810925	627.2688705293118
0.00569995	1615.342035323847	354.99146051330575
0.00599837	881.5824390244234	302.56216302821815
0.00629679	899.8820521446942	262.237442195079
0.00659521	1517.1232968881486	243.14866143461188
0.00689363	1226.1971740958506	213.16562595483936
0.00719205	1249.4984020185257	191.63071896439047
0.00749048	1064.5605046257424	178.58201452262614
0.0077889	832.2268124474431	160.18831426942774
0.00808732	1004.8628427249787	150.12891756310816
0.00838574	1192.7637342304479	135.86889237456592
0.00868416	1045.8150042052148	125.56634390491698
0.00898258	1000.9428427249895	117.88526457466695
0.009281	1004.9344625736012	107.39612142940558
0.00957942	1013.1474852817519	102.40235692481983
0.00987784	1054.6647333893998	94.34473738793179
0.0101763	993.9970328006848	89.3841534544439
0.0104747	1029.9428023549217	84.5215332517695
0.0107731	1013.0336383515578	77.24471851257447
0.0110715	1040.7797409587965	75.02929272430404
0.01137	870.782566862913	70.22378754306544
0.0116684	892.1808208578682	67.46080548188831
0.0119668	978.2129386038673	63.23128336652752
0.0122652	866.1058435660152	60.31559602677194
0.0125636	982.0002590412082	57.973782293327474
0.0128621	906.6819915895712	54.58222011804081
0.0131605	911.4359058031937	52.90256752350161
0.0134589	925.1902876366694	50.4996790999907
0.0137573	875.6224793944443	48.8080803331368
0.0140557	859.2351555929372	46.817098449247126
0.0143542	920.7525214465932	44.62655220927539
0.0146526	892.9165820016817	43.34959209737632
0.014951	885.1751118587083	41.502305501433156
0.0152494	918.5480706476028	40.85025394484042
0.0155478	856.5341261564367	39.285157048385145
0.0158463	889.7728713204378	37.61678954835206
0.0161447	788.5928410428926	37.04234521101891
0.0164431	806.7749503784705	35.680854919630505
0.0167415	779.7660285954566	34.75885413725983
0.01704	862.7687838519773	34.69318884158405
0.0173384	786.5420824222042	34.07061023114612
0.0176368	765.6525449957974	34.09673032689809
0.0179352	825.8756501261576	33.05530017843804
0.0182336	768.1428225399509	32.74417657332205
0.0185321	783.8007771236346	32.46956228005553
0.0188305	772.6296888141314	31.862534313295455
0.0191289	721.1735273338911	31.708756408715175
0.0194273	761.3614331370911	31.552603627645087
0.0197257	693.7026139613113	31.65775544764975
0.0200242	778.4906476030278	31.598093135945366
0.0203226	706.5594146341471	32.093553512238614
0.020621	722.9150984020214	31.974760093412883
0.0209194	618.9744121110164	31.44283386250677
0.0212178	610.4819512195121	31.809015255464793
0.0215163	704.7397443229613	31.51938493686525
0.0218147	664.6516534903282	31.648455133206408
0.0221131	636.92096215307	30.46865389067385
0.0224115	648.8542708158099	29.37073198182582
0.02271	633.2188090832636	29.01666060893811
0.0230084	652.2209251471821	28.505494376512704
0.0233068	653.0818099243061	28.35397093210934
0.0236052	588.7085752733384	27.284989854042593
0.0239036	657.0646358284273	27.449579929635398
0.0242021	628.1083465096731	26.808434311819592
0.0245005	603.8920383515557	26.72458858912556
0.0247989	606.4302741799827	26.07728750485972
0.0250973	561.7861268292688	25.92663919472507
0.0253957	579.553458704795	25.553548149928353
0.0256942	593.8088020185029	25.226029344004445
0.0259926	568.8986284272494	24.83005390714495
0.026291	572.62949840202	24.490347327065855
0.0265894	510.58368780487797	24.37700310308557
0.0268879	503.5330270815814	24.112885343040922
0.0271863	519.3625863751066	23.611999915565995
0.0274847	465.22361749369395	23.44191905424371
0.0277831	495.99580420521477	23.140351145138574
0.0280815	489.9798573591255	22.771038298943736
0.02838	520.8555774600512	22.765890982460878
0.0286784	506.97704356602287	22.477725343940772
0.0289768	489.7038930193446	22.088857994946522
0.0292752	485.96108797308716	21.898410319915733
0.0295736	472.67424188393477	21.849524762798694
0.0298721	461.78802691337296	21.606485172592027
0.0301705	443.6274052144654	21.54979996314973
0.0304689	448.57547720773937	21.522816345354535
0.0307673	432.0118835996624	21.39564026799979
0.0310657	449.09905601345713	21.003352862413635
0.0313642	492.3327996635834	21.05533469613747
0.0316626	424.84316131202775	20.975622078038185
0.031961	393.7360800672843	20.744519519683816
0.0322594	434.8569096719939	20.730418792969036
0.0325579	435.1992225399505	20.603119822050836
0.0328563	452.19537224558394	20.374734338191058
0.0331547	382.68456820857864	20.412278090673777
0.0334531	361.63239259882346	20.314764502163158
0.0337515	419.556101597982	20.165815681369338
0.03405	371.75721513877306	20.163526815784305
0.0343484	364.5653059714044	19.902304348263982
0.0346468	409.27933759461666	19.876021943039262
0.0349452	362.47149133725827	19.666034845375563
0.0352436	377.6845026072323	19.654328456425368
0.0355421	355.04787417998386	19.6983986718434
0.0358405	356.9371451640029	19.47567777300697
0.0361389	340.7621927670323	19.54730759892574
0.0364373	352.92957577796585	19.27789003648293
0.0367357	364.16773860387025	19.27499873547771
0.0370342	362.1828484440698	19.2533847537413
0.0373326	355.6876316232126	18.899873345516095
0.037631	319.4452057190921	19.22763841149449
0.0379294	337.9210543313718	18.888440013787896
0.0382279	316.1582903280072	18.910869952297467
0.0385263	325.54115021026007	18.740833074556676
0.0388247	314.22385063078195	18.506141683072237
0.0391231	299.18257190916734	18.82024550051352
0.0394215	267.9248198486124	18.512011644321912
0.03972	300.7916259041201	18.511095240372324
0.0400184	280.746974936921	18.38426165950395
0.0403168	274.59094667788065	18.179269359574327
0.0406152	265.0115458368373	18.332794773315257
0.0409136	247.75563364171603	18.214285463674805
0.0412121	281.5701089991592	18.175292954869363
0.0415105	277.17398856181717	18.065877966146783
0.0418089	280.9520807401168	17.98224144412339
0.0421073	268.3894788898243	17.91059370744241
0.0424058	250.6470183347369	18.24067629861008
0.0427042	278.16121951219486	18.610140447290306
0.0430026	242.478127502103	18.740925352434363
0.043301	228.43876736753657	19.004823762926186
0.0435994	223.93716871320407	18.811920284062797
0.0438979	288.9980800672828	18.896055044563383
0.0441963	279.0513429772926	19.094529860456106
0.0444947	262.6978913372585	19.120032903571122
0.0447931	192.86183111858634	19.348066315918647
0.0450915	256.1435350714896	19.097610506741926
0.04539	252.17022439024504	19.232510459777032
0.0456884	232.56637073170737	19.29135046668883
0.0459868	231.23655475189196	19.390981496597515
0.0462852	228.62699108494553	19.393864029848356
0.0465836	224.83652817493692	19.408749452208827
0.0468821	240.36183448275835	19.404376975052152
0.0471805	229.08396030277572	19.357552718210997
0.0474789	225.09651808242097	19.20934393764192
0.0477773	231.4288518082418	19.32990737617328
0.0480758	220.3354011774593	19.181688664538935
0.0483742	202.815794449117	19.284906320112633
0.0486726	211.2955155592948	19.138872972822867
0.048971	234.16291370899955	19.304984092585574
0.0492694	193.5224403700596	19.041183788974166
0.0495679	190.87643195963153	19.014050659512822
0.0498663	226.31970832632476	19.19114264948277
0.0501647	241.35390580319665	18.956502624464846
0.0504631	207.2471084945323	19.202168482497566
0.0507615	209.0424077375951	19.030414563081738
0.05106	187.58832094196862	18.951288769531956
0.0513584	195.12844205214492	18.99780640207872
0.0516568	193.31051606391952	18.80206786313511
0.0519552	188.55382338099218	19.085452461280966
0.0522536	225.90839529015966	18.835498429869922
0.0525521	185.89935138772148	18.71014029564823
0.0528505	174.33713036164932	18.885635000520054
0.0531489	173.4947283431461	18.697792734864073
0.0534473	201.0188302775441	18.871513874546434
0.0537458	199.05208107653436	18.534405448228334
0.0540442	196.42810798990809	18.763687293621498
0.0543426	198.70706644238965	18.706530519736543
0.054641	173.65954886459292	18.47201941793272
0.0549394	200.12768477712314	18.846100316945588
0.0552379	142.4999424726667	18.513046143216123
0.0555363	148.28380790580297	18.676028669571288
0.0558347	170.51369890664319	18.643704240703297
0.0561331	141.81738233809938	18.416904719671397
0.0564315	167.84298637510574	18.528264002256034
0.05673	182.6443259882251	18.22686309952718
0.0570284	150.14360302775515	18.460744275029786
0.0573268	146.60678385197684	18.38274490017963
0.0576252	128.78669032800644	18.317970949949743
0.0579237	98.4398092514732	18.459949190380986
0.0582221	149.6781372581995	18.22317452641665
0.0585205	122.64104121110222	18.337356852246444
0.0588189	157.10307754415567	18.25285431330866
0.0591173	133.00552968881505	18.282581736116402
0.0594158	144.4140444070655	18.211404951019727
0.0597142	150.4596477712363	18.090976874803566
0.0600126	120.09452346509704	18.215939984028402
0.060311	134.56986677880593	18.146481191409556
0.0606094	128.53492918418794	17.993533620887575
0.0609079	167.71103582842898	18.086535383262465
0.0612063	133.98827888982453	17.95523130508711
0.0615047	121.32117510513012	18.06599046836711
0.0618031	124.82702943650054	17.900299203546684
0.0621015	142.10494802355015	17.82027483660504
0.0624	108.11391084945399	17.978467005663582
0.0626984	114.83345702270753	17.95458350505801
0.0629968	129.72928746846208	17.912203012211055
0.0632952	120.64085988225486	17.768716911651897
0.0635937	130.35178334735065	17.85016731194286
0.0638921	159.31637779646735	17.722773313760754
0.0641905	149.9372834314545	17.80775941652903
0.0644889	116.75071421362532	17.696008101278252
0.0647873	116.46945668629144	17.664973511458598
0.0650858	102.6498576955413	17.68354252257557
0.0653842	117.16576417157285	17.605740351707627
0.0656826	104.02053894028597	17.80565072190206
0.065981	118.54344121110216	17.49827371383329
0.0662794	141.26852615643372	17.51783195547426
0.0665779	113.77713641715616	17.565461912809827
0.0668763	124.0114994112696	17.4116566699302
0.0671747	120.1329402859534	17.571882308469643
0.0674731	117.03033708999101	17.416500710189073
0.0677715	110.03996433978045	17.418273701240125
0.06807	120.33906913372505	17.59145078777592
0.0683684	128.3162980656016	17.203883522408084
0.0686668	97.78703414634094	17.476859657043885
0.0689652	125.9519505466767	17.240600542317996
0.0692637	141.75664962153235	17.322232453866185
0.0695621	114.02023650126239	17.343388980200633
0.0698605	141.10846257359015	17.089064944786333
0.0701589	126.45534129520684	17.409615296693755
0.0704573	115.6610169890655	17.125480084925847
0.0707558	117.92579074852767	17.269593956915465
0.0710542	101.29955155592938	17.18753179453222
0.0713526	94.97409655172532	17.101910135327522
0.071651	106.67545668629032	17.26351925286766
0.0719494	108.49026105971348	16.95245225156248
0.0722479	86.24465164003368	17.102581300482058
0.0725463	110.96130933557674	17.150421510789172
0.0728447	99.46554751892336	16.99396161427359
0.0731431	66.62893894028514	17.099509392082417
0.0734415	106.39444642556839	16.851371711702633
0.07374	102.35404104289444	16.940168406224384
0.0740384	87.39293725820062	16.914460946800332
0.0743368	90.04320000000007	16.954698372549736
0.0746352	93.66753843566016	16.917161622618856
0.0749337	118.32152699747837	16.868914141896198
0.0752321	101.84747552565227	16.86098751250682
0.0755305	100.73494970563445	16.86492417152061
0.0758289	115.32547855340795	16.738048036163857
0.0761273	102.76813591253244	16.832279975281363
0.0764258	98.73164575273336	16.827716591069436
0.0767242	110.9450385197647	16.759611070691783
0.0770226	101.76113170731696	16.557193320176577
0.077321	88.70173389402908	16.728482095045397
0.0776194	107.70622607233008	16.658074065332528
0.0779179	119.2640242220341	16.62534985615639
0.0782163	86.01750984020327	16.5726776938833
0.0785147	85.89685820016825	16.514037479461628
0.0788131	105.70912497897268	16.645677878803887
0.0791116	78.63292682926954	16.50357362167971
0.07941	96.73418603868868	16.639387161845736
0.0797084	114.31679730866165	16.509332073591803
0.0800068	70.07650899915973	16.56057317140507
0.0803052	81.42991925988099	16.947429459638478
0.0806037	37.72933994953917	17.146458489442274
0.0809021	60.314569554246305	17.551612751935167
0.0812005	65.2587000841038	17.518463889387952
0.0814989	84.86592699747575	17.852791615199344
0.0817973	62.23042825904258	18.258107784370548
0.0820958	119.84182237174309	17.998270900376056
0.0823942	86.41609924306124	18.376499600312858
0.0826926	46.14469604709825	18.28202689764919
0.082991	58.141663246424855	18.396759283455065
0.0832894	74.27899646762057	18.370953373294014
0.0835879	113.56951488645961	18.35714405543143
0.0838863	74.72396770395278	18.768913370887915
0.0841847	66.98036736753465	18.393411804416925
0.0844831	65.06623549201038	18.727592933881123
0.0847816	44.03999730866303	18.535195502102813
0.08508	97.95084911690424	18.713374304950843
0.0853784	90.8747051303618	18.237862588868268
0.0856768	58.45472565180785	17.63567610716529
0.0859752	86.92612750210401	17.613273501503368
0.0862737	80.57656518082354	17.028354678975862
0.0865721	80.16931942809094	17.144080079627834
0.0868705	62.97971269974937	16.994609397824128
0.0871689	64.88286896551699	16.74017331959282
0.0874673	60.4833439865439	16.773554833430424
0.0877658	107.046939949538	16.56164970615378
0.0880642	72.33080403700399	16.54469075600817
0.0883626	68.37325853658626	16.58365850095897
0.088661	79.73439058032056	16.373110857653515
0.0889594	33.53000470984057	16.721365383942445
0.0892579	35.54002523128588	16.289852277041096
0.0895563	74.17826576955292	16.40143326345274
0.0898547	49.95705971404618	16.470799283861982
0.0901531	67.29841682085635	16.323988296599154
0.0904516	76.42069470143156	16.326117472576037
0.09075	77.33763969722531	16.16237421846773
0.0910484	80.37784793944411	16.344884168096275
0.0913468	106.08407232968887	16.28167570596786
0.0916452	73.40017729184183	16.16662723544306
0.0919437	69.16005651808177	16.234538616189962
0.0922421	72.39634920100968	16.063409444236388
0.0925405	64.56767468460953	16.179670754482665
0.0928389	74.74255878889778	16.089838245121108
0.0931373	68.3481947855347	16.068604517421115
0.0934358	56.844133221195534	15.941996490873265
0.0937342	73.20886425567721	16.040221413604844
0.0940326	58.42833540790707	16.040014024514697
0.094331	76.91981631623207	15.967421742243857
0.0946295	66.73474179983202	15.960613354851452
0.0949279	52.95727401177487	15.846617824673295
0.0952263	70.84132447434854	15.95033655936902
0.0955247	92.62248982338008	15.790062577812265
0.0958231	29.8853971404543	15.868373004932003
0.0961216	41.06063582842694	15.790295181076285
0.09642	65.9612060555088	15.737448132984046
0.0967184	41.46401110176612	15.876205081037174
0.0970168	65.75203330529973	15.806563192111984
0.0973152	39.44933591253118	15.705348140579305
0.0976137	78.97926156434039	15.739309646090911
0.0979121	67.64831892346535	15.59603758055933
0.0982105	74.851923296888	15.771296073167406
0.0985089	34.705747687131634	15.573568270063989
0.0988073	58.96665063078217	15.616602907225163
0.0991058	65.46045449958001	15.687763746464363
0.0994042	34.20941564339955	15.603650202364012
0.0997026	41.31062203532451	15.605678133835992
0.100001	61.42827619848504	15.379535601023893
0.100299	70.28824995794878	15.565031847645924
0.100598	58.56891673675477	15.57901560276309
0.100896	39.881829100083905	15.403831644350053
0.101195	60.63941631623209	15.490682592916283
0.101493	88.60006223717392	15.356903724268442
0.101792	68.47812481076403	15.436973935779202
0.10209	74.40191084945354	15.473612670543586
0.102388	52.0627744322951	15.296625779349185
0.102687	44.753199663581995	15.392346797950541
0.102985	58.6149719091685	15.351288300746976
0.103284	54.706577628258515	15.39524309135196
0.103582	42.59871623212803	15.233581351487732
0.103881	68.09729217830068	15.283801147075351
0.104179	73.46944693019225	15.316322849751538
0.104477	38.87724407064866	15.248213888382264
0.104776	73.30863380992469	15.238615194476754
0.105074	60.632528511354735	15.128268081988555
0.105373	40.33193540790592	15.254424386609466
0.105671	62.750018166527184	15.143020356554429
0.105969	64.47801143818424	15.274601969690082
0.106268	41.025793439865765	15.141957935651458
0.106566	67.24768713204242	15.037447037754836
0.106865	61.39325752733214	15.16627459860872
0.107163	44.95427148864508	15.089851101372338
0.107462	41.93222539949545	15.078241171066356
0.10776	47.162849453323474	14.98824134854427
0.108058	54.900449453321585	15.007950229387564
0.108357	39.91057392767061	15.076386442480999
0.108655	56.07874213624939	14.918682915238401
0.108954	81.64966055508728	14.966541914462933
0.109252	40.77684070647706	14.997647576357574
0.109551	42.443770227082496	14.994397127407906
0.109849	51.12641345668521	15.030647945778572
0.110147	71.5849423044591	14.734639245211724
0.110446	42.907083263247046	14.888032339807744
0.110744	48.94967703953	14.847097726845933
0.111043	45.46839058031935	14.878499652399599
0.111341	41.20887098402079	14.948975937568306
0.111639	53.89992800672758	14.732389337270394
0.111938	23.846884104289074	14.87479667962133
0.112236	43.78419545836721	14.76682077946055
0.112535	29.570749201010358	14.814817645586643
0.112833	53.05521951219362	14.770716591645474
0.113132	15.502295374263895	14.75333597885341
0.11343	42.97264995794819	14.847953323345788
0.113728	49.635207401176444	14.597773086005494
0.114027	92.10096955424774	14.701853293568512
0.114325	43.905617830109804	14.675819352597738
0.114624	27.531109503785274	14.65591207557974
0.114922	56.71917846930228	14.667990972635899
0.115221	29.92145164003432	14.572286879885727
0.115519	25.917462405382707	14.650728899482283
0.115817	53.20045584525019	14.636215935603982
0.116116	43.33389268292706	14.553569135622805
0.116414	41.84626644238904	14.600320379168917
0.116713	44.63742371740864	14.547286941303817
0.117011	84.21523431455	14.591440752911524
0.117309	34.034289991590185	14.52664231312667
0.117608	68.23299444911811	14.424488875580634
0.117906	14.973864423885175	14.52967210983632
0.118205	10.010513036165207	14.484989594235413
0.118503	42.74863010933416	14.555170038977558
0.118802	45.9976686291003	14.401174988141177
0.1191	54.30733389402917	14.41409766828353
0.119398	66.90802893187595	14.388650425869775
0.119697	40.735439865433705	14.423873405426056
0.119995	49.00857998317974	14.407108617604138
0.120294	44.45565012615475	14.305440421501201
0.120592	54.82222943650186	14.356342553421872
0.120891	58.317329520606336	14.39528431978716
0.121189	66.32104053826595	14.287088430841406
0.121487	31.85392598822318	14.265766665338628
0.121786	48.00919798149664	14.28330314005448
0.122084	33.637391421362395	14.342377030529374
0.122383	54.5242052144647	14.28731401165086
0.122681	48.486844407065064	14.26502144496695
0.122979	54.22736316232147	14.223064198526622
0.123278	28.367070479395124	14.287214463408585
0.123576	44.38033372582083	14.293207503979676
0.123875	46.904965853658496	14.116109939500955
0.124173	71.63453961312143	14.210448966426307
0.124472	27.79910445752705	14.138462051925034
0.12477	33.596449453322066	14.163151488826674
0.125068	51.44348730025399	14.126341135485585
0.125367	42.26701396131318	14.066347133820546
0.125665	45.82449554247319	14.200923942122106
0.125964	43.67673910849476	14.104060785359277
0.126262	33.09113776282686	14.157401159105337
0.126561	41.795475189235844	14.022503303534126
0.126859	23.470137258200907	14.024695777758023
0.127157	55.30213523969678	14.485428195643564
0.127456	37.603166694701144	14.61050046587204
0.127754	39.67266980656177	14.970875818968638
0.128053	2.8901907485277434	14.921611902298853
0.128351	34.559624558451105	15.1991083224937
0.128649	33.09688612279331	15.243031795106166
0.128948	46.754571236333504	15.055720404226452
0.129246	47.95090025231275	14.905676786320575
0.129545	37.55374095878835	14.606492799004823
0.129843	46.60532312867872	14.65638432852563
0.130142	10.822833305299469	14.407363827838687
0.13044	53.19740588729985	14.461370554672762
0.130738	25.731832127838743	14.638809940867908
0.131037	60.41961244743618	14.366941751275629
0.131335	30.445112195122874	14.486224040992132
0.131634	33.92171337258219	14.324423702198402
0.131932	47.86499007569432	14.282738312739161
0.132231	29.491867788057675	14.423416096616695
0.132529	33.777789739276045	14.189090171768786
0.132827	75.64582237173965	14.20224417841354
0.133126	55.28733793103527	14.181193743652665
0.133424	44.83631589571189	14.254657800239322
0.133723	54.43538839360883	14.157798074792954
0.134021	39.07888679562575	14.077793667343101
0.134319	49.470204541630096	14.07911386449014
0.134618	67.14311757779683	13.90982950730171
0.134916	52.831291841885104	13.990802724173792
0.135215	36.86388898233815	13.977567004724541
0.135513	39.59443532380192	13.741397700643665
0.135812	35.56780084104332	13.918479358265571
0.13611	42.63041480235415	13.791022173757074
0.136408	32.40265096720009	13.804546064133547
0.136707	36.01593708999076	13.719656304930002
0.137005	53.82196602186639	13.78933743603982
0.137304	44.21397342304488	13.819294762168287
0.137602	46.64689150546735	13.719502129725957
0.137901	40.66824255677034	13.759381331334943
0.138199	15.027231286796905	13.625655135745339
0.138497	21.12906644238933	13.72854204202657
0.138796	32.01001883936044	13.689295830123577
0.139094	37.313890328007915	13.69741389205326
0.139393	34.50026980656105	13.6618996638526
0.139691	36.4148474348201	13.591865233186478
0.139989	47.03952262405494	13.730060302419627
0.140288	38.091505130361156	13.513586070057091
0.140586	23.004889823379244	13.629440019033577
0.140885	41.12263919259874	13.68957979522449
0.141183	41.327452649285306	13.491081951999105
0.141482	16.52346610597192	13.607407203686165
0.14178	35.3273809924309	13.477537998874428
0.142078	34.132449116904695	13.542082809350728
0.142377	5.855045248108013	13.53501361329698
0.142675	30.051698570227927	13.54895101814973
0.142974	44.919596299412206	13.511036668683936
0.143272	54.81008814129552	13.466980889179291
0.143571	36.67852481076636	13.804645625035615
0.143869	46.629694196805644	14.008749562858696
0.144167	35.55988225399517	14.19094670233054
0.144466	35.04634516400358	14.397978539780286
0.144764	20.776548696383657	14.386691823597204
0.145063	49.08755357443226	14.609428228096862
0.145361	32.51260756938507	14.564840773889792
0.145659	38.43089991589579	14.6246186774164
0.145958	36.90121715727514	14.74026504675135
0.146256	36.09153170731702	14.67988502722963
0.146555	17.686763666947627	14.825836567215262
0.146853	15.983668629100407	14.59227300224182
0.147152	9.800087804878785	14.88680045077064
0.14745	34.44021799831887	14.844170670153423
0.147748	31.752007401177593	14.853575304165076
0.148047	28.356046425568024	14.985527576569314
0.148345	34.254450798990206	14.777024447906566
0.148644	-0.2720269133720876	14.727487850918003
0.148942	54.90378334735112	14.178076829408015
0.149241	36.57824558452546	14.032886257089228
0.149539	30.497448275862098	13.993951494602895
0.149837	13.953144827586357	13.856960291403107
0.150136	30.66164104289271	13.864630803325399
0.150434	55.17394079057965	13.663889212555196
0.150733	45.096227417999444	13.632059013053365
0.151031	39.8836272497897	13.682597911197455
0.151329	36.83568814129444	13.567920055691602
0.151628	31.712491841885253	13.571995692449036
0.151926	21.488600504627016	13.41339006098323
0.152225	34.16430714886474	13.51431434223058
0.152523	33.397791757780624	13.49150210241126
0.152822	35.4459646761984	13.457536082738027
0.15312	25.453032464256466	13.41143491712334
0.153418	53.2305883936084	13.338780405832228
0.153717	23.13192901598029	13.476696517905648
0.154015	15.69551993271773	13.391779168135242
0.154314	12.249290832632482	13.376047794956262
0.154612	39.03625836837648	13.40325022463444
0.154911	40.40507417998242	13.410540009552639
0.155209	23.61128612279174	13.40543992221151
0.155507	1.3406001682091073	13.335862036555419
0.155806	25.55291404541606	13.355722889230359
0.156104	21.515544827587405	13.302600564402969
0.156403	23.791378637512253	13.327710111681906
0.156701	16.66448578637528	13.305703580976243
0.156999	15.607441883936986	13.167409492005092
0.157298	5.479083263248299	13.370690858612985
0.157596	43.77187653490296	13.207596866001216
0.157895	47.1653648444061	13.280061376709462
0.158193	21.583606728343625	13.165874117664949
0.158492	28.30125046257251	13.16050302353586
0.15879	42.65281042893264	13.265744509921939
0.159088	48.68750176618903	13.058351422383357
0.159387	11.056616316232635	13.196128827246662
0.159685	39.5639269974771	13.134687667169068
0.159984	31.27966930193338	13.140250507349192
0.160282	12.789567703953821	13.2167172045095
0.160581	20.607238351556703	12.99420690185267
0.160879	38.18801513877247	13.146385543280035
0.161177	22.548278216989388	13.026249696241262
0.161476	-2.7707054667786224	13.088628856243991
0.161774	31.02700084104299	13.108101119724491
0.162073	16.341110849455163	12.89871653663113
0.162371	37.51659041210871	13.132998367528753
0.162669	23.513218839361798	12.959223970761716
0.162968	17.537144491169556	13.014415384628077
0.163266	32.70904625735852	12.953658306251905
0.163565	29.675257190916682	12.981397486123765
0.163863	23.512229436501002	13.063445102200424
0.164162	-1.9177153910845846	12.829679969615293
0.16446	42.06176148023701	12.969262042913572
0.164758	50.90671152228765	12.891426805259236
0.165057	35.00785063078126	12.93030670887428
0.165355	36.436307148865126	12.943740878893896
0.165654	11.43703751051305	12.798251220244225
0.165952	3.0738334735087847	12.88648788754047
0.166251	34.77157207737605	12.828829622271021
0.166549	10.313702943650469	12.897698688665233
0.166847	19.97080941968136	12.843110033328447
0.167146	30.911625231287303	12.795324849220886
0.167444	33.23341698906745	12.886664597851546
0.167743	11.102472329687885	12.776586306868252
0.168041	23.722302102608523	12.796155487019732
0.168339	40.644028931874345	12.756445352278117
0.168638	15.213275357444331	12.770185293841758
0.168936	27.79125988225303	12.863370962432803
0.169235	35.980341463413765	12.675669426951007
0.169533	20.38820588730175	12.732899587775117
0.169832	28.359648444069876	12.698732712916822
0.17013	7.186084440707532	12.77016027085038
0.170428	29.257373927671324	12.716455702343781
0.170727	15.953080235493076	12.615619100466207
0.171025	17.959295206056254	12.715512375594995
0.171324	50.10886055508877	12.619052381324769
0.171622	17.63696787215963	12.69390828265578
0.171921	30.817791084945725	12.611904281236637
0.172219	11.058596131202307	12.608152956860916
0.172517	37.32352094196813	12.66767013238605
0.172816	43.58158990748507	12.621102262597903
0.173114	22.765654163163163	12.641636697119587
0.173413	18.112606223717762	12.517298363679823
0.173711	-16.202905971404675	12.590307108009913
0.174009	15.391963666945685	12.681924508883068
0.174308	26.43328578637636	12.4798284633129
0.174606	29.262471993272356	12.60642853876549
0.174905	37.83882186711594	12.475983629204801
0.175203	28.879885954584097	12.544197924359555
0.175502	15.969805887302186	12.516292303314788
0.1758	37.32796602186738	12.499521114493742
0.176098	33.47198284272508	12.518611283264853
0.176397	22.71325887300236	12.47607691510063
0.176695	32.91449352396967	12.49902885908453
0.176994	43.772187720774696	12.434445165143389
0.177292	21.29801480235642	12.49188756675711
0.177591	36.8581594617325	12.484850840889735
0.177889	21.77606694701467	12.399253443001308
0.178187	19.402752901597182	12.437894789797658
0.178486	8.860509671995374	12.415365264293026
0.178784	7.008481412951255	12.395489131656799
0.179083	31.298286627418292	12.423299145297404
0.179381	29.79753338940327	12.440177423760394
0.179679	29.475038183347237	12.32897833323614
0.179978	28.591740285955325	12.419878853174549
0.180276	17.302601513878244	12.34741491754989
0.180575	18.24876400336393	12.399537102759933
0.180873	20.46239495374266	12.27095355358343
0.181172	9.461871488646239	12.387837179366814
0.18147	22.80372817493742	12.286446852920019
0.181768	14.025492682926597	12.329835569658085
0.182067	46.01170328006788	12.358613174604029
0.182365	48.908989739276194	12.220958394268129
0.182664	8.282922455844641	12.331967656070042
0.182962	12.815342977293085	12.311787866090512
0.183261	18.081995626575917	12.309353467413647
0.183559	12.892391925988704	12.172532749365201
0.183857	17.51857325483627	12.28366519007146
0.184156	21.11021059714119	12.254409901844665
0.184454	22.5212901597979	12.264824089166652
0.184753	17.145803868796747	12.260252190668389
0.185051	43.43921749369258	12.158773404787532
0.185349	20.654137594617055	12.25234034211191
0.185648	10.440372077375741	12.146670480081935
0.185946	17.636937594617166	12.261254349873527
0.186245	16.87609991589568	12.205402170717745
0.186543	11.153823717409068	12.1203388847538
0.186842	14.772170899915977	12.251633526956473
0.18714	14.449957611437867	12.094303296739376
0.187438	35.04412312867885	12.148611227159371
0.187737	12.7882947014308	12.174635296508328
0.188035	16.507737594616287	12.128316479546255
0.188334	22.102942640876222	12.224693125805892
0.188632	33.4579010933561	12.014202196733958
0.188931	18.50373961312073	12.116452200241469
0.189229	29.596936921782344	12.133165795650719
0.189527	20.01165281749479	12.044816378316058
0.189826	19.38987115222858	12.09794882489933
0.190124	2.5852931875522245	12.024215961349382
0.190423	22.051903448274857	12.137402698044706
0.190721	12.513961984859634	12.003644125475452
0.191019	15.401284440706036	12.050774939798664
0.191318	23.234885786374093	12.084090731930157
0.191616	14.566865937762827	11.967093510083615
0.191915	30.2316679562648	12.062119848880467
0.192213	17.503988561817323	11.920915891710813
0.192512	13.856691337257416	11.992205106101768
0.19281	2.909537762826062	11.928021349655669
0.193108	12.43766627418097	11.935708948607378
0.193407	7.697397813287807	11.991204194701492
0.193705	7.574595121951688	11.82791082954336
0.194004	-1.0954533221189422	11.948747971580767
0.194302	14.53308696383715	11.960121826122236
0.194601	33.32960269133707	11.844113505234679
0.194899	4.525322792262614	11.92981162382935
0.195197	16.06105130361641	11.830322347718706
0.195496	12.388013793104733	11.94460956756733
0.195794	38.42176148023498	11.838179164716745
0.196093	5.418796972246014	11.857489510171053
0.196391	43.228679226240274	11.922623685743947
0.196689	-6.472385534062255	11.905228872479567
0.196988	8.525288814130931	11.948267033097618
0.197286	17.2968861227929	11.812613669234679
0.197585	21.150104962153478	11.84487666134083
0.197883	4.576951724139349	11.863342291217482
0.198182	24.937596299412235	11.858507637756908
0.19848	3.611211774600065	11.848099994104182
0.198778	33.84252312868	11.776859210412077
0.199077	24.105461059713775	11.841692734461464
0.199375	13.683150210261488	11.820854569513841
0.199674	8.729688477712898	11.836809789357307
0.199972	14.756064928511137	11.738644524143869
0.200271	9.596197476871566	11.8231577060335
0.200569	21.600478048779905	11.830762217845193
0.200867	13.341118250632462	11.710070665687649
0.201166	6.560484104288662	11.791907626982
0.201464	23.280108662741554	11.727233070428817
0.201763	29.023491337257497	11.784560030812088
0.202061	23.203594280908533	11.752857069504156
0.202359	13.868070647603759	11.702873569077672
0.202658	24.049488982337834	11.742825557464977
0.202956	14.200751219511858	11.709956798297334
0.203255	13.675767872161373	11.773871192330702
0.203553	34.82991421362556	11.704398001959014
0.203852	23.074668124473305	11.646451909372432
0.20415	8.312157779648146	11.752486149475827
0.204448	3.3494354920105707	11.652285370338307
0.204747	1.0461796467620843	11.64490592813437
0.205045	14.439167367535788	11.6591581289068
0.205344	17.61849789739358	11.64964422721538
0.205642	24.93334802354923	11.705120634752067
0.205941	13.788581328848295	11.635282345494282
0.206239	31.321978805719937	11.648211735797215
0.206537	14.618664087468574	11.673913278424227
0.206836	36.75149032800846	11.80475614377238
0.207134	20.52105264928514	12.073752670596807
0.207433	20.97044878048905	12.132128493859666
0.207731	11.369715391082877	12.30251203449921
0.208029	17.23659646762087	12.372457468130618
0.208328	16.130583010933037	12.37155531815415
0.208626	4.033689486963112	12.477136176443706
0.208925	23.001321110176036	12.41103587735825
0.209223	25.11096719932766	12.484268431226468
0.209522	13.937643397814554	12.579521049937076
0.20982	4.975412615643791	12.498331879811575
0.210118	30.093388057191532	12.534031834409108
0.210417	33.80361009251601	12.635580982144141
0.210715	37.60212615643468	12.669879061070834
0.211014	15.854895878890147	12.61812686502144
0.211312	19.35080201850269	12.64762643806799
0.211611	18.399962321278736	12.691390198932568
0.211909	7.518178301094736	12.460996763342003
0.212207	26.753900084104885	12.257443268439406
0.212506	13.581084608915148	12.050449858344965
0.212804	5.7048470984017285	12.003819074164273
0.213103	37.45306879730663	11.927009780817272
0.213401	0.6833483599672263	11.950372716317414
0.213699	20.830196467618975	11.859238653036195
0.213998	14.09102539949572	11.867458721857531
0.214296	11.361354415475375	11.908980043464652
0.214595	45.13207300252475	11.810668123669352
0.214893	4.415457022707869	11.78925301623491
0.215192	30.519089655173275	11.698043509790278
0.21549	15.278313540791828	11.81176081303934
0.215788	13.172334398653902	11.834487866185192
0.216087	28.179886963836793	11.66517003461109
0.216385	26.58755357443397	11.740722044824297
0.216684	21.631072834313727	11.653666991736639
0.216982	32.19736114381931	11.715272644998294
0.217281	26.707007232967612	11.69751723635472
0.217579	9.642960470985145	11.63257919747842
0.217877	1.3932528174927938	11.69834280320731
0.218176	32.332921783012694	11.620885235496353
0.218474	38.29631791421491	11.638292133917197
0.218773	23.523015979815227	11.577254666288653
0.219071	6.093952565182121	11.601155445722721
0.219369	14.968128174938897	11.647419126329488
0.219668	24.975320437342248	11.544471664841591
0.219966	24.221389739275878	11.589392542086536
0.220265	4.073442556769464	11.508625020631127
0.220563	10.073589571068737	11.58773182157584
0.220862	6.365499411269866	11.620927031609545
0.22116	26.43167737594638	11.431636293456197
0.221458	14.408824222036287	11.548188464218121
0.221757	9.092939276702623	11.45919955793454
0.222055	47.7044625735914	11.57129840775623
0.222354	29.718372077376216	11.453002286117272
0.222652	5.433411606392156	11.477193924999948
0.222951	13.63323229604589	11.494532459102551
0.223249	18.46258435660161	11.451058227589417
0.223547	18.14434179983209	11.493283520860519
0.223846	7.974332716567574	11.365576183111862
0.224144	22.176263414634718	11.435601284389676
0.224443	18.150689655172982	11.500303061456771
0.224741	9.506210597140807	11.353181662849137
0.225039	34.464983010934134	11.429367710457894
0.225338	15.705216148023737	11.367586641024904
0.225636	2.90181261564328	11.40138572729149
0.225935	10.005061396132078	11.400381852300495
0.226233	20.6688070647607	11.361588703197398
0.226532	16.11797645080003	11.393066464107823
0.22683	8.67157846930354	11.29381560031903
0.227128	20.467228595458096	11.381867112911534
0.227427	25.29318923465098	11.303230127848458
0.227725	24.032078721616017	11.297409987667521
0.228024	26.944761648444455	11.371587551705433
0.228322	25.3396992430595	11.28586236326643
0.228621	18.38306173254807	11.357668215064171
0.228919	7.9012588730029165	11.25114543877475
0.229217	24.83750513036	11.251142112886686
0.229516	18.24818738435738	11.31508557027469
0.229814	26.61303380992308	11.245475876152693
0.230113	14.418421194280882	11.24779266590739
0.230411	-2.080149705636245	11.235699011385996
0.230709	16.67420285954563	11.314666500181442
0.231008	18.459269974768517	11.250564462065647
0.231306	29.758957443230543	11.191521195861135
0.231605	27.595041547518804	11.284540145757461
0.231903	18.982160807401556	11.16121381037481
0.232202	3.307685786376169	11.25564456620994
0.2325	35.215481917578586	11.171057978557862
0.232798	6.520054163161717	11.218882833508792
0.233097	10.478918082421842	11.195539557284187
0.233395	2.6838721614797123	11.16196571305071
0.233694	20.275404205214045	11.213255158440864
0.233992	11.033690496216195	11.067281549203848
0.234291	6.724009083262672	11.178976149122018
0.234589	10.08049957947776	11.163277940419194
0.234887	27.61259747687177	11.105295780089204
0.235186	19.316306812447692	11.208507055071761
0.235484	20.239794785534286	11.077034567381556
0.235783	17.392925483601402	11.166082648396065
0.236081	27.61623717409634	11.096534332916415
0.236379	26.994603532380097	11.091847117725205
0.236678	10.72951488645856	11.163700989999006
0.236976	19.85241480235345	11.030559499915896
0.237275	22.770172918419007	11.152985166380079
0.237573	16.245595962993775	11.048896050865554
0.237872	20.48246021866987	11.057143774225828
0.23817	29.08184356602078	11.106966046608928
0.238468	19.730157779649176	11.051019554795127
0.238767	6.31855306980583	11.053306494975965
0.239065	25.480051135406825	11.002680117720388
0.239364	20.1111761143801	11.05038923302844
0.239662	4.580755256519069	11.07875191246307
0.239961	6.284721951219581	11.056432023549387
0.240259	14.85780117746117	11.009525698825225
0.240557	6.123263582844061	10.964381503934199
0.240856	1.5202822539959016	11.028079940699389
0.241154	10.081768208579547	11.01188431585449
0.241453	22.675315054667635	10.97797854890356
0.241751	23.042928174936037	10.993871127633135
0.24205	14.577328174937634	11.00136946193138
0.242348	6.280594785534959	11.00365762255155
0.242646	13.280715222875301	10.913989106276444
0.242945	19.053207737593993	10.957628175896211
0.243243	20.617766190076168	10.884966085214366
0.243542	13.724262068965913	10.962019712434365
0.24384	40.11514280908386	10.875005101296232
0.244138	15.671558284270759	10.813934419664161
0.244437	30.970680571909384	10.934216285059307
0.244735	10.03729890664431	10.900671258528938
0.245034	19.72542539949586	10.893828606742261
0.245332	7.107479899074747	10.882739170254979
0.245631	3.1735771236338906	10.840287570803664
0.245929	-1.9901998317908465	10.906587287662393
0.246227	8.499152228763478	10.80767756539104
0.246526	14.124028259041097	10.879394656483786
0.246824	16.623804541633262	10.808901050282207
0.247123	30.096797645078937	10.808940951756654
0.247421	7.807273675358033	10.931181456572588
0.24772	7.1363031118590925	10.76600981322742
0.248018	35.80494264087463	10.856192556556339
0.248316	16.16267653490354	10.813801206915697
0.248615	13.743381665265133	10.851893567436532
0.248913	5.046955088308778	10.908656234427516
0.249212	2.1480608915072708	10.730022378033015
0.24951	-8.446141631623618	10.838041268581993
0.249808	-4.875301597983253	10.79569367149595
0.250107	29.162760302775155	10.810361307469078
0.250405	23.140576619007334	10.81088660134305
0.250704	36.00409621530844	10.749814784952513
0.251002	3.121648780486339	10.849190716041042
0.251301	12.452557106811355	10.754395769109342
0.251599	37.42022405382613	10.755201474340645
0.251897	15.007299579478968	10.761698343092512
0.252196	17.109819007569058	10.762769770839803
0.252494	19.79913809924426	10.82687774546149
0.252793	23.78929587889104	10.701211435641696
0.253091	5.4727438183357435	10.706240394972577
0.25339	14.761402523129732	10.726493018832777
0.253688	20.448184020186204	10.765889165166767
0.253986	3.169588561818273	10.760450497785696
0.254285	11.053575777964397	10.641688689524429
0.254583	13.875545164003142	10.746989435858307
0.254882	5.918661059713486	10.696943950069976
0.25518	-5.327757106811646	10.720011587737817
0.255478	18.184123801514147	10.704546611281447
0.255777	16.56561278385425	10.664568916777508
0.256075	17.68103280067237	10.718980002982914
0.256374	9.339143818335742	10.67280656965588
0.256672	16.872820521447807	10.67662230391244
0.256971	9.274122455844918	10.671415534437818
0.257269	10.448441379309656	10.642153468186773
0.257567	19.46713271656847	10.73212751180776
0.257866	8.219696888140788	10.612748191632527
0.258164	-9.282601513876898	10.63190341529064
0.258463	8.500185702270642	10.660633226923387
0.258761	20.227443229605342	10.62732425130449
0.25906	3.4839660218671042	10.601670396989375
0.259358	28.414370731707095	10.572717957672364
0.259656	19.511797140455656	10.668277098484838
0.259955	19.17228730025272	10.643720300631314
0.260253	9.658762994112635	10.58312346623217
0.260552	18.300105298569633	10.589412533690282
0.26085	12.138534566863086	10.57296002061169
0.261148	19.41723566021892	10.633467099724756
0.261447	4.227100084105473	10.592350534704725
0.261745	2.2929567703948806	10.582215012356427
0.262044	20.33451202691367	10.526010610928818
0.262342	20.814578301094002	10.588051538477147
0.262641	25.492113708998545	10.568040345556462
0.262939	36.62252750210257	10.54209619702158
0.263237	7.265312699747142	10.540352058267828
0.263536	4.045380319595893	10.504805103525044
0.263834	0.32300285954477204	10.62617598694912
0.264133	29.587638687972344	10.501511919316421
0.264431	7.853958957106215	10.511378240960806
0.26473	26.092746173253545	10.57126004737144
0.265028	16.50402253994855	10.490468596311063
0.265326	-1.1867380992430299	10.534804860817202
0.265625	-0.7096585365854935	10.448290037232821
0.265923	35.47174398654363	10.499203557560806
0.266222	8.340009419680996	10.547203161325374
0.26652	-1.3255142136239328	10.447161443257079
0.266818	17.651302607233674	10.52487525304235
0.267117	19.448004373422805	10.439012621424661
0.267415	22.39334196804066	10.502914240601175
0.267714	23.876526156433897	10.511454759942957
0.268012	31.34312296047085	10.405830256741426
0.268311	1.8421382674517872	10.44537424396512
0.268609	7.123644070649107	10.430221511586268
0.268907	10.771408578638102	10.494663730003403
0.269206	13.103783347351055	10.453253858598936
0.269504	13.568694701429536	10.407937477659546
0.269803	0.0060141295210769385	10.466075521137652
0.270101	31.37095172413808	10.584686954767388
0.2704	9.119348696381735	10.803419642642485
0.270698	19.02176787216206	10.863781559986732
0.270996	2.5641096719925827	10.957636326428268
0.271295	2.488876703112055	11.068590478942282
0.271593	18.610591421361846	11.032811775456683
0.271892	12.71391421362523	11.064345108558893
0.27219	12.339310681245479	11.031590129690112
0.272488	15.342867619847311	11.134351005539344
0.272787	29.677430782169267	11.145394993728154
0.273085	14.128280571910068	11.167868114046053
0.273384	1.8898476030290112	11.224490631312385
0.273682	6.491148528174904	11.214915483195423
0.273981	17.429977123633194	11.313752744974499
0.274279	29.320703111858393	11.161008687821095
0.274577	14.671111522287674	11.52936559627854
0.274876	34.56359360807426	11.839282833563034
0.275174	13.212143313709248	11.754171638442505
0.275473	33.166853490327526	12.060532637648722
0.275771	4.077836501262482	11.978710463225998
0.27607	36.41950176619105	12.274637814122345
0.276368	15.625600336417733	12.358469511571448
0.276666	32.25906947014323	12.391503349307788
0.276965	4.414863246426535	12.600411926858914
0.277263	0.10804878048816136	12.503431047977127
0.277562	36.37113170731823	12.873365150061693
0.27786	10.291333557611324	12.775797844049539
0.278158	21.938372413791853	12.782508515100371
0.278457	-0.03632800672960457	12.988215398124972
0.278755	-1.585701934399708	12.88994573741412
0.279054	4.733313709000413	13.173969097218063
0.279352	27.743332211944107	12.996249538774858
0.279651	-1.301020689654706	13.136230596897017
0.279949	36.410570563498936	13.195693906482973
0.280247	19.291778637510788	13.187115116724133
0.280546	2.3067959629952384	13.353745782654885
0.280844	6.019147855340066	13.20246591869535
0.281143	3.731378301093855	13.413126869604149
0.281441	19.628163835155306	13.42874858510519
0.28174	-1.7234038687962538	13.417238638626152
0.282038	20.532052817495128	13.609658996117345
0.282336	12.530434650966527	13.4623497354138
0.282635	11.18613894028556	13.606613310701983
0.282933	30.912124474348275	13.646681603265465
0.283232	-8.497220521447275	13.714290541085116
0.28353	-5.033319091672297	13.85828567498792
0.283828	16.043772918419563	13.680338523413882
0.284127	9.590097560975437	13.989221996701332
0.284425	18.804262405383838	13.752288411187703
0.284724	13.488503952900714	13.944017269859032
0.285022	3.3031461732542766	14.036006289291056
0.285321	47.07228494533183	13.984958116769533
0.285619	16.448320605551316	14.0856357296584
0.285917	2.0576339781325714	14.02523529636872
0.286216	20.925387384356213	14.150175862859946
0.286514	-26.58811202691311	14.145844096428576
0.286813	11.650174600505352	14.149000475113098
0.287111	28.064686627418496	14.224909920472847
0.28741	28.732480403701288	14.080533270988496
0.287708	14.135460386879117	14.247027913444663
0.288006	19.22106375105102	14.302845607906587
0.288305	32.794347518923814	14.311049509813492
0.288603	28.578422539948747	14.386941548240433
0.288902	-1.5286402018494982	14.428430956685387
0.2892	25.32596602186743	14.462817777782037
0.289498	19.68828696383696	14.4344043544164
0.289797	9.4400861227939	14.51080642366727
0.290095	21.523223549200452	14.5729018483052
0.290394	16.348228763667407	14.658835795794955
0.290692	30.541993608073312	14.642480695378207
0.290991	46.33949301934308	14.626477589178792
0.291289	41.83575172413896	14.75171932286607
0.291587	-3.460229436502118	14.79242687059317
0.291886	8.611615475188614	14.83999347674067
0.292184	17.365224894868447	14.804890455371353
0.292483	-6.474767031118631	14.956931868446382
0.292781	-4.073793439865199	14.95953359594209
0.29308	6.183026408747878	14.916713156510848
0.293378	32.2909574432299	15.028765707253465
0.293676	-3.52536248948752	15.022949139011711
0.293975	3.1360568545011347	15.225804253172246
0.294273	10.616583010934733	15.21587099280325
0.294572	23.98803700588644	15.123199554656278
0.29487	9.234494869637047	15.222662134143334
0.295168	-15.879131034482725	15.355661982439983
0.295467	29.161780319597597	15.38694642040479
0.295765	5.304614297730268	15.440567275914159
0.296064	-2.310712195120459	15.270522535115386
0.296362	19.73220218671088	15.590621483987512
0.296661	12.204377796467725	15.516338949456838
0.296959	2.6863905803202215	15.54813023526303
0.297257	16.2557231286803	15.629047774589031
0.297556	-19.05876972245551	15.605893364419396
0.297854	0.11387552565281567	15.885212160661546
0.298153	9.318046089151153	15.667952715557504
0.298451	10.878656349875087	15.689849110424813
0.29875	34.81124575273441	15.76229402411164
0.299048	23.8121897392773	15.813171584925765
0.299346	24.861172413793042	15.921721295070528
0.299645	5.212445416315745	15.778073953635218
0.299943	31.067001513876562	15.854044986058732
0.300242	-26.096960470982253	16.035440361304016
0.30054	6.445975777965032	16.087083093538332
0.300838	-3.1449476871318893	16.00208690594847
0.301137	45.18709402859599	16.014477370844634
0.301435	8.092625399496	16.238072213046376
0.301734	23.328048444070646	16.140104872164763
0.302032	22.517850630782164	16.18978727582025
0.302331	8.888731370898881	16.254358493187738
0.302629	-1.457231959630576	16.305007403224582
0.302927	31.069404878047067	16.53543278005521
0.303226	-2.8955774600512996	16.175089454316478
0.303524	36.001816316231725	16.504440377359597
0.303823	9.633248107653571	16.413263429717986
0.304121	-4.392331370900138	16.5789301616069
0.30442	37.1590782169892	16.732438793384382
0.304718	5.511615138771049	16.373648486440818
0.305016	34.02598317914283	16.789515259110715
0.305315	26.004256013456484	16.620409904233995
0.305613	49.0250129520615	16.898201629691087
0.305912	15.382980656013387	16.650055279404587
0.30621	36.19535878889906	16.809164597750648
0.306508	17.186751555930755	17.090041933446507
0.306807	8.722000672835293	16.807674773197835
0.307105	-1.663960975610621	17.12657005103814
0.307404	24.981005550883992	16.946448992487024
0.307702	19.656386543313147	17.08815265045674
0.308001	0.1263300252321642	17.426735208432305
0.308299	3.7099451640040115	17.031017737431068
0.308597	41.444973254836555	17.30655272855056
0.308896	-14.75583414634059	17.174091735701758
0.309194	-2.227777291842017	17.367794005868596
0.309493	30.820404709841114	17.431582631955628
0.309791	15.956343145502387	17.281016270755146
0.31009	0.49913238015165007	17.645939523588147
0.310388	18.930746173255102	17.217099024366046
0.310686	-5.51769049621555	17.475069702909977
0.310985	18.148462910007765	17.347871633441493
0.311283	17.93957577796391	17.52165063607353
0.311582	9.53163330529776	17.699062392924375
0.31188	22.785741295206776	17.21615562442986
0.312178	13.278841042893532	17.677957045159985
0.312477	3.2076767031117015	17.46374415022068
0.312775	-1.4093486963821533	17.637106093310685
0.313074	27.35936820857944	17.89493434879149
0.313372	4.795698233809844	17.505367280643508
0.313671	21.440656349873848	17.958680963451002
0.313969	21.256984356602402	17.6703495793663
0.314267	48.84861026072372	17.912972919949034
0.314566	25.221748023548116	17.952824363348874
0.314864	21.05130664423939	17.944224934222902
0.315163	0.8296736753584355	18.153236857589256
0.315461	-0.9213890664415203	17.932582944289642
0.31576	75.13561446593769	19.070555973826547
0.316058	13.761803868796392	18.158025520064466
0.316356	10.417873843564962	18.30130698164721
0.316655	3.185728847771543	18.471555448885134
0.316953	1.5403333894039406	18.13175410575964
0.317252	18.92375172413665	18.408727391714162
0.31755	-0.36357510512857516	18.389658245195044
0.317848	14.655597645081002	18.569901082379346
0.318147	13.846540958790001	18.5521276793984
0.318445	-0.18386442388703017	18.63812443230328
0.318744	-5.229816316232245	18.76406691262101
0.319042	16.996500925149007	18.584056740179538
0.319341	-25.97285315390991	18.916063059862562
0.319639	9.129090328005418	18.777731436464528
0.319937	13.536600504625085	19.04419785642471
0.320236	-9.678671152228162	19.04921928052096
0.320534	24.86037611438121	18.80785106425174
0.320833	11.638543650126394	19.24494645301111
0.321131	22.387150546676367	18.855746273964506
0.32143	-23.81892548359815	19.360656869018506
0.321728	-3.86391387720721	19.305290518819554
0.322026	-16.506930866274843	19.208046511879616
0.322325	19.80817392767051	19.618890891841904
0.322623	11.779252144659154	19.17340773481777
0.322922	-27.40201816652643	19.703757274283088
0.32322	14.382459545836923	19.374012277995295
0.323518	19.512456854497486	19.54669370348637
0.323817	26.424702775440778	20.009854106360084
0.324115	15.218062910009849	19.307956196618974
0.324414	2.5085409587876484	20.10602462914559
0.324712	27.063589571067723	19.66400862132119
0.325011	14.937592598822675	19.94678880438508
0.325309	54.897228931875475	20.306082317367768
0.325607	-4.831547855341682	19.59745696248372
0.325906	-14.210672834316256	20.355422728939327
0.326204	11.264980992431788	19.947589806259984
0.326503	-9.94353776282594	20.186090765730267
0.326801	-7.632362657695353	20.420189006391535
0.3271	-0.11619579478576725	20.26749839605091
0.327398	43.539346005045445	20.658153686015762
0.327696	6.30891841884079	20.207552259203894
0.327995	43.93607333894124	20.557195596798397
0.328293	31.452679226239297	20.647956490907866
0.328592	5.985511185871815	20.604098532138998
0.32889	24.147277375944896	21.169043882709072
0.329188	-1.2328703111847972	20.448128900263942
0.329487	31.40102674516413	21.1158479761581
0.329785	-11.064263414634752	20.716211995093957
0.330084	15.205540790581153	21.118987362839835
0.330382	22.331832464255967	21.271325248562714
0.330681	-4.409187552562344	20.99201709618411
0.330979	-10.078919764508214	21.459802223569323
0.331277	17.273561648445366	21.05755284130279
0.331576	18.277907148864756	21.476348491583693
0.331874	18.164362657694824	21.553684616171267
0.332173	-2.899506812447612	21.536072284203648
0.332471	-6.79325113540699	21.94979197377952
0.33277	-6.054076030279134	21.251571982423524
0.333068	15.914094533222851	21.966825798807413
0.333366	4.557760470984249	21.635693127050452
0.333665	51.70933759461661	21.963448040585348
0.333963	27.851014634145486	22.290732126809722
0.334262	54.22769285113645	21.6847684048864
0.33456	-19.128627417997563	22.49657126777514
0.334858	-6.9942529857007685	21.76914955060279
0.335157	-10.909426745163273	22.615713457050035
0.335455	55.80963229604606	22.426126859258453
0.335754	33.11062169890704	22.34535219414142
0.336052	35.29758687973185	22.914348754758223
0.336351	-12.973524642554821	22.134200896332352
0.336649	8.07110681244751	22.92144164567948
0.336947	-10.851245079898035	22.59632786180522
0.337246	-8.35072632464346	23.030997255816526
0.337544	37.133844575272406	23.35855963935345
0.337843	29.16668864592168	22.46011514359525
0.338141	28.753212447435885	23.5265863797896
0.33844	6.412507317073164	22.94141695364633
0.338738	22.176887804878902	23.528699386175983
0.339036	19.172998822539853	23.432459401653567
0.339335	-14.720703784691977	23.270244758247696
0.339633	13.41935441547605	24.019081467559907
0.339932	34.80613389402947	23.34617899020659
0.34023	7.282326324641986	23.85607478873829
0.340528	23.125134398655405	23.74102137633232
0.340827	-12.687334903280316	24.0005072104605
0.341125	9.801608410429026	24.508150135141076
0.341424	16.050256349875553	23.78644977209939
0.341722	6.676830277544354	24.420882815687094
0.342021	12.38077342304507	24.037097615934368
0.342319	38.17400067283529	24.558868799445786
0.342617	8.94196265769665	24.855967030441924
0.342916	-4.286638856181639	24.256334962327422
0.343214	34.75815508830976	25.12086115403829
0.343513	18.60337426408762	24.337029370923013
0.343811	11.2761305298568	25.107936958307203
0.34411	-15.741650798991031	24.69433919524448
0.344408	17.146638183347704	24.90253293684468
0.344706	7.484723969723177	25.331287959467893
0.345005	6.138736080739591	24.461277738569894
0.345303	17.682632800674583	25.36617294207131
0.345602	47.40092716568597	24.664738670805466
0.3459	-13.758043061395142	24.980143416712846
0.346198	-9.138488477711917	25.556081733287982
0.346497	25.0713426408754	24.445183571615296
0.346795	-4.336403364170565	25.61934866257881
0.347094	32.41250899915826	24.620167219293386
0.347392	-7.865449285112618	25.442835997666727
0.347691	59.56191825063058	25.446134918620707
0.347989	17.61866274180136	25.37408891976606
0.348287	30.895055677039522	26.2071317363381
0.348586	11.517012952061236	25.114484337358043
0.348884	24.37632363330522	26.166031001786653
0.349183	49.57439529016028	25.732283499556466
0.349481	40.94293322119256	26.286714864173696
0.34978	43.34952935239642	26.814889551444896
0.350078	-0.011059041212320153	25.401851458457884
0.350376	-9.578725651807076	27.07778604681865
0.350675	10.752557779645713	26.080173172130507
0.350973	33.585452312868824	27.143361080096838
0.351272	-41.5566021867113	27.22471737559993
0.35157	-3.246622708157929	26.439129663766966
0.351868	-17.015831455004218	27.78001513551276
0.352167	6.797759125316247	26.388573600610478
0.352465	50.391620857864154	27.71653642119169
0.352764	-12.345851303616087	27.279928754833843
0.353062	40.41789470142987	27.686566030477252
0.353361	47.71743515559251	28.467302473338137
0.353659	9.338186038689287	27.30200598412708
0.353957	42.29179983179165	28.653163100754803
0.354256	60.85476568545005	27.727733095294163
0.354554	29.374724306139797	28.61193972387007
0.354853	19.53131909167439	29.374292624782846
0.355151	39.316886459209286	27.546988342186083
0.35545	7.1458220353252955	29.40278742242225
0.355748	6.120038015137652	28.227176300143732
0.356046	-8.241679730866736	29.797225306893978
0.356345	33.06957073170679	29.40436554078158
0.356643	41.743944827586574	28.881746774913317
0.356942	41.68842388561927	30.692807095702204
0.35724	-2.580398654331475	28.726625562374778
0.357538	30.37013187552475	30.67278411115883
0.357837	18.77218637510566	29.790295921454263
0.358135	31.895047939444794	30.371816269692864
0.358434	-42.89965349032684	31.745806803001383
0.358732	-19.15327838519886	29.503565979980664
0.359031	14.1361052985701	31.809065278268505
0.359329	28.307945500421283	30.411213518191886
0.359627	27.133101093355663	31.566084948952295
0.359926	-53.62208477712386	31.979531940800662
0.360224	-20.566183010932946	31.250520726248578
0.360523	52.74472565180872	32.80653927329416
0.360821	-12.302874011774634	30.99648970324214
0.36112	41.463770899915176	32.94062619510337
0.361418	31.396311522288443	32.24878130374367
0.361716	31.86280639192603	32.75663205350964
0.362015	-1.457695542473516	34.358130945459216
0.362313	-18.65556063919371	31.71857179635905
0.362612	-33.574119091674106	34.60317727998104
0.36291	-15.71506543313717	33.039952880199955
0.363208	45.35019915895646	34.149320723896615
0.363507	12.884787888982032	35.23989589659471
0.363805	9.71544962153132	33.142599235228595
0.364104	49.33038587048031	35.759926781800125
0.364402	-7.105103111858284	33.69850171732682
0.364701	-0.47303380992389066	35.78341460286146
0.364999	-5.892858873003206	35.58696603656289
0.365297	8.656398654330815	35.060932518977054
0.365596	-8.446740454164114	37.84400485527971
0.365894	29.287768881412717	34.50290284923605
0.366193	-13.337842220353195	37.88871957484612
0.366491	-57.49625534062204	36.09955180144652
0.36679	18.36190714886527	37.592979916270764
0.367088	62.88088141295191	39.38356201150748
0.367386	-28.62150176619025	35.73584667027088
0.367685	32.284552060554574	40.02830748610721
0.367983	-34.73949705634993	36.85319366631525
0.368282	27.255534398653936	39.891476236060804
0.36858	0.15685820016756225	39.968242264762566
0.368878	4.877618839361162	38.69638515920742
0.369177	47.73052077376008	42.39566685488019
0.369475	36.37700891505574	38.12070656975422
0.369774	-36.51886963835125	42.380280190022745
0.370072	23.7969463414629	40.37528465599118
0.370371	-30.10578065601294	41.95846741456507
0.370669	-45.194793944490925	45.0245411795104
0.370967	-4.965780992429245	39.84164113490985
0.371266	29.165394785534318	44.90837675914637
0.371564	-36.46543246425722	42.58115016977929
0.371863	-100.60316669470069	44.381623068210914
0.372161	-60.30306610597222	47.17641762642842
0.37246	52.47212481076531	42.16363780743593
0.372758	13.0187246425578	49.95496739538574
0.373056	-12.06044878048715	43.21037852505494
0.373355	-12.598787552565796	48.99426454793989
0.373653	13.821728174937675	46.74875829577957
0.373952	-68.83214667788138	47.62087938119711
0.37425	52.32653759461755	54.22013825314184
0.374548	2.342835323800614	44.51496012417743
0.374847	34.61070109335594	55.6452972048404
0.375145	-36.753306644239956	48.041193210609364
0.375444	-21.079827417998445	54.35211725719916
0.375742	-28.842766021866737	58.66835409705174
0.376041	90.69499478553382	48.01142203906152
0.376339	131.98527468460895	58.73839593868166
0.376637	-27.819689150546765	51.28555326750156
0.376936	96.33170664423915	60.21381293162845
0.377234	46.60721211101645	56.88076096700541
0.377533	56.35346778805797	58.663527552195134
0.377831	72.64803801513949	68.04563516248989
0.37813	29.02095845248141	54.793989500916126
0.378428	14.252885113539833	68.68939118279452
0.378726	-85.79232396972316	60.77006413437828
0.379025	-43.75329991589524	68.90940186676443
0.379323	43.77757106812453	81.83993705618731
0.379622	-47.1761244743476	60.02513906065124
0.37992	122.88147182506293	84.12670914465008
0.380218	24.48122926829285	66.36412457107997
0.380517	32.90794482758713	84.94964204156759
0.380815	64.72700958788948	81.92000172459555
0.381114	81.58283936080636	78.45745857647655
0.381412	77.43954179983291	102.17591660436028
0.381711	-73.01167670311315	77.05100150623154
0.382009	234.4624174936905	115.43853448844158
0.382307	-143.69561312026917	92.84097263694872
0.382606	188.9706378469316	117.46282963026837
0.382904	0.	0.
0.383203	165.4786906644233	106.1570113057929