0.00540153	2577.711522866557	335.6652736721352
0.00569995	1872.3675907590768	189.7897300127677
0.00599837	1928.858198962771	161.79523272651954
0.00629679	2089.4284677039013	139.99431093532795
0.00659521	1877.8295520980282	129.7383318725456
0.00689363	1984.4902970297062	113.75139650761325
0.00719205	1713.8253842527138	101.88682531563713
0.00749048	1590.826572371525	94.92450055601054
0.0077889	1765.4677133427504	85.6059401100407
0.00808732	1981.247505893457	80.31529790975812
0.00838574	1669.1551249410759	72.47342034268196
0.00868416	1674.321753889667	67.0409644674429
0.00898258	1866.0355209806767	63.26855139367137
0.009281	1645.2455162659044	57.5608343089877
0.00957942	1634.129950023564	54.95371561474121
0.00987784	1622.0762970297073	50.716192965987254
0.0101763	1593.387522866576	48.265834976546444
0.0104747	1676.513441772754	45.81985017121973
0.0107731	1574.7183017444581	41.865672228648315
0.0110715	1640.0666157472892	40.98497096627063
0.01137	1619.663951909472	38.43842645408255
0.0116684	1558.0863705799175	36.96587983215369
0.0119668	1617.7855200377167	34.77280015888755
0.0122652	1643.5097567185278	33.35857813331149
0.0125636	1610.3322668552516	32.2681271524983
0.0128621	1567.6432286657246	30.40613585993109
0.0131605	1537.1198208392263	29.5411728095147
0.0134589	1500.5244441301272	28.187834686976746
0.0137573	1476.8599028760013	27.37342622800824
0.0140557	1453.24367751061	26.44195604189338
0.0143542	1491.0924082979716	25.356586711147642
0.0146526	1431.8809391796299	24.668403634343395
0.014951	1475.6814502593102	23.706869746410103
0.0152494	1506.716483734087	23.520402947801976
0.0155478	1455.2949882131077	22.694199086149226
0.0158463	1414.6845865157923	21.760217685893405
0.0161447	1403.185762376238	21.48119252599735
0.0164431	1411.6726440358325	20.81880262243995
0.0167415	1401.041843470058	20.30327089184944
0.01704	1383.3217482319685	20.309103369153153
0.0173384	1377.8077916077318	20.117430824409944
0.0176368	1369.8161414427148	20.127090211308875
0.0179352	1293.8019971711458	19.55779332111447
0.0182336	1319.1166383781247	19.427528549911944
0.0185321	1309.5273767090987	19.301057922751376
0.0188305	1278.9519679396528	18.972070470300476
0.0191289	1277.217626591231	18.953669295285145
0.0194273	1272.1003130598756	18.8948246998414
0.0197257	1261.2113880245158	19.0224726606776
0.0200242	1232.7929787835928	19.017197107934646
0.0203226	1237.198672324375	19.316858288625454
0.020621	1228.8121357850077	19.2721159793696
0.0209194	1198.5420829797254	18.968439220872465
0.0212178	1193.2995143800088	19.150287651456704
0.0215163	1186.8545950023565	19.064243592808864
0.0218147	1155.804214992927	19.157435862692033
0.0221131	1149.9810608203684	18.429602587840836
0.0224115	1155.3757802923137	17.887486829196572
0.02271	1120.1077689768988	17.634464152551917
0.0230084	1135.0594314002824	17.378823421233133
0.0233068	1131.8656001885893	17.31656691671327
0.0236052	1123.962879773691	16.649842371217506
0.0239036	1095.346296086752	16.797733818897406
0.0242021	1073.5999066478064	16.398379684422515
0.0245005	1032.4786063177746	16.23483557177738
0.0247989	1037.91507590759	15.9016246262141
0.0250973	994.2775737859492	15.790095944430371
0.0253957	1023.6003017444614	15.59464836193229
0.0256942	1023.883487977368	15.430674576868597
0.0259926	1004.867031588873	15.197388112447577
0.026291	1033.7405818010361	15.045140340906428
0.0265894	976.125085337103	14.85912522995665
0.0268879	940.112957095709	14.662310740150431
0.0271863	940.4394153701082	14.35009741141208
0.0274847	943.5315247524738	14.25233269283773
0.0277831	929.0808816595948	14.106756058905546
0.0280815	920.2826110325302	13.835426760289018
0.02838	926.1000641206979	13.902185283541185
0.0286784	906.790827911363	13.711110818004697
0.0289768	880.5930881659592	13.450186769193133
0.0292752	892.5602366808101	13.376178055059194
0.0295736	878.2710881659602	13.289485274567161
0.0298721	840.0452003771801	13.06843333410079
0.0301705	852.1003177746334	13.115462349938628
0.0304689	830.3228099952842	13.040376280804573
0.0307673	798.7987364450737	12.94730700103237
0.0310657	803.4956284771326	12.681365610073607
0.0313642	810.8824110325313	12.791624604435627
0.0316626	822.8629759547385	12.725042742750896
0.031961	799.3582340405467	12.577311966137172
0.0322594	776.4993305987743	12.511240731486001
0.0325579	781.8438046204619	12.487039905406107
0.0328563	771.1822085808578	12.35978835925338
0.0331547	771.9158754361129	12.3464135536532
0.0334531	751.5395344648753	12.199252729555214
0.0337515	733.7748050919373	12.142746803318907
0.03405	733.7167916077311	12.128094416220463
0.0343484	714.7878581801041	11.976216121817892
0.0346468	720.4165069306928	12.002777495280348
0.0349452	709.5299651107964	11.827518841602625
0.0352436	682.5006901461569	11.790103678607466
0.0355421	699.5510148986324	11.867361820040706
0.0358405	676.2744167845352	11.661424368585159
0.0361389	651.3270328147098	11.66290163331
0.0364373	679.8265616218771	11.551104330371695
0.0367357	675.2242438472413	11.572967079770532
0.0370342	635.7444303630376	11.485522240218511
0.0373326	644.8037310702503	11.302252731072606
0.037631	621.6262482791149	11.429027392688988
0.0379294	619.6369156058472	11.243725997120128
0.0382279	604.3692436586525	11.255673313986886
0.0385263	592.217237906649	11.154860595548634
0.0388247	611.7018334747743	11.037039057038356
0.0391231	602.5974119754837	11.19038864508165
0.0394215	589.6919815181519	11.016794304343307
0.03972	586.9825145686004	10.996779760267849
0.0400184	576.7694086751524	10.899980999598052
0.0403168	575.8710780763781	10.79741266582624
0.0406152	560.9399281471002	10.862660861574234
0.0409136	573.5088517680335	10.797947185890507
0.0412121	551.960679490806	10.770625989377669
0.0415105	550.19000754361	10.725149322865716
0.0418089	546.3681107024996	10.643682423456195
0.0421073	526.9789605846302	10.575829279172348
0.0424058	540.2406854313995	10.78502588361088
0.0427042	518.1726185761429	11.013749694511487
0.0430026	500.08549495520924	11.0086086935915
0.043301	495.90552654408214	11.160125731717006
0.0435994	505.2058347949068	11.076686218118802
0.0438979	503.2929969825554	11.097099702004451
0.0441963	486.80292230080056	11.225037130858155
0.0444947	474.27284648750543	11.222482756310272
0.0447931	484.42138500707074	11.317600602299699
0.0450915	465.77124252710945	11.180996823526083
0.04539	470.98681914191445	11.292343820152668
0.0456884	484.0472247996223	11.312480226814474
0.0459868	460.9023425742578	11.344666792183428
0.0462852	473.6750862800571	11.34350959509658
0.0465836	438.2830390381895	11.30258054822887
0.0468821	450.5471490806215	11.360306898809792
0.0471805	459.63569636963655	11.302876350067166
0.0474789	428.17104931635953	11.179623089237802
0.0477773	435.8307401225852	11.279180744628132
0.0480758	426.8341706742103	11.155172174651028
0.0483742	423.21109212635605	11.219341623896375
0.0486726	423.88057510608206	11.158463582899643
0.048971	411.9215428571417	11.20318633683805
0.0492694	413.24118783592695	11.06816710582283
0.0495679	425.6372363979253	11.060830214584751
0.0498663	395.6781799151335	11.145048186267106
0.0501647	394.8107794436575	11.015874211087429
0.0504631	365.2716495992465	11.074907996267099
0.0507615	403.6666176331923	11.051782810983564
0.05106	388.144539933993	10.984096233968108
0.0513584	387.8857221122121	10.999704370506196
0.0516568	387.061483356907	10.894048185929028
0.0519552	378.84234908062297	11.018697925997074
0.0522536	360.04187920792134	10.891140780870447
0.0525521	348.4122632720414	10.785338238174951
0.0528505	367.90018830740166	10.90234548307513
0.0531489	359.3294296086745	10.787241882160446
0.0534473	358.803979255068	10.9064367964789
0.0537458	347.8774799622829	10.698926993003465
0.0540442	342.94386581801035	10.805487496985755
0.0543426	348.25784941065507	10.776913967525841
0.054641	330.0413997171148	10.602031028884735
0.0549394	339.54243451202274	10.819147974939046
0.0552379	342.5965661480433	10.63942059243595
0.0555363	334.94873653936736	10.7108997550002
0.0558347	342.4485608675158	10.714884547707797
0.0561331	330.74452569542615	10.565842133771465
0.0564315	321.139343422914	10.661177172988651
0.05673	323.77136944837275	10.48365221120713
0.0570284	317.7176702498815	10.587988388076447
0.0573268	313.69491485148586	10.546143473982163
0.0576252	315.06989325789647	10.479942021575335
0.0579237	310.293868458275	10.556572173933711
0.0582221	321.94694936350743	10.455263907863895
0.0585205	314.39616727958537	10.489098615430377
0.0588189	301.8083724658163	10.423257186636906
0.0591173	302.16494342291384	10.429603262959706
0.0594158	293.79303422913665	10.403294280881315
0.0597142	303.74545167373896	10.354408170529927
0.0600126	276.8946515794434	10.381270997054642
0.060311	303.43044771334235	10.362400555878859
0.0606094	291.90265139085284	10.268082649852712
0.0609079	276.6439060820369	10.335877922102043
0.0612063	285.1083043847251	10.227093249190862
0.0615047	274.7653634134838	10.315018436083365
0.0618031	284.0079718057518	10.23207606090758
0.0621015	248.690967845356	10.118225891558513
0.0624	243.6434164073546	10.201038255153206
0.0626984	245.7290654408297	10.15107915879524
0.0629968	250.76140792079116	10.16925972454647
0.0632952	264.1885990570492	10.133936872749166
0.0635937	263.58372409240957	10.164922761848224
0.0638921	260.13417114568625	10.066183862387009
0.0641905	253.15389278642158	10.108376439651368
0.0644889	246.83385016501688	10.027510387906558
0.0647873	264.8702334747759	10.043725378614452
0.0650858	261.42112324375375	10.030072339962569
0.0653842	237.91291730315749	9.978975907373751
0.0656826	257.1773420084861	10.120833817405334
0.065981	251.21265525695406	9.953358232099763
0.0662794	222.03172286657264	9.881947932336729
0.0665779	226.23751805752022	9.945696911612533
0.0668763	241.86082781706745	9.879994636309057
0.0671747	250.73887270155524	9.99490618799309
0.0674731	230.99655973597322	9.8552370456186
0.0677715	217.2950749646401	9.836013624905519
0.06807	237.1319487977371	9.947284754739446
0.0683684	230.2197325789723	9.728371230700597
0.0686668	210.58773814238634	9.86230076152351
0.0689652	237.5597570014142	9.77379906527814
0.0692637	210.51558528995713	9.751409807642183
0.0695621	221.37121150400816	9.789306015207984
0.0698605	201.84504177274903	9.65286906790777
0.0701589	208.58734106553527	9.7955299009986
0.0704573	215.44711409712335	9.686216729514706
0.0707558	217.79776784535557	9.754459929295983
0.0710542	203.99101386138398	9.675949536668014
0.0713526	215.56421471004143	9.613188946143989
0.071651	199.22680537482336	9.68951911298179
0.0719494	192.28881508722367	9.541331342557033
0.0722479	200.40130212164058	9.625072891997503
0.0725463	209.4180499764252	9.648471727894673
0.0728447	213.09671428571306	9.589623030227216
0.0731431	211.8551910419606	9.632753972711999
0.0734415	205.93907779349308	9.500367154501859
0.07374	195.160585195662	9.553373847064554
0.0740384	195.7194765676573	9.515791740281752
0.0743368	202.80355992456492	9.567721113579037
0.0746352	185.49247015558763	9.50956353639474
0.0749337	192.78004394153726	9.470882248156675
0.0752321	186.3193491749169	9.4865574959722
0.0755305	213.1625950966523	9.47740470449165
0.0758289	164.50289966996706	9.366054036765718
0.0761273	175.96201791607683	9.428386268505234
0.0764258	185.92558236680816	9.422932624496047
0.0767242	182.10789636963682	9.427620414631598
0.0770226	186.24446148043376	9.312773870981806
0.077321	183.33847260726145	9.397618461945688
0.0776194	183.15854794908034	9.365481942326785
0.0779179	171.15562197076827	9.342328473878375
0.0782163	165.2770100895802	9.268704855402824
0.0785147	165.4302433757644	9.22413454073531
0.0788131	168.9089796322486	9.311852141032054
0.0791116	177.6007139085334	9.255752780145365
0.07941	184.8881716171624	9.336187280537152
0.0797084	165.221981895333	9.243525447166729
0.0800068	174.77043611503944	9.271503000098773
0.0803052	157.01903460631797	9.455391990521068
0.0806037	161.05530909948186	9.582263636055472
0.0809021	165.26156501650263	9.811274953442965
0.0812005	160.17889797265468	9.780037629107385
0.0814989	166.59890834512026	9.993338409122595
0.0817973	157.1620646864679	10.173953896458839
0.0820958	155.62435304101854	10.051597819760225
0.0823942	162.34819396511057	10.289863655870452
0.0826926	163.75566798679785	10.215187789599014
0.082991	158.1755355021221	10.287340117938646
0.0832894	168.7007736916553	10.306300074756692
0.0835879	167.06304139556835	10.292211728904268
0.0838863	167.34641367279522	10.508426322550687
0.0841847	167.41007826496912	10.29457058275774
0.0844831	141.0962062234799	10.44416766601865
0.0847816	139.44726676096138	10.32575865529562
0.08508	155.82173521923522	10.466859870696085
0.0853784	137.34257010843947	10.175162415774357
0.0856768	153.64002819424798	9.84827863040565
0.0859752	147.26030089580433	9.836605921242032
0.0862737	136.9566082979722	9.499977143471652
0.0865721	110.88408665723875	9.5056071741997
0.0868705	150.9937149457798	9.493121068488506
0.0871689	149.122382932579	9.360187232191782
0.0874673	135.6860113154181	9.331896414998496
0.0877658	156.4104759075903	9.272642138847788
0.0880642	150.5445678453566	9.248990414681824
0.0883626	148.5630110325306	9.289028555847183
0.088661	151.02882046204599	9.158137178064077
0.0889594	136.3228546911833	9.315802885821496
0.0892579	136.18112984441154	9.08823221722636
0.0895563	142.80463470061306	9.143185700143459
0.0898547	148.39974361150382	9.17656964599693
0.0901531	141.284936633663	9.115221807508455
0.0904516	119.7333764262126	9.074893283187077
0.09075	114.5068444130132	8.951780258338697
0.0910484	145.25055388967445	9.110183529769586
0.0913468	131.1671115511544	9.048940219003885
0.0916452	135.91006742102678	9.013177055710452
0.0919437	105.99858161244754	8.995942791447979
0.0922421	136.3522931636004	8.961040665042216
0.0925405	116.5467441772742	9.005880909523373
0.0928389	135.92965733144638	8.97224139745074
0.0931373	131.34165874587438	8.962334245510428
0.0934358	132.81246723243697	8.873690506736926
0.0937342	118.96116888260309	8.902077123063487
0.0940326	126.29956388495998	8.902157356866073
0.094331	120.54156605374686	8.874184295977738
0.0946295	112.7996453559652	8.881545183323468
0.0949279	124.31112475247403	8.819507816265542
0.0952263	119.24427835926394	8.840127374164133
0.0955247	112.28679660537466	8.781436372185201
0.0958231	115.52247109853852	8.801173102546292
0.0961216	117.17541452145213	8.77001382356395
0.09642	95.07094332861783	8.705713649991226
0.0967184	110.68753785950065	8.814114917211173
0.0970168	117.20695341819976	8.755471795822485
0.0973152	122.50608675153302	8.740463219313893
0.0976137	104.14188769448288	8.727929387656534
0.0979121	114.05313257897205	8.670345941862255
0.0982105	122.51835700141328	8.748733094033787
0.0985089	129.20908514851533	8.660825061262269
0.0988073	122.41535379537936	8.65260142193414
0.0991058	119.4454901461583	8.70207368401767
0.0994042	123.05531107967937	8.668263165887476
0.0997026	108.44418500707235	8.660628031047107
0.100001	97.09051277699245	8.517750787701742
0.100299	110.17981593587933	8.635185001185736
0.100598	92.92369203205965	8.593312509210003
0.100896	117.26766195190805	8.578273709859786
0.101195	102.06724243281457	8.57646421410186
0.101493	86.64619575671821	8.486907262854716
0.101792	109.3233153229599	8.583143094952531
0.10209	91.43742630834453	8.558179767659022
0.102388	94.46120763790589	8.465007603944713
0.102687	98.86121357850044	8.514373652065968
0.102985	86.07975549269156	8.458737644998182
0.103284	104.2411416313061	8.525282024082163
0.103582	97.29630928807182	8.445051239121344
0.103881	102.52233644507328	8.465715842963773
0.104179	89.85065186232958	8.493612355377582
0.104477	98.4483990570493	8.436087209346733
0.104776	99.43231192833508	8.44495734922599
0.105074	101.80155803866143	8.377183691666234
0.105373	103.4871546440354	8.451982868391159
0.105671	103.67862017916053	8.379663486349147
0.105969	87.87182168788235	8.42066316613949
0.106268	92.67843036303589	8.390456988328092
0.106566	103.70164601602937	8.320328198322741
0.106865	89.63496124469458	8.370957630552308
0.107163	85.4558406412059	8.349563522891314
0.107462	94.325389438944	8.344622838757767
0.10776	102.75952296086729	8.32381023998645
0.108058	102.93575935879318	8.327377571829262
0.108357	90.92887637906557	8.338031979869537
0.108655	91.98458000942907	8.243161795920857
0.108954	82.55719330504377	8.284790928433306
0.109252	82.28694285714397	8.288642677313945
0.109551	84.69592842998622	8.287122515302087
0.109849	92.27830070721268	8.282792755237987
0.110147	78.95228929750203	8.165407983628247
0.110446	85.03149995285213	8.241095484888508
0.110744	78.6309421027812	8.203268525565248
0.111043	79.71767732201727	8.209720369662698
0.111341	100.74391956624169	8.26071171191878
0.111639	96.20127128712795	8.150882408169748
0.111938	88.95175577557723	8.211791905524956
0.112236	83.32313069306991	8.149457479741917
0.112535	88.4462093352198	8.18202209701314
0.112833	99.56114889203235	8.15257272400255
0.113132	82.33033088165996	8.133691565264114
0.11343	92.67083290900416	8.225569428015016
0.113728	83.70605657708552	8.065497978603773
0.114027	84.16015709571013	8.137872326775966
0.114325	84.0737105139101	8.105835657943421
0.114624	82.94073719943412	8.098351758582673
0.114922	69.82465902875902	8.113184631262575
0.115221	80.72261753889762	8.024709115089937
0.115519	88.81263460631772	8.086725719219531
0.115817	80.6861777463476	8.093225636625132
0.116116	68.98588316831734	7.995898840092456
0.116414	89.6670970297032	8.076473656217262
0.116713	78.04053201320272	8.033381091198518
0.117011	87.20446789250275	8.066490350839445
0.117309	82.53741471004219	8.01092381192587
0.117608	61.73732993870743	7.9356331171835635
0.117906	63.45987053276758	7.987914950246177
0.118205	87.81628401697276	7.999692465642085
0.118503	77.53218510136747	8.014555613473172
0.118802	80.92984582743952	7.956772489792934
0.1191	64.47616614804332	7.930059019626212
0.119398	64.67964875058925	7.927108078778193
0.119697	61.959647524752484	7.929316154447071
0.119995	81.25486449787701	7.957579840029361
0.120294	60.359419896274176	7.883858484385154
0.120592	61.88141942479888	7.8920857730519645
0.120891	76.70865337105084	7.929978306890976
0.121189	63.014279396510915	7.875493649845131
0.121487	81.70659132484587	7.872547294353308
0.121786	72.08766883545479	7.871109219957059
0.122084	73.93230447901999	7.9107031576374
0.122383	71.77001357850145	7.861710002281741
0.122681	79.3914510136733	7.853437174824213
0.122979	70.70815332390396	7.822952281267773
0.123278	63.0993235266385	7.871457830473124
0.123576	78.06109684111192	7.892444816312743
0.123875	66.08078491277695	7.779046730856801
0.124173	69.34531786892961	7.823436040597064
0.124472	59.396747100423966	7.780368828445374
0.12477	72.74211956624299	7.808407646201026
0.125068	66.6472017916081	7.77548088792614
0.125367	66.8461819896271	7.732241495585612
0.125665	57.63700707213559	7.81507280363114
0.125964	72.03992890146111	7.771826871372369
0.126262	77.68140999528498	7.81189944025194
0.126561	75.02568335690711	7.735581025372235
0.126859	87.09628241395592	7.7329690342084065
0.127157	67.26220999528522	7.988737351558562
0.127456	70.41169618104647	8.038280339739595
0.127754	53.43388439415378	8.21900975660739
0.128053	76.83690561056068	8.223137943847119
0.128351	68.13482781706767	8.355283595267117
0.128649	42.944147194719164	8.356491432314662
0.128948	76.73599669966961	8.31913660532652
0.129246	69.05074153701037	8.211110268823056
0.129545	62.59322225365452	8.035298404114622
0.129843	58.91524082979771	8.054528511375905
0.130142	67.17828194247886	7.921720840192576
0.13044	63.41863206034844	7.932483182001432
0.130738	57.65953946251784	8.063875538068892
0.131037	63.59191419141837	7.896345805094526
0.131335	52.22904714757192	7.957817301291623
0.131634	66.47955473833036	7.8791740636373895
0.131932	57.22766525223932	7.857790763226915
0.132231	71.09466817538987	7.922519526766264
0.132529	59.64678604431924	7.799341131641773
0.132827	64.84880688354508	7.822734628658061
0.133126	61.57773833097593	7.798177032131451
0.133424	58.15774285714269	7.853801668252719
0.133723	62.758611975482665	7.787206126580095
0.134021	65.77093399340072	7.746606695663544
0.134319	65.82931268269704	7.748021283436685
0.134618	49.046806600660204	7.658317411658353
0.134916	64.45962347949063	7.716039991783031
0.135215	50.96331155115479	7.67084295700966
0.135513	74.5162450730777	7.593042887676518
0.135812	72.23412220650602	7.663598922979146
0.13611	57.05960301744483	7.582977276060882
0.136408	59.67065242809923	7.581336184698121
0.136707	65.62786459217278	7.552247851869522
0.137005	60.40095700141478	7.597941521425808
0.137304	58.48687024988351	7.590108934780449
0.137602	50.53951107967947	7.5379271113137385
0.137901	61.38005110796797	7.559961368672129
0.138199	58.369971522865	7.492429346629624
0.138497	54.1043653936822	7.543277455608965
0.138796	63.134464875058995	7.535023133815493
0.139094	51.08903771805757	7.503911451199196
0.139393	52.093493069307044	7.490882091948872
0.139691	64.10437340876939	7.471268439732949
0.139989	52.34821178689231	7.522432219190929
0.140288	60.05738915605775	7.443729430589327
0.140586	55.00738198962722	7.4680498001431515
0.140885	41.57578576143379	7.4916568748416665
0.141183	45.55972824139445	7.403635109885805
0.141482	47.49935124941146	7.459751598016618
0.14178	55.33519113625687	7.400987255765169
0.142078	50.032811504007384	7.433339495141675
0.142377	50.33979707685006	7.42249522599058
0.142675	51.56225940594055	7.447598363705682
0.142974	49.84707835926457	7.428159266644652
0.143272	54.04659264497809	7.381722368168236
0.143571	60.14778198962745	7.601570428542351
0.143869	51.31084422442257	7.691532131793359
0.144167	49.13315124941079	7.780174802660104
0.144466	52.30067656765726	7.900344934202279
0.144764	56.36392682696737	7.903755098111832
0.145063	51.57161489863256	8.026430712919616
0.145361	46.367271381423905	7.9818231060646845
0.145659	43.871703158887385	8.001308833855562
0.145958	53.37883281470994	8.075254156334287
0.146256	58.9843078736439	8.050827970233195
0.146555	55.542144931634425	8.130211937155611
0.146853	50.126383686939846	7.998942300152984
0.147152	46.803104384723895	8.156259668771211
0.14745	57.92463724658148	8.12948068129308
0.147748	44.046184818481606	8.134299945711266
0.148047	60.20659075907588	8.218861633556688
0.148345	43.08666157472999	8.089243997629493
0.148644	45.68261829325763	8.054053606198396
0.148942	41.51079519094736	7.762881905994229
0.149241	57.97320895803807	7.7216090097109475
0.149539	57.74710504478975	7.683757624862576
0.149837	63.90214559170289	7.608223509970395
0.150136	47.28427260726107	7.586679811414073
0.150434	46.03329250353511	7.496573292435071
0.150733	43.60314992927698	7.4720297429349305
0.151031	47.97100066006635	7.5170459356627815
0.151329	39.91398764733589	7.435638417881023
0.151628	45.54551164544989	7.43977056606103
0.151926	42.17657538896759	7.350090196089249
0.152225	55.64209910419578	7.41318697355171
0.152523	50.71981442715696	7.4027450632083935
0.152822	38.81147355021227	7.366316398563716
0.15312	50.09966016030205	7.348083228551847
0.153418	59.58106270627013	7.332483599202851
0.153717	53.55983611503973	7.407351525055445
0.154015	45.79028411126842	7.325064654311417
0.154314	35.31222310230959	7.326224124968402
0.154612	49.248305610561545	7.345257046022466
0.154911	52.68553333333273	7.3713324348966704
0.155209	53.868096746817855	7.367807708519743
0.155507	43.14000056577072	7.294632676533617
0.155806	46.0158981612426	7.326812541568114
0.156104	36.68543149457804	7.283582473254197
0.156403	38.29452607260748	7.286159098312499
0.156701	39.58642404526216	7.271542380867814
0.156999	41.638591984913944	7.201596594944731
0.157298	41.69590938236695	7.311677708852081
0.157596	38.1520129184355	7.230658333970414
0.157895	31.11163215464387	7.249657322905605
0.158193	45.56648967468277	7.204620570547582
0.158492	45.42779019330396	7.203471687861395
0.15879	43.540368599716714	7.2636492663501295
0.159088	39.492373880245566	7.154936424408557
0.159387	29.08443866100896	7.215861658392962
0.159685	27.06534983498358	7.166883662516793
0.159984	36.09781452145285	7.182846634209087
0.160282	42.826457614333435	7.2207684934925345
0.160581	33.54667298444042	7.093656752747535
0.160879	44.878728335690994	7.208078260753508
0.161177	52.49837868929802	7.135284085090737
0.161476	41.24207713342855	7.162043857837882
0.161774	41.7304051862331	7.173920510935713
0.162073	47.02337416312986	7.080222910369197
0.162371	33.531103253182266	7.174449490227005
0.162669	48.21341452145134	7.0958053733421975
0.162968	47.18423903818973	7.121164823114602
0.163266	45.632033380480834	7.076644755247789
0.163565	43.37118359264423	7.103196629189075
0.163863	36.02676501650194	7.128759871479776
0.164162	44.76660386610121	7.028498891157512
0.16446	48.157149174917606	7.108019280876393
0.164758	46.45387779349335	7.053898737667267
0.165057	40.90724384724268	7.072899600973867
0.165355	41.111351532296396	7.088556070788687
0.165654	48.08171438000983	7.015976327009977
0.165952	46.267673550212294	7.05406449617019
0.166251	35.62109306930694	7.023835773076242
0.166549	42.122730787363025	7.058339228801126
0.166847	43.20565176803484	7.035991336217592
0.167146	44.340141442716	7.0015510203920295
0.167444	39.35199566242346	7.0518243739566895
0.167743	37.17483800094186	6.982049150494211
0.168041	40.87376416784565	6.995453523619316
0.168339	46.422114191419155	6.990688800226051
0.168638	43.02899387081567	6.9795223366150685
0.168936	32.40382404526201	7.030042655138249
0.169235	38.591639981140986	6.922468973933219
0.169533	42.485597831210384	6.958313845735507
0.169832	32.8249835926448	6.9418757514708815
0.17013	39.06600641206893	6.990515804755244
0.170428	42.11432013201403	6.96062459490436
0.170727	35.64480462046248	6.895928417607306
0.171025	45.12417369165462	6.950617597700619
0.171324	38.84230994813748	6.902726523017383
0.171622	41.980067232437364	6.947577143084995
0.171921	40.56888844884497	6.895439447735918
0.172219	29.83638632720414	6.882380740637451
0.172517	30.830270909949036	6.925374819428606
0.172816	31.72149674681748	6.8859155132074035
0.173114	39.14995511551126	6.909275937232033
0.173413	36.38456501650097	6.8393804143584696
0.173711	42.003781989627385	6.881739173302114
0.174009	33.24416991984975	6.923350794565461
0.174308	51.011545497406416	6.82354826076351
0.174606	30.70141753889601	6.881188731455984
0.174905	44.86191183404088	6.829016825311641
0.175203	42.20971777463461	6.867857012103949
0.175502	43.20499123055072	6.839994243526312
0.1758	34.86653059877426	6.829640562388974
0.176098	40.57285591702055	6.848976528818719
0.176397	48.59851881188064	6.82104317601379
0.176695	23.66481282413929	6.828071774139531
0.176994	34.088458274397624	6.790986419638899
0.177292	41.91565667138207	6.821139032511907
0.177591	34.605532390382336	6.820114942471113
0.177889	31.726917868930684	6.769538324496226
0.178187	29.17147326732703	6.784804370682903
0.178486	35.12046317774747	6.7831401219961265
0.178784	43.524067515323	6.789727198418008
0.179083	28.59135596416735	6.773934716057228
0.179381	26.35565101367149	6.786795454954292
0.179679	30.038653276756975	6.735376475582397
0.179978	31.4928308345128	6.777642113374437
0.180276	44.629490429042846	6.758205091947347
0.180575	31.54462131070204	6.759225646455499
0.180873	21.638439981141175	6.701810801130535
0.181172	42.70138434700527	6.76072956970287
0.18147	30.81470438472337	6.704532750298179
0.181768	25.12808052805184	6.7214303848443
0.182067	31.490872041491116	6.747883958380008
0.182365	37.40438472418731	6.6835977368714445
0.182664	39.61801244695863	6.732042388892401
0.182962	37.708049787836444	6.717667305582685
0.183261	40.79848514851534	6.728576351088675
0.183559	30.83845271098454	6.643513065869248
0.183857	28.314834889202416	6.698895997636061
0.184156	32.76968081093827	6.687318886970064
0.184454	32.38218859028734	6.691921496379248
0.184753	31.085199245639217	6.69595579221863
0.185051	26.038716171616727	6.63217477385985
0.185349	20.89593851956721	6.675482706339537
0.185648	38.829265723715025	6.633808807809637
0.185946	31.205338613862068	6.678963217181333
0.186245	38.125129844413266	6.667043433740764
0.186543	30.81175813295573	6.607688820193865
0.186842	29.962895049504255	6.680336438575245
0.18714	26.95383168316738	6.587623284106494
0.187438	34.66191513437053	6.633493449153826
0.187737	28.897426402639894	6.629363733816403
0.188035	42.31885789721787	6.614200700275955
0.188334	42.071853748232115	6.682897646913961
0.188632	24.912274964639778	6.548826764201689
0.188931	28.855238000941767	6.617239254498263
0.189229	41.77126713814232	6.641357729161003
0.189527	22.185226308344	6.565366230140162
0.189826	31.868968222536864	6.5891204042687015
0.190124	22.096677416312218	6.5527710289458465
0.190423	36.41077652050939	6.623316672390938
0.190721	32.13709910419652	6.551197788392792
0.191019	29.032027534181566	6.559760788334328
0.191318	29.2451223950971	6.584653711974568
0.191616	48.971171334277415	6.546670224596225
0.191915	25.7742362093353	6.571165775549254
0.192213	30.638736539367244	6.509903707991102
0.192512	19.953208863742873	6.522731597007074
0.19281	34.9340457331445	6.514943515455468
0.193108	31.877905987741997	6.506082278613054
0.193407	29.184037623761867	6.522836056186367
0.193705	36.96839924563989	6.4707449175697365
0.194004	36.02053333333288	6.515793681600888
0.194302	33.942439509663984	6.530652535319428
0.194601	28.797619896274398	6.467290347916393
0.194899	34.53152833568993	6.5030772522623845
0.195197	23.89364526166787	6.442875325651601
0.195496	39.661176897690495	6.513470083817864
0.195794	40.59438293257898	6.4682993536227205
0.196093	39.22917746346059	6.473363663819339
0.196391	34.66606148043269	6.506495640448469
0.196689	42.80969938708296	6.492646561526051
0.196988	37.60830127298419	6.515755552547564
0.197286	41.06716595945329	6.436695992838066
0.197585	21.901296746817707	6.445399258109495
0.197883	15.914217067421532	6.462814142986426
0.198182	34.52440980669394	6.487655597891976
0.19848	36.38339641678499	6.469060856861787
0.198778	35.138267515323776	6.430725269399257
0.199077	25.411962470531932	6.440232084720425
0.199375	45.096743611503314	6.461166278703981
0.199674	15.832110891087723	6.439528354949639
0.199972	40.30641093823618	6.417389102340029
0.200271	35.280034134841856	6.447798718554952
0.200569	22.41214342291471	6.445215861520431
0.200867	28.757730598774174	6.384935528574714
0.201166	34.520141159829905	6.4239846236697264
0.201464	36.98871390853469	6.401728928241296
0.201763	23.51359453088122	6.423616140107605
0.202061	29.51922753418245	6.408190311546511
0.202359	24.928385950024108	6.368352695741097
0.202658	20.680295049505162	6.379354050401311
0.202956	24.516241867044357	6.370173319728516
0.203255	29.38057586044266	6.406182225251498
0.203553	26.770372842998142	6.377989216321923
0.203852	22.968230268740797	6.338935870516305
0.20415	31.559068081093642	6.408005458247159
0.204448	37.993805469117206	6.362943039266775
0.204747	21.601757095710354	6.320103372995003
0.205045	28.585553512494357	6.362352931117103
0.205344	31.751449787835497	6.342014437221042
0.205642	20.261449976426036	6.365476209540497
0.205941	34.79269118340483	6.337963336910436
0.206239	33.13510683639777	6.350978882346139
0.206537	35.10541404997696	6.358687791018461
0.206836	29.992598962752766	6.434021518506432
0.207134	27.13592484677065	6.573032619978884
0.207433	33.6616227251298	6.605298794999164
0.207731	33.64485752003645	6.6935409934665655
0.208029	24.002758415840333	6.723323022574825
0.208328	23.90541546440403	6.740953022354051
0.208626	25.556780009429758	6.765428318935251
0.208925	30.275561716172774	6.754332305337105
0.209223	27.263546723245042	6.795403323348691
0.209522	26.00227798208465	6.825963550842182
0.20982	31.10214493163653	6.805114263028399
0.210118	23.26674134842051	6.798943764877368
0.210417	18.684286374352155	6.850631828707996
0.210715	32.2123660537477	6.89280730842412
0.211014	37.722062140499304	6.8674440990618475
0.211312	31.923904384723016	6.888551049583604
0.211611	41.385431023101376	6.909543186787906
0.211909	20.41184724186678	6.75222545076196
0.212207	15.166488826026239	6.640310464671747
0.212506	26.393008392267063	6.559636737538071
0.212804	16.189023668080438	6.516722699395042
0.213103	31.527803111739274	6.488141193911815
0.213401	50.88660386610144	6.529183074623686
0.213699	19.36710410183906	6.43522462237452
0.213998	28.161358604431257	6.443967569286042
0.214296	24.68908854313952	6.465940328896375
0.214595	30.568839981141025	6.434284766121773
0.214893	37.62418208392262	6.438518542649182
0.215192	21.597198774163644	6.366272055343927
0.21549	21.777280245167674	6.417488514658942
0.215788	37.353944082978785	6.443260697040913
0.216087	38.578568411126355	6.358839924851354
0.216385	28.580083168317287	6.388256388838527
0.216684	44.22232663837718	6.351923105915789
0.216982	25.32787345591771	6.370471941195525
0.217281	22.84868335690618	6.357331916568696
0.217579	25.1486526166903	6.3244103334443
0.217877	25.05625110796842	6.353961154759304
0.218176	39.65303941537002	6.33237170931236
0.218474	23.250365110796167	6.340418165836197
0.218773	22.18769872701472	6.299147007878813
0.219071	20.45162923149462	6.295856990989267
0.219369	21.48298613861357	6.3314047874109445
0.219668	14.205438000942934	6.258657145244799
0.219966	39.484088920318925	6.314266056292715
0.220265	20.13759311645373	6.2537643547935176
0.220563	27.45318302687423	6.300901870802232
0.220862	20.428739651108287	6.299788319347347
0.22116	25.48174210278205	6.2083166549440065
0.221458	26.867620933522574	6.27915834669091
0.221757	30.45471673738774	6.236086017791554
0.222055	31.867376049033567	6.299488187042791
0.222354	28.715264875058608	6.244259936367939
0.222652	21.346894012258986	6.219792340523
0.222951	29.43657057991487	6.243755664273314
0.223249	25.22503668081015	6.217611390066377
0.223547	25.449302876002093	6.249305355729704
0.223846	29.608676001884362	6.175607620986393
0.224144	19.1060555398397	6.21012999979548
0.224443	24.089434606318036	6.243667520067229
0.224741	25.726767185290385	6.176601786373571
0.225039	30.732155398396515	6.2272332525748215
0.225338	16.876761433285594	6.168878820771675
0.225636	36.500529750118176	6.2013714377183184
0.225935	23.01710740216805	6.191913057363559
0.226233	24.155908439416578	6.171778034293226
0.226532	39.30098745874574	6.1974936076295855
0.22683	34.931575766146636	6.160502265067067
0.227128	26.663148797736653	6.191413473275662
0.227427	17.434877604903534	6.126579176453101
0.227725	23.940626025459153	6.143744520439078
0.228024	30.65774832626147	6.196859124495746
0.228322	25.595637718056707	6.127756382504823
0.228621	23.83753880245223	6.1684452658979785
0.228919	34.51887213578516	6.1153053539005935
0.229217	20.890758510136322	6.116314206784179
0.229516	19.704886940123174	6.151567430656381
0.229814	28.93048807166423	6.1172816266916055
0.230113	21.926974068834966	6.12027265561858
0.230411	32.840392173502835	6.100830611134058
0.230709	26.97940961810474	6.146048054086409
0.231008	36.31173173031584	6.12658134819924
0.231306	29.204903724657072	6.088854124013933
0.231605	20.438006223478737	6.113674562769131
0.231903	19.473018576142067	6.061467569772384
0.232202	34.47423658651644	6.117088206410798
0.2325	26.440005469117693	6.069656284976004
0.232798	22.961242149929717	6.083877745666507
0.233097	19.100709099481605	6.086761746564782
0.233395	19.211093352192563	6.048851375182538
0.233694	5.3609740688361285	6.083242906802231
0.233992	20.02709184346969	6.021804226253562
0.234291	22.130324280998934	6.06629142461558
0.234589	19.88288467703825	6.0644269420507175
0.234887	24.914405657708585	6.031631838881431
0.235186	23.560089674681137	6.084043918445889
0.235484	22.868178689297736	6.025936658326508
0.235783	17.66850155586951	6.047743622079027
0.236081	25.451998962753066	6.030769662181681
0.236379	19.9387780292318	6.0155655768792595
0.236678	12.566172182931723	6.054452143810861
0.236976	21.452698444129794	5.983696955059051
0.237275	28.57111758604475	6.05894376214656
0.237573	17.430367090995276	5.9848198640077035
0.237872	32.22759302215792	6.016526468031207
0.23817	16.86487053276778	6.029240839961654
0.238468	24.9033137199433	5.994581052180752
0.238767	36.13873371051227	6.015115867768111
0.239065	20.92707628477058	5.964630993691273
0.239364	18.562855256953128	5.990986977891773
0.239662	25.043712399811113	6.004653443721351
0.239961	26.504780763790166	6.00977454982524
0.240259	22.828732107496705	5.983237723884743
0.240557	28.952205186233755	5.966962416987251
0.240856	14.084695238094298	5.976538514396173
0.241154	30.003110796793635	5.983278486535242
0.241453	14.716346063177639	5.953914892122941
0.241751	22.712876379066813	5.9657925945205434
0.24205	26.88923243753038	5.973327563115279
0.242348	19.85140094295076	5.964676330806668
0.242646	20.535266195191753	5.918016571030701
0.242945	16.86003243752964	5.945956217486784
0.243243	18.03109655822766	5.913104837151572
0.243542	27.759953701084328	5.95570830751624
0.24384	16.5481802923145	5.907647293864775
0.244138	12.944038095237715	5.864481660605011
0.244437	19.43758576143381	5.928167834921002
0.244735	22.017980575201648	5.905482206653687
0.245034	17.999335785007986	5.906117733749575
0.245332	23.840575860444062	5.898815663384963
0.245631	31.03571664309328	5.890626974221998
0.245929	16.470132956152383	5.907289777210874
0.246227	27.90201546440329	5.8800855005335775
0.246526	11.598233003300038	5.896266586749301
0.246824	24.770138048089905	5.877855259173572
0.247123	18.70399528524274	5.867042908483091
0.247421	17.313367656765024	5.939972751390018
0.24772	22.83982291372041	5.842359017940422
0.248018	25.945061480433935	5.899858541779441
0.248316	18.34400942951447	5.8702046333496725
0.248615	23.88255134370553	5.880368460140376
0.248913	22.25702102781611	5.914313233340955
0.249212	16.671686940122186	5.822546512794608
0.24951	22.10908486562971	5.880145571507674
0.249808	16.506176803394794	5.853548509895368
0.250107	32.485196793964235	5.875002476705774
0.250405	19.798544554454907	5.863693159712
0.250704	23.50609750117826	5.836044779990544
0.251002	26.488275907589696	5.8779548232269665
0.251301	21.426811032532385	5.828770573262718
0.251599	30.619993587929457	5.84911261736993
0.251897	21.408262234793654	5.843175793862748
0.252196	24.613290240452272	5.836259417016063
0.252494	23.020547006129846	5.876031155071483
0.252793	30.347742385667402	5.814272263870011
0.253091	25.863042904290978	5.819001389710512
0.25339	28.835528712871792	5.815636115400319
0.253688	19.517362659123023	5.8338203268113995
0.253986	25.20978048090484	5.8427708144046555
0.254285	7.329265252239452	5.759760605092382
0.254583	18.397807072135777	5.821931082810227
0.254882	25.01167939651026	5.806913682488437
0.25518	16.74973144743035	5.803039974831414
0.255478	22.42877293729265	5.800739474318075
0.255777	16.171544931636106	5.781206759833003
0.256075	18.3439874587458	5.808791152222174
0.256374	25.06462687411414	5.7894662305169975
0.256672	16.429808392268512	5.789813835097003
0.256971	24.915312116925463	5.784031422812062
0.257269	18.78190834511969	5.763564387005657
0.257567	22.698655445543636	5.826017664917256
0.257866	25.234550872230272	5.761695672669633
0.258164	11.827295709570365	5.752467660783403
0.258463	28.399623856672065	5.785147036196756
0.258761	9.679353889673905	5.756108705091888
0.25906	18.135844507309287	5.747596168595891
0.259358	25.43924545025874	5.747314945910967
0.259656	18.587656199905496	5.777760254707724
0.259955	12.381277699197994	5.764599188538476
0.260253	22.933996699671297	5.735923029572309
0.260552	19.94793031588813	5.744198189700169
0.26085	21.52145308816614	5.725478735296486
0.261148	19.533647996228467	5.766223779594773
0.261447	33.238316360207136	5.76017988466454
0.261745	19.920020462047034	5.72955008399493
0.262044	13.225611975483673	5.702543056257782
0.262342	24.27006713814194	5.7449215797951485
0.262641	22.169862894860444	5.734426158764804
0.262939	19.228126072606813	5.710665728393729
0.263237	12.512653748231628	5.704665596233931
0.263536	11.55959132484611	5.68259112493032
0.263834	42.583574446015575	5.7818792853486825
0.264133	28.30781829325815	5.700217535268855
0.264431	22.125557378594465	5.689000010031875
0.26473	21.77403686940096	5.733263379929574
0.265028	13.44615747288941	5.67271236134132
0.265326	18.9077949080621	5.705377225393385
0.265625	18.27885223951	5.662049302490705
0.265923	20.30000556341406	5.693181337556696
0.266222	18.221381046676015	5.713028049757084
0.26652	19.666996416784457	5.651861700997247
0.266818	19.257531164542456	5.7029723751160235
0.267117	19.679163036304317	5.652623811074186
0.267415	15.407063649222437	5.678808738036554
0.267714	13.894369071193466	5.689099590906361
0.268012	17.603182649692428	5.636063591738335
0.268311	16.50916049033441	5.660600717734918
0.268609	6.53148071664333	5.634923108094517
0.268907	17.17689618104714	5.682270245898455
0.269206	16.093034700613487	5.648546370951802
0.269504	18.555226968410636	5.633154430859194
0.269803	23.504453842527653	5.680694077056453
0.270101	16.979239226779725	5.727235567603373
0.2704	14.412639132484628	5.834915038071245
0.270698	18.324065252239166	5.870527308730884
0.270996	23.972636209335292	5.932455718960297
0.271295	20.881693729373012	5.975143629386165
0.271593	25.261292597831186	5.966185579678923
0.271892	13.191556718529114	5.977457080031572
0.27219	18.425850636492385	5.962123854539259
0.272488	21.620756152757394	6.017074542641349
0.272787	24.195398868459392	6.033419070010684
0.273085	12.530568599716787	6.030154120409474
0.273384	18.413837529466264	6.058663911238168
0.273682	25.166512965582513	6.054792936033736
0.273981	9.91207392739284	6.100578285703263
0.274279	14.378060820367011	6.0267459209471586
0.274577	26.14947637906681	6.231648372047108
0.274876	21.736807166430765	6.4046093301689035
0.275174	22.690553889674163	6.360955846506965
0.275473	15.479698915606264	6.5061037276966225
0.275771	11.58432343234324	6.474043816631011
0.27607	12.356642998585414	6.647832209617752
0.276368	16.79995700141461	6.678266449095485
0.276666	24.209578217821957	6.709721773184635
0.276965	14.31144526166861	6.8112029230005255
0.277263	20.02566958981504	6.780071087896871
0.277562	16.724175766148335	6.960643659175764
0.27786	16.9479572843008	6.917729497518455
0.278158	17.19200782649807	6.92104933803945
0.278457	13.540491466288245	7.02478038334759
0.278755	23.870688543140375	6.972441134009209
0.279054	14.739064309287073	7.097390328493111
0.279352	29.98830381895374	7.045542349582998
0.279651	11.678692786421152	7.088337672364244
0.279949	28.19076171617013	7.160125811872126
0.280247	13.425476190475933	7.132239461041983
0.280546	27.616433191890906	7.23043165969554
0.280844	19.91665893446509	7.152146881519585
0.281143	0.6122345120223827	7.233679306465552
0.281441	16.795528618575872	7.273621450500479
0.28174	27.50296492220656	7.275242010809775
0.282038	31.863938613862217	7.379559690999437
0.282336	22.79498745874548	7.285160751344385
0.282635	11.460068929750662	7.375814079820363
0.282933	16.799394813767208	7.372402355201268
0.283232	27.659511834040416	7.426865692067159
0.28353	17.715702781707137	7.4890395232304305
0.283828	26.731142102781575	7.41890018966396
0.284127	30.9485030645925	7.591674575075114
0.284425	20.323081282413966	7.429955310653416
0.284724	24.48887571900059	7.539556873175633
0.285022	29.82867553041018	7.6141919148976545
0.285321	4.27640575200428	7.567895767554598
0.285619	18.777031117396632	7.613970780795939
0.285917	21.025395851013116	7.586685266380159
0.286216	27.743896935407975	7.667013809509112
0.286514	17.807603866101545	7.633419067885856
0.286813	18.324377746346272	7.661533948775329
0.287111	16.180340499763872	7.684096342545858
0.28741	30.669940405468594	7.630594337144006
0.287708	23.134258840168513	7.719939755477673
0.288006	26.544391513437517	7.732444426968133
0.288305	9.423725318245886	7.716074600795397
0.288603	13.406213672795673	7.767160421143055
0.288902	6.377490240453199	7.791852781710139
0.2892	32.35204639321012	7.8365129500079735
0.289498	19.520129938708237	7.794224400364542
0.289797	30.26435294672183	7.859929248708416
0.290095	9.429322489392007	7.870779298007999
0.290394	32.76268015087254	7.935105666084267
0.290692	8.098306930692729	7.9096800409853945
0.290991	22.625671192834886	7.918011874346121
0.291289	3.2073316360205695	7.95422702912121
0.291587	19.01001027817017	8.006537696071407
0.291886	24.53098811881148	8.019348081167326
0.292184	32.79157897218283	8.028361302004797
0.292483	9.217114851485064	8.075281532335278
0.292781	14.170808203678575	8.099132005307833
0.29308	11.961665629418974	8.068552931034091
0.293378	18.019475813295287	8.121330501920784
0.293676	15.796659311646124	8.124128503360525
0.293975	15.952911173973803	8.220712698348871
0.294273	19.193768599717203	8.214834326073493
0.294572	20.36809580386688	8.18409982650842
0.29487	32.96342545968912	8.256895541820285
0.295168	23.1533442715687	8.288807801078757
0.295467	21.8239114568604	8.304521233528334
0.295765	24.59953295615179	8.339344198569307
0.296064	17.477886940122858	8.251037755152206
0.296362	26.763092880716783	8.425426309002265
0.296661	23.89631673738762	8.393178113707108
0.296959	21.71837199434208	8.407678632211603
0.297257	6.776638189533344	8.40670303089735
0.297556	23.833488165959977	8.394300101584633
0.297854	23.7452536539368	8.581489269847406
0.298153	12.013206223478221	8.433001070861604
0.298451	26.825327392739666	8.493761730996724
0.29875	16.61054389438931	8.503060142169026
0.299048	12.702579820839048	8.550582850077346
0.299346	12.382940028288658	8.593193056541494
0.299645	16.634087600188536	8.51184876708727
0.299943	31.68686544082931	8.589093775877434
0.300242	31.842948797736597	8.654296755263747
0.30054	17.779385667138285	8.679570927629923
0.300838	22.603045073078363	8.6421324275365
0.301137	17.059507402168776	8.64369358959063
0.301435	6.311923338048189	8.743886930008978
0.301734	34.490640452617356	8.718115576481546
0.302032	15.944701178689513	8.76787292804216
0.302331	10.805029325790656	8.751547001462148
0.302629	22.37425638849544	8.805167230488284
0.302927	22.143633663365847	8.936093715714227
0.303226	13.331324752474814	8.725672986434734
0.303524	13.699730410183406	8.900709344258807
0.303823	10.585100235737741	8.858911766153616
0.304121	27.50089344648785	8.960179617062018
0.30442	26.58423526638444	9.036730760907798
0.304718	22.31225280528122	8.855531565487732
0.305016	14.701899104196912	9.064144606248274
0.305315	21.996689108910914	8.980233121377307
0.305613	1.166821499291757	9.107680667124503
0.305912	24.935700707213755	9.006339896674453
0.30621	19.405061574728393	9.07728533442742
0.306508	24.28201442715647	9.238325571398736
0.306807	11.894577746345192	9.04398979923737
0.307105	10.874914568599934	9.210574833329023
0.307404	19.589005940594006	9.126072591060652
0.307702	4.581911173974618	9.197646212228728
0.308001	21.898109853842413	9.393382201425544
0.308299	0.2648500707209678	9.183398624893654
0.308597	9.321968316830294	9.346434106443626
0.308896	10.990470438472926	9.234502855434709
0.309194	24.414463177745915	9.371438803107687
0.309493	10.745505327674607	9.372910567590719
0.309791	14.040047241867342	9.332532584795484
0.31009	5.751029042904463	9.48582983597737
0.310388	5.463081848184572	9.296695616139184
0.310686	0.527069212635638	9.416724332576814
0.310985	20.079517586043778	9.36458901646736
0.311283	26.507962942007737	9.465999051452478
0.311582	23.982384912776524	9.562333334581346
0.31188	31.96945355964118	9.325633397675734
0.312178	6.49349853842466	9.49766478395971
0.312477	11.418709759546743	9.40095137408195
0.312775	1.3813272041485902	9.5075683763216
0.313074	16.942611032530976	9.642103502375383
0.313372	14.569525789723059	9.460027892019744
0.313671	29.873880716642418	9.671234332478697
0.313969	22.000910891089234	9.544227530632499
0.314267	19.817961433286087	9.669483084071006
0.314566	15.678366619519863	9.680674936608352
0.314864	9.586183309758951	9.65210603208765
0.315163	23.732225553983426	9.79136508269097
0.315461	27.012437906648472	9.664757876165668
0.31576	18.443122112211654	10.008960941265988
0.316058	22.958358321546086	9.802606158698573
0.316356	19.182686374351192	9.85282833262237
0.316655	14.078970202734524	9.956546613736974
0.316953	3.9337972654408304	9.744274865037399
0.317252	7.201847713342033	9.925669360913773
0.31755	9.598222347948422	9.890260497724416
0.317848	27.7611537953797	10.037882551900584
0.318147	20.236466760962344	10.009833143712644
0.318445	10.733217350306177	10.022664712632373
0.318744	20.315380103724863	10.09843723645093
0.319042	15.48093361621767	9.991973793806975
0.319341	13.9961612446956	10.179666397131847
0.319639	13.980924186705295	10.085721632126619
0.319937	25.52689627534164	10.271803001880102
0.320236	5.2070134842063	10.206371612651164
0.320534	9.709296086751635	10.130927839122492
0.320833	22.035619801980033	10.358896968720046
0.321131	14.800587647335988	10.169743944802278
0.32143	33.72021885902825	10.46609842373205
0.321728	13.751996322488651	10.377765834508567
0.322026	37.06328175388961	10.3426227841602
0.322325	8.390909099480837	10.567513913921658
0.322623	4.759581046675692	10.280753082038323
0.322922	19.651413295615043	10.616405099548938
0.32322	18.884151815181554	10.46227231730313
0.323518	-3.2901229608668814	10.49229832233548
0.323817	20.771990193303793	10.764977497603176
0.324115	10.383922300800634	10.379917904676738
0.324414	12.917155021216331	10.81303346184222
0.324712	17.058827911362187	10.564222780903393
0.325011	9.890182272512789	10.688932652369731
0.325309	38.777006129184315	10.993343846047816
0.325607	5.704330221594205	10.544929880912605
0.325906	12.21716614804393	10.94392269324639
0.326204	26.476287883074008	10.766856928595725
0.326503	44.18304733616196	10.930178722003227
0.326801	15.767696558227442	10.980845361539425
0.3271	17.274962093351007	10.89375240272469
0.327398	8.250938142385564	11.10576257851857
0.327696	0.04401763319179963	10.869821363020538
0.327995	7.909348609147457	11.08611718417597
0.328293	5.42853804808999	11.05616469845711
0.328592	14.759253653936923	11.079618152668612
0.32889	10.354252710985747	11.40706206524703
0.329188	27.49136878830825	11.04550225043395
0.329487	1.863530033002121	11.343789262254276
0.329785	11.41719113625669	11.107465206066127
0.330084	28.28687609618072	11.395592586053613
0.330382	14.951982461103341	11.454835580406655
0.330681	5.126419707684704	11.263299322867159
0.330979	22.06751636020698	11.57899949057736
0.331277	20.77611617161807	11.333367876747232
0.331576	21.39697350306477	11.555973721365614
0.331874	-3.908157944365769	11.576721589940213
0.332173	10.262892692125831	11.509543504661629
0.332471	5.907931447430599	11.776885544736167
0.33277	28.85026958981655	11.469299119860528
0.333068	6.494544743044628	11.766874064603075
0.333366	10.704230457332358	11.648383100701095
0.333665	43.092736539367706	11.850323061255615
0.333963	10.961730693069569	12.010149931940063
0.334262	21.25775143800098	11.666961052423945
0.33456	16.460142291371653	12.076513382788857
0.334858	13.48360641207023	11.755113090546356
0.335157	37.470381235266075	12.190748697505352
0.335455	21.23935709570958	12.025660703173738
0.335754	10.122607637906356	12.043613005600896
0.336052	22.45416916548919	12.35287509378707
0.336351	11.370837246581686	11.957485266416185
0.336649	15.610561338991431	12.36845832833777
0.336947	9.696595473832872	12.143450771259552
0.337246	14.333432720414123	12.388835450876218
0.337544	3.4465312588403663	12.583247623516385
0.337843	-3.11575662423337	12.053837609659439
0.338141	22.573372937293072	12.658286329637454
0.33844	13.289214427156253	12.286504950867352
0.338738	13.033421027817269	12.618938483053059
0.339036	1.7511851013674118	12.59295239978467
0.339335	15.018078925036207	12.526453738564081
0.339633	15.754008109382198	12.939014715235846
0.339932	14.62543583215421	12.590970840531782
0.34023	10.121150872229805	12.86527502564703
0.340528	-19.380055822725524	12.702895750594699
0.340827	-8.993279490806856	12.853260486370761
0.341125	26.35764016973127	13.214327188153796
0.341424	11.477514851485182	12.799922032952303
0.341722	13.948432909006385	13.168637561761818
0.342021	19.20733710513872	12.939226654678674
0.342319	5.940985855727661	13.238987151914756
0.342617	22.061257897218525	13.400112376438585
0.342916	58.36901989627563	13.157590129415993
0.343214	21.536414238566977	13.53516218083332
0.343513	9.151762376237684	13.087651625929112
0.343811	47.89842979726558	13.592515734647222
0.34411	14.139401037246273	13.282605794781688
0.344408	29.54206459217346	13.38692093172037
0.344706	6.158271947195146	13.564844378278824
0.345005	40.69561008958061	13.193206283247136
0.345303	-3.4642534653468715	13.54576636370954
0.345602	2.341294106553846	13.192066682511573
0.3459	12.30758717586042	13.45167151206546
0.346198	21.83465327675549	13.782340226550541
0.346497	-8.625238566713449	13.088354464364558
0.346795	21.397044695898444	13.722849879745574
0.347094	24.401897878359478	13.29292897835015
0.347392	10.150236963696386	13.681143198697985
0.347691	38.97874926921219	13.821191180349244
0.347989	44.56451673738769	13.708114615245169
0.348287	3.7726247996241113	14.015246755075747
0.348586	16.005001037245563	13.49100062951263
0.348884	22.759561904761085	14.138849123228571
0.349183	12.2784678925035	13.827066841746047
0.349481	15.775727204148211	14.097899307291327
0.34978	26.595323998113827	14.50462450961031
0.350078	-0.9430786421495441	13.616015362773094
0.350376	18.73151145685995	14.568590534578554
0.350675	2.901665535125346	13.989966887688706
0.350973	23.32108939179676	14.595954332740488
0.351272	27.782972937292527	14.61985586732154
0.35157	26.233296558226016	14.199236515495874
0.351868	22.789882979726315	14.984882719294374
0.352167	6.793005374823053	14.199700887789328
0.352465	-7.090500707214176	14.858391912696273
0.352764	39.57011456859959	14.698664504042796
0.353062	9.429755775577746	14.90095276275367
0.353361	-1.737718057520965	15.213499573101865
0.353659	30.697587270154543	14.650540659399919
0.353957	42.214971805752555	15.437155029814072
0.354256	5.713372182931948	14.959484493288633
0.354554	25.01649429514316	15.372712290811947
0.354853	16.852843375766895	15.777916072355767
0.355151	21.687843752946492	14.919753743781595
0.35545	30.569363413483757	15.828199729553297
0.355748	45.01984545025948	15.256601665202783
0.356046	13.387372465818146	15.962762510623573
0.356345	2.7662654408302956	15.788481696850097
0.356643	25.659250919376575	15.571374171956315
0.356942	10.443202357378425	16.48938433387861
0.35724	-8.899991607732431	15.345211929526819
0.357538	11.433326544083116	16.444406807461874
0.357837	-11.619368316831924	15.911330818474493
0.358135	7.843556247054266	16.287524110638834
0.358434	18.943414427156426	17.03212564579282
0.358732	1.5841871758601656	15.828811256662338
0.359031	34.19331570014208	17.165544017476474
0.359329	9.305125223951904	16.230948311480162
0.359627	8.801940311174405	16.895181081033037
0.359926	37.38976973125801	17.15491771942104
0.360224	28.191607166431538	16.821651880739093
0.360523	13.794088826025757	17.593405731932133
0.360821	-28.786477227722855	16.430374420909285
0.36112	4.838428760020008	17.655474106673257
0.361418	0.9396507307877755	17.21475023823524
0.361716	30.421525506836815	17.60653400137139
0.362015	3.5108548797728645	18.36029436573803
0.362313	14.659264969353956	17.019667750941732
0.362612	-3.5955980198016846	18.443969415706224
0.36291	21.46695172088613	17.68714063156969
0.363208	25.11031909476742	18.32716110354083
0.363507	53.6228937293734	19.04416674112651
0.363805	9.357775011786202	17.728754269480817
0.364104	29.583511268270115	19.337985441289977
0.364402	13.126624705327288	18.11060266333078
0.364701	30.971744177275582	19.215876387214067
0.364999	11.661413955680189	19.155206654205102
0.365297	22.316688543139946	18.83683786676586
0.365596	11.29347053276689	20.31509212611645
0.365894	14.415901084393283	18.489236357923772
0.366193	33.65774908062235	20.324939448357917
0.366491	10.63221857614252	19.249306329969894
0.36679	8.603013578500338	20.208776272297886
0.367088	11.535810655349792	21.13589235242629
0.367386	11.06210306459161	19.134165071097918
0.367685	-5.075548326261412	21.39780003057489
0.367983	-0.27893946251737134	19.733556516749328
0.368282	-28.015244790193776	21.196733280534552
0.36858	-3.1722262140490898	21.22388472204113
0.368878	49.929188778879166	20.931800051065427
0.369177	31.021839603961325	22.726527980217316
0.369475	38.37810334747701	20.597031060203832
0.369774	-4.023256388496179	22.75065088057034
0.370072	-15.737315983026576	21.56781309784858
0.370371	16.79061631305956	22.457799055058526
0.370669	16.033826968411233	24.09335791639755
0.370967	-36.88570627062688	21.238338105388685
0.371266	22.014802168788208	24.097134696319497
0.371564	-0.8410902404531839	22.64620393556841
0.371863	49.820450447901976	23.78785595073051
0.372161	22.1554835454981	25.329246566897062
0.37246	-2.812570297029424	22.64990148792186
0.372758	4.675375577557475	26.834657608924775
0.373056	30.416014804337124	23.08996438979225
0.373355	3.316702027344718	26.297213040518432
0.373653	-6.7174173503059365	25.202589305072664
0.373952	36.330349080621716	25.604415362841596
0.37425	20.43492503536129	29.079637072285557
0.374548	-10.597053182462446	23.685444968189774
0.374847	56.24697406883655	29.87439087200171
0.375145	10.743512494105971	25.68693056960186
0.375444	-9.281895143800227	29.08323189441385
0.375742	-54.68507015558828	31.057730306326306
0.376041	22.53926600660151	25.858881357514743
0.376339	5.459302593117172	31.73029539161423
0.376637	-15.308650825082282	27.297488594139313
0.376936	5.134589910419436	32.29317964151365
0.377234	22.902628854314173	30.465314295251076
0.377533	34.31872720414958	31.58806339537977
0.377831	-15.147741065536025	36.51541290569951
0.37813	44.24232475247521	29.70142753649646
0.378428	55.97779537953784	37.216564538111314
0.378726	14.695274398868321	32.48435752401737
0.379025	28.227684488448972	36.38065648978247
0.379323	-19.391556058462243	43.24945656549434
0.379622	35.613709759547305	32.24319027273775
0.37992	84.95125553983996	45.955411158917045
0.380218	-29.2545685054219	35.46846034186593
0.380517	7.758616690240103	45.508558476016205
0.380815	-64.61948675153195	43.089307313411105
0.381114	32.97180000000026	42.04505429552042
0.381412	89.77933767091031	56.216746357448166
0.381711	118.37651909476648	42.30902720908409
0.382009	-42.496157190005306	61.4687925641079
0.382307	52.49984780763697	49.997067561521646
0.382606	-156.3514747760496	59.05790595056746
0.382904	0.	0.
0.383203	41.556606694956315	57.550124883976835