0.00535214	2251.250076923081	248.45270331421034
0.00565114	2069.584384615384	200.58107656266097
0.00595014	1689.6072692307662	176.13445636643135
0.00624914	2161.1397692307764	133.87668606088428
0.00654814	1940.5906153846117	111.93830957734762
0.00684714	1677.682615384616	98.78295824041356
0.00714615	1699.9689230769254	93.87445461200113
0.00744515	1957.9885384615427	85.36038658462034
0.00774415	1757.0858076923087	76.66986626356653
0.00804315	1726.7115000000022	72.96862939707644
0.00834215	1735.8906923076938	65.92580169028923
0.00864115	1753.2068884615373	62.54028447601945
0.00894016	1755.3281307692323	57.336742994607455
0.00923916	1709.244403846155	54.345814765012406
0.00953816	1653.9405923076915	51.25682876963218
0.00983716	1759.9078615384587	46.925606858092756
0.0101362	1758.9389307692318	45.61815932677962
0.0104352	1716.314030769231	41.881078259771385
0.0107342	1683.8666192307696	40.45660180056466
0.0110332	1682.0696769230772	38.244783469734344
0.0113322	1679.9731499999996	36.63951861115159
0.0116312	1663.966696153846	34.68870058388357
0.0119302	1615.6041923076928	32.35188494865322
0.0122292	1649.0544807692304	31.737795902022654
0.0125282	1628.504538461538	30.266068012955245
0.0128272	1608.0508846153855	28.934356447330693
0.0131262	1605.8880000000008	28.05268802673376
0.0134252	1584.2419615384615	26.762080564927004
0.0137242	1578.5808923076925	26.1127749282226
0.0140232	1557.399507692309	24.725941813586555
0.0143222	1533.5067923076926	24.090749256489808
0.0146212	1544.3256923076924	23.43596586037353
0.0149202	1557.2165884615383	22.479102190971687
0.0152192	1516.3048038461538	22.066262916320518
0.0155182	1499.5036384615396	20.868496767402654
0.0158172	1493.5044000000003	20.745422264675305
0.0161162	1487.8326230769228	19.945845187062798
0.0164152	1447.8249230769234	19.477934333148248
0.0167142	1444.503173076924	19.332091068253945
0.0170132	1443.8444884615387	18.320116797222298
0.0173122	1469.5391076923079	18.52354401377444
0.0176112	1429.6842461538467	17.68260669089524
0.0179102	1414.3675961538463	17.312041309138216
0.0182092	1368.6745500000002	17.19142755575553
0.0185082	1375.4830615384612	16.502815274916568
0.0188072	1329.6458538461548	16.557945939614093
0.0191062	1290.074169230769	15.87811121168227
0.0194052	1328.488176923077	15.60925210147892
0.0197042	1293.9740307692305	15.491942233808135
0.0200032	1285.481769230769	15.064588278104436
0.0203022	1307.2177615384614	14.941565392607394
0.0206012	1251.0465692307685	14.631353596850097
0.0209002	1258.548669230769	14.377395723421532
0.0211992	1270.9529076923081	14.15516232749557
0.0214982	1204.8898384615388	13.941108454580917
0.0217972	1201.5047884615385	13.755849665519573
0.0220962	1175.1267230769238	13.461334229989973
0.0223952	1179.973880769231	13.440174544533402
0.0226942	1184.6547807692307	13.035010147191132
0.0229932	1162.451965384616	12.979364628482317
0.0232922	1129.665115384615	12.879308870111348
0.0235912	1122.2146719230768	12.601427777874386
0.0238902	1137.112478076923	12.566929465610297
0.0241892	1128.8681619230777	12.286722184767608
0.0244882	1079.4145050000004	12.181786356305786
0.0247872	1097.5718203846154	12.074401654448714
0.0250862	1077.8722269230768	11.985719390006537
0.0253852	1064.3299303846154	12.146726124902543
0.0256842	1066.3252915384614	12.078048093044139
0.0259832	1051.3891246153848	12.512362981440354
0.0262823	1029.4836323076925	12.545020236440873
0.0265813	1029.757753846154	12.638146166879064
0.0268803	979.0560911538463	12.63262806325858
0.0271793	974.7187280769231	12.61523287185361
0.0274783	965.2079653846151	12.751142385960563
0.0277773	964.503441923077	12.599373554040568
0.0280763	968.5084707692306	12.741761181071805
0.0283753	955.0452392307689	12.710541760237508
0.0286743	935.9930146153846	12.608880173962746
0.0289733	923.8072869230767	12.812178811025838
0.0292723	907.9470473076921	12.579182515127641
0.0295713	903.1715215384617	12.858978671889453
0.0298703	889.6055515384614	12.580058171770837
0.0301693	882.73884	12.711345168281298
0.0304683	865.9581184615387	12.686891102245674
0.0307673	833.7859811538463	12.28693207586705
0.0310663	863.2946100000001	12.223035934414408
0.0313653	836.8641749999999	11.786698345266347
0.0316643	806.396631923077	11.897790407396657
0.0319633	816.1797496153847	11.631415063749003
0.0322623	807.2554730769234	11.272524792631359
0.0325613	797.136904615385	11.50997663583114
0.0328603	777.5960930769232	11.218708684559484
0.0331593	787.0333003846158	11.188126740530098
0.0334583	763.4017557692304	10.922821397205762
0.0337573	756.9804761538464	10.92860935465122
0.0340563	754.8093911538461	10.900622166844881
0.0343553	740.3044292307693	10.963778017941442
0.0346543	735.4109376923077	11.210505395231277
0.0349533	721.1344834615384	11.215737522379246
0.0352523	708.3241649999998	11.392952605538737
0.0355513	688.196375769231	11.296991097030055
0.0358503	662.5675880769234	11.186102993033206
0.0361493	691.1970703846157	11.31119292902088
0.0364483	660.6918980769233	11.235680823553082
0.0367473	679.2785526923078	11.33597339477704
0.0370463	671.8509034615383	11.23403142535395
0.0373453	663.2563996153849	11.091128080493705
0.0376443	643.0359011538462	11.255260158970522
0.0379433	637.1884199999998	11.038435902488233
0.0382423	637.3655711538461	11.116453379457896
0.0385413	623.1970142307695	11.107412594361268
0.0388403	616.7030065384616	11.040632296527889
0.0391393	628.0065219230769	11.184890729201118
0.0394383	606.4752923076924	10.958083642559886
0.0397373	600.2756780769234	11.117736236744573
0.0400363	577.8852980769232	10.988993750036897
0.0403353	559.5490615384617	11.04306969553964
0.0406343	568.2572365384615	11.047960291451108
0.0409333	559.9674957692309	10.8718380797831
0.0412323	559.5008111538459	11.07788146938841
0.0415313	535.4267249999998	10.866669930681688
0.0418303	547.6619561538463	11.051308991562005
0.0421293	542.6718334615385	10.883535242460669
0.0424283	533.9011615384613	11.000943326593532
0.0427273	517.1790726923081	10.938750317336767
0.0430263	519.475360384615	10.762635684823007
0.0433253	518.9550599999999	10.904715279050853
0.0436243	512.0209730769232	10.710347596270257
0.0439233	492.55933499999963	10.862009333197062
0.0442223	493.4586265384615	10.805213897903512
0.0445214	511.31475346153854	10.689139544950315
0.0448204	486.3712511538462	10.760896623032096
0.0451194	479.3579226923075	10.61031121721429
0.0454184	483.2426861538464	10.729370835850451
0.0457174	472.29720230769243	10.479521171735435
0.0460164	474.40182115384624	10.552212158196669
0.0463154	470.50888384615394	10.584933618813341
0.0466144	465.4531073076926	10.480454640965565
0.0469134	464.29364999999996	10.539056527052473
0.0472124	453.1214746153846	10.28264082968456
0.0475114	438.6041446153846	10.401277013127038
0.0478104	456.51663576923096	10.391574285568458
0.0481094	425.4360807692306	10.376112834950044
0.0484084	420.64068692307694	10.384173026667575
0.0487074	449.6261100000001	10.26166548114265
0.0490064	433.1030134615387	10.324090082582412
0.0493054	417.85720846153856	10.183750542106829
0.0496044	406.24742192307696	10.230623274098123
0.0499034	411.10633846153837	10.174594613692898
0.0502024	382.85575384615356	10.322356257044564
0.0505014	389.9388380769232	10.18511995995043
0.0508004	410.62257923076936	10.039319300604543
0.0510994	405.62700576923095	10.125508064735843
0.0513984	401.6123250000003	10.021622323346174
0.0516974	389.0558376923076	10.039460314179811
0.0519964	386.1645265384618	10.095793255406127
0.0522954	377.561348076923	9.825144368320208
0.0525944	377.55323192307713	9.979024403999368
0.0528934	364.037406923077	9.90841562841011
0.0531924	379.97502346153846	9.89654958428228
0.0534914	353.01789923076944	9.945032777061101
0.0537904	355.4819111538464	9.850763437048586
0.0540894	357.44500269230775	9.98199803949286
0.0543884	341.27132307692284	9.757969713973477
0.0546874	357.18806999999975	9.849412431316098
0.0549864	358.1053511538464	9.677407641972794
0.0552854	329.64633692307706	9.743130473479077
0.0555844	334.710267692308	9.840770707262257
0.0558834	339.4522546153844	9.588173992962911
0.0561824	321.98010230769256	9.76711773397036
0.0564814	317.5020600000002	9.68064526864953
0.0567804	320.1859696153845	9.657851417960718
0.0570794	309.21409846153847	9.738824356301357
0.0573784	307.68719192307697	9.52619477004605
0.0576774	315.6103915384614	9.632981840097324
0.0579764	312.40821807692333	9.513754160271596
0.0582754	298.0625388461542	9.561124910931543
0.0585744	293.93878961538474	9.58338832218088
0.0588734	308.1020180769231	9.46565491809329
0.0591724	299.0872811538463	9.467040645346845
0.0594714	305.55276230769226	9.453453520491017
0.0597704	299.04486346153845	9.508040184440707
0.0600694	299.8796976923077	9.305658185804113
0.0603684	291.50819076923096	9.340235434002906
0.0606674	281.42684423076935	9.456709789850004
0.0609664	291.37853769230776	9.29741772181959
0.0612654	267.03733846153847	9.365695928604278
0.0615644	266.0596765384617	9.276731798429918
0.0618634	273.45204230769224	9.305098993810418
0.0621624	275.0441515384617	9.237180050648341
0.0624614	253.26669346153864	9.25584635902855
0.0627605	266.48375884615393	9.299367901672753
0.0630595	260.36370692307713	9.162405159375894
0.0633585	269.73979269230756	9.236737761792586
0.0636575	252.1982284615383	9.176572701843483
0.0639565	266.1151638461538	9.1023076779861
0.0642555	232.27663961538485	9.195200854213489
0.0645545	237.29982461538486	9.109486957777452
0.0648535	247.81895769230778	9.204511786878209
0.0651525	244.2270669230772	9.07971540962889
0.0654515	251.56781307692324	9.075010112887687
0.0657505	236.3387273076924	9.089607093747484
0.0660495	243.15572307692304	9.040311176243353
0.0663485	239.66614153846172	9.020687971929098
0.0666475	243.4933673076921	9.037871715548071
0.0669465	229.986343846154	8.94987878785458
0.0672455	241.96857692307663	8.989787059817811
0.0675445	227.72601576923068	8.876043292933815
0.0678435	240.1013353846156	8.949502034759366
0.0681425	229.95740192307687	8.869047017218467
0.0684415	228.92722846153845	8.986179319801547
0.0687405	216.389655	8.837217001975116
0.0690395	213.39098538461536	8.896937799905663
0.0693385	221.07428192307714	8.86003381597583
0.0696375	219.13336269230774	8.74994100174397
0.0699365	211.51725576923104	8.826090045646751
0.0702355	210.62631230769222	8.753978425272555
0.0705345	216.73096384615388	8.884783247191162
0.0708335	210.3157176923076	8.78110353935217
0.0711325	207.78820038461555	8.787933652909006
0.0714315	208.241008846154	8.698763293905412
0.0717305	211.9180003846157	8.743811801430143
0.0720295	206.20368230769247	8.773191231639325
0.0723285	203.2287542307693	8.721947892816754
0.0726275	206.13288115384609	8.649914089724025
0.0729265	196.89273115384617	8.705449655657329
0.0732255	181.40606307692275	8.646605980350827
0.0735245	207.37166076923086	8.704605834974005
0.0738235	205.87372269230764	8.588372835692176
0.0741225	192.62505576923076	8.635018623181402
0.0744215	185.50775999999996	8.577275309810693
0.0747205	182.40594000000004	8.629272399791308
0.0750195	186.82569346153866	8.587863758462646
0.0753185	188.03518961538475	8.545398538485035
0.0756175	179.59810846153846	8.569466482983126
0.0759165	185.38058653846184	8.521433229686316
0.0762155	185.78924884615395	8.502271642638298
0.0765145	183.2589080769231	8.546268362133805
0.0768135	173.71663961538457	8.375804448019963
0.0771125	171.234830769231	8.489293741112544
0.0774115	181.8622453846151	8.45111011738054
0.0777105	172.70641269230765	8.464065767206275
0.0780095	175.90297384615388	8.465211581576291
0.0783085	168.90980423076923	8.34042078401186
0.0786075	170.31877846153822	8.427885053398489
0.0789065	164.07110307692324	8.292078495206876
0.0792055	171.15514269230783	8.430842448524245
0.0795045	164.00057884615404	8.318137049584724
0.0798035	170.46614769230797	8.33328938470415
0.0801025	152.3047315384615	8.350891931724497
0.0804015	155.51230384615383	8.262785200041922
0.0807005	159.1209392307693	8.343541789587785
0.0809995	166.3216234615386	8.291196256237997
0.0812986	161.76299999999998	8.265908668882648
0.0815976	152.79469846153853	8.303547991622459
0.0818966	163.13135884615406	8.172380465006652
0.0821956	155.08420730769245	8.289063432300269
0.0824946	158.2265296153846	8.187474617353587
0.0827936	153.92731269230796	8.23113946597081
0.0830926	147.28225846153845	8.219534078871401
0.0833916	155.4612796153845	8.143333760982149
0.0836906	142.724743846154	8.257927893040073
0.0839896	148.71325038461578	8.057865231687378
0.0842886	142.7835542307692	8.183223978508925
0.0845876	150.02574230769233	8.102703483849504
0.0848866	137.30217461538444	8.138026261144669
0.0851856	150.82083807692317	8.153143740624394
0.0854846	158.56099038461525	8.040669232804408
0.0857836	147.6015553846151	8.094820541818427
0.0860826	143.88714807692293	8.108417739492738
0.0863816	146.90932153846165	8.109271671758128
0.0866806	133.09209692307672	8.0956616753336
0.0869796	126.92591653846182	8.025245751616245
0.0872786	126.1477107692308	8.072812526426551
0.0875776	151.24677692307705	7.976584524149635
0.0878766	133.81828846153837	8.01964350992346
0.0881756	138.82750615384617	8.013666940347596
0.0884746	143.271718846154	7.978709890278641
0.0887736	129.61922538461533	8.024838139267999
0.0890726	143.73084	7.978553678479337
0.0893716	133.92212307692284	8.352104165430411
0.0896706	139.73961576923068	8.328453749592875
0.0899696	118.96043884615392	8.578908237147665
0.0902686	144.64688423076916	8.677700682198001
0.0905676	136.20108692307713	8.647804509573852
0.0908666	126.88735500000007	8.835371390012062
0.0911656	127.88261538461535	8.770238607211814
0.0914646	133.87988884615402	8.884742798342206
0.0917636	125.5991907692308	8.972617240954122
0.0920626	121.37778692307711	8.986369012687693
0.0923616	112.05979846153866	9.17847564504499
0.0926606	135.44031461538452	9.020909982346843
0.0929596	118.82421115384608	9.152930301431038
0.0932586	117.36093576923099	9.154875045872716
0.0935576	110.60165538461558	9.119938230602564
0.0938566	122.43596538461526	9.211576249623942
0.0941556	124.02973038461522	8.938164102471822
0.0944546	127.23944076923107	8.812458038048216
0.0947536	116.52818192307694	8.54251956880701
0.0950526	122.38111500000014	8.479603753412263
0.0953516	119.62765153846169	8.390922717014176
0.0956506	108.19069730769263	8.264097659139473
0.0959496	127.12023576923087	8.30783627701241
0.0962486	125.67213461538455	8.150412258248217
0.0965476	111.89691230769267	8.103645113674705
0.0968466	105.35057884615401	8.032108353912161
0.0971456	118.78344461538444	8.029822066776145
0.0974446	110.20641923076943	8.056156035851412
0.0977436	114.60230538461542	7.901295496094217
0.0980426	103.95094961538445	7.984357731082399
0.0983416	96.54718730769264	7.9543510042518015
0.0986406	108.27051576923094	7.92188061842585
0.0989396	105.7826330769231	7.911170138287156
0.0992386	104.04880615384604	7.823432845609442
0.0995377	94.9160007692306	7.948306530572852
0.0998367	109.509283846154	7.814977458763758
0.100136	100.24705730769233	7.854903264135068
0.100435	97.64428961538448	7.7890011328540165
0.100734	108.93400615384604	7.7578723471506095
0.101033	110.245711153846	7.839582273606644
0.101332	103.52979115384625	7.749885060111134
0.101631	100.59747461538467	7.780563327633191
0.10193	117.05412230769213	7.745628503653997
0.102229	102.7049630769231	7.732285781956408
0.102528	95.05932230769201	7.758998801515197
0.102827	99.14410615384634	7.645759824706555
0.103126	85.15942846153848	7.739635808464843
0.103425	106.96487076923086	7.632861855432074
0.103724	108.76362230769257	7.697136382750793
0.104023	91.8540900000001	7.629481630699065
0.104322	89.94241038461541	7.630849000579053
0.104621	97.57027500000027	7.662045351789825
0.10492	93.36957461538458	7.59238064098437
0.105219	94.16254153846177	7.664127373057894
0.105518	91.35033115384624	7.580917326493038
0.105817	107.3226230769231	7.596593306983673
0.106116	93.8716846153846	7.581302421908736
0.106415	89.29113461538469	7.519852447365739
0.106714	88.26325846153844	7.573253152152464
0.107013	99.89343923076945	7.540070999292433
0.107312	92.97734999999989	7.575001269787665
0.107611	91.80685730769216	7.525572664208667
0.10791	78.06136961538459	7.48934739170983
0.108209	99.13509346153825	7.549440284455202
0.108508	91.22245846153862	7.493967486935954
0.108807	75.2786169230767	7.544986033339821
0.109106	82.1834457692309	7.453824423311653
0.109405	95.51886461538476	7.462966247197447
0.109704	91.00835423076938	7.462110429556487
0.110003	85.14718846153852	7.423789303764394
0.110302	84.2439553846155	7.474957183920729
0.110601	81.56040576923078	7.420243952680478
0.1109	83.71966153846165	7.455272417391606
0.111199	89.22357346153848	7.425672099956059
0.111498	88.4139876923079	7.362470888030968
0.111797	90.8375653846154	7.385951388034769
0.112096	79.77126576923058	7.370751232006972
0.112395	86.3762480769231	7.360814717209075
0.112694	81.19303961538469	7.366055306453774
0.112993	77.72087999999991	7.317947746643254
0.113292	73.6663984615385	7.363792640574094
0.113591	75.15357000000006	7.335663669139933
0.11389	78.63886153846164	7.321295566748843
0.114189	81.54227076923087	7.294383106097872
0.114488	86.85945576923075	7.30925463258537
0.114787	72.9341688461538	7.359868564248471
0.115086	80.66005384615391	7.22582072989672
0.115385	65.57470961538462	7.303282042153314
0.115684	71.67722884615421	7.255022757972799
0.115983	73.81166884615402	7.30353192199054
0.116282	73.21936500000015	7.249315660442686
0.116581	81.14450307692289	7.255036639510979
0.11688	78.11017038461546	7.2080677443147945
0.117179	81.59583115384635	7.206317975057523
0.117478	78.21026307692313	7.2129661390610735
0.117777	79.44133730769227	7.208997795594882
0.118076	75.66071884615388	7.1799105293243635
0.118375	70.6547226923077	7.240062676282094
0.118674	81.76688769230782	7.169362650570044
0.118973	81.08851153846149	7.209631880949646
0.119272	76.03726038461565	7.1235253797628975
0.119571	80.16537923076919	7.1722644908373745
0.11987	65.64526153846157	7.204826839618335
0.120169	78.5078053846151	7.12188134295665
0.120468	84.83877230769247	7.115426643157216
0.120767	75.00802269230786	7.113488993611661
0.121066	66.45477692307702	7.11263885322583
0.121365	76.07549076923078	7.075526309490227
0.121664	60.45699230769236	7.179983621172517
0.121963	60.53214923076928	7.077653696716252
0.122262	67.77225230769238	7.278940670072375
0.122561	49.188140769231154	7.457045582381057
0.12286	70.04430692307699	7.525267204139743
0.123159	58.93489038461553	7.603833981962964
0.123458	69.80825538461539	7.744438752570925
0.123757	84.9331707692308	7.6734143106555335
0.124056	69.92822884615396	7.777602951796124
0.124355	63.945126923077055	7.565290837261687
0.124654	73.97800730769251	7.482155684871996
0.124953	61.228600384615504	7.439041552514839
0.125252	76.02748038461527	7.306478812694364
0.125551	56.703399230769435	7.279985158608724
0.12585	69.59932153846154	7.202148970660392
0.126149	60.338052692307656	7.204792496255196
0.126448	72.62337461538465	7.160057114672723
0.126747	71.57140615384617	7.169836685707274
0.127046	54.59400115384619	7.138320212956659
0.127345	68.1538753846155	7.15632484707314
0.127644	62.41251923076919	7.119730172741933
0.127943	62.26216730769232	7.06886003310263
0.128242	37.52831999999995	7.075313180732841
0.128541	64.99340423076922	7.017965088058675
0.12884	62.70796846153871	7.056666085983197
0.129139	63.16227576923069	7.011665555350753
0.129438	56.141161153846326	7.016420743877783
0.129737	63.12131653846154	6.972579819390247
0.130036	63.03777692307716	6.981706041389228
0.130335	76.5274903846153	6.942767934207859
0.130634	59.30992038461511	6.98464737176398
0.130933	54.77226692307693	6.954972858414869
0.131232	51.6610996153849	6.977822403751763
0.131531	71.2133042307691	6.897069610345003
0.13183	54.05518615384608	6.971649026855772
0.132129	67.18052307692295	6.9124914916774935
0.132428	49.31680153846162	6.918142392146619
0.132727	66.4724180769229	6.907454477126235
0.133026	58.60295538461543	6.886717778595983
0.133325	53.22842999999989	6.8539691743984585
0.133624	48.95857384615408	6.8709484939810075
0.133923	67.08741461538477	6.876755931558029
0.134222	57.38211692307698	6.881256363998903
0.134521	47.160357692307855	6.806185473737685
0.13482	54.279581538461684	6.8695084629693755
0.135119	48.86706230769232	6.8386058003028065
0.135418	56.889875769230684	6.837842443648134
0.135717	49.648490769230875	6.8768606937287355
0.136016	48.884343461538435	6.8012871240647055
0.136315	60.04582615384601	6.818309565204361
0.136614	62.45636884615385	6.7697066373332495
0.136913	55.9164161538464	6.795641483935714
0.137212	47.82135115384625	6.8081326072890835
0.137511	62.72775923076915	6.7357139282167315
0.13781	59.39452153846162	6.7900505538869655
0.138109	56.80417846153847	6.756639566877279
0.138408	56.86974923076929	6.777122353229105
0.138707	51.720938076923005	6.803591076913547
0.139006	50.50320000000005	6.697927740223573
0.139305	68.33549884615377	6.721766872373925
0.139604	39.97530576923083	6.728068679224337
0.139903	62.40973730769218	6.741839855535352
0.140202	52.68193500000007	6.680417193551277
0.140501	62.467052307692256	6.742268582746076
0.1408	48.07411038461544	6.717134763894505
0.141099	58.34717076923073	6.644493345194563
0.141398	55.41053307692306	6.7330652044425845
0.141697	52.568431153846575	6.6258260676729686
0.141996	52.90168153846173	6.706735596031335
0.142295	61.27876961538476	6.626847483087397
0.142594	48.719642307692425	6.681594428310913
0.142893	38.009401153846284	6.701620896893903
0.143192	48.15025384615382	6.632444865404285
0.143491	66.28801153846155	6.6380005973195955
0.14379	49.40560615384601	6.6265050632712805
0.144089	43.599462692307554	6.641889098670603
0.144388	41.83721538461549	6.645095713384693
0.144687	53.929919999999925	6.574606342261788
0.144986	53.82008307692308	6.6289834533524585
0.145285	44.1961742307692	6.584256420373683
0.145584	41.40188423076927	6.625161754112413
0.145883	49.12185230769228	6.630027948389934
0.146182	52.06763423076927	6.555487211705378
0.146481	54.587463461538505	6.578938829181306
0.14678	47.131998461538615	6.546467392658064
0.147079	41.8951084615386	6.585589848702561
0.147378	39.42269999999996	6.572855106620044
0.147677	50.29684730769259	6.585309457707893
0.147976	42.397036153846386	6.5861572267281705
0.148275	56.0883680769233	6.506372209380446
0.148574	58.459393846153944	6.488956597858021
0.148873	50.26362461538457	6.538618279390107
0.149172	41.79318000000001	6.51552450764168
0.149471	51.894189230769086	6.5352377881882235
0.14977	44.16650653846142	6.497944892778948
0.150069	58.78204153846161	6.504378792634859
0.150368	45.157854230769374	6.4350960202028595
0.150667	57.8203973076923	6.4814431869750795
0.150966	44.62885730769216	6.466159582822598
0.151265	52.415369999999996	6.466077298944018
0.151564	44.84401500000007	6.485694818508578
0.151863	42.24562038461556	6.409174484110037
0.152162	43.74777346153837	6.4447888715920465
0.152461	44.76262846153867	6.456112653866491
0.15276	43.84715538461552	6.667298471833201
0.153059	52.1483642307694	6.789614422467163
0.153358	52.61575846153846	6.746026707334787
0.153657	44.370731538461484	6.87996069064879
0.153956	47.0746373076924	6.895200670597807
0.154255	53.74568423076926	7.0130590430451605
0.154554	56.236335000000054	7.019353696622474
0.154853	43.9938369230768	7.029442268354486
0.155152	47.23283769230784	7.148062969820824
0.155451	46.17172384615395	7.08588365312161
0.15575	47.01997615384619	7.150747459918659
0.156049	45.56724807692325	7.114698079431552
0.156348	25.388763461538417	7.17623708595244
0.156647	37.91477192307724	7.21792714254182
0.156946	35.47937884615391	7.170569271666573
0.157245	43.67465192307708	7.232653997598881
0.157544	42.238890000000026	7.10790809014582
0.157843	27.386735769230654	6.919520657065551
0.158142	44.54882538461544	6.8322077126048395
0.158441	41.984279999999956	6.765545487830265
0.15874	50.8817503846156	6.695514047706785
0.159039	43.200376153846264	6.645626492608315
0.159338	50.09036307692321	6.573215329101297
0.159637	31.386661153846262	6.564788004548097
0.159936	29.66271923076914	6.548042430071282
0.160235	27.772814999999866	6.581697970365854
0.160534	36.54072923076944	6.483239207275163
0.160833	37.671154615384864	6.542426789690065
0.161132	37.33919653846152	6.445182817862289
0.161431	48.7705465384617	6.482817165526184
0.16173	36.80848499999985	6.543112772113375
0.162029	19.445024999999987	6.443823438721269
0.162328	50.524794230769146	6.486729609202428
0.162627	53.77107230769241	6.409022267425049
0.162926	46.582528846153934	6.491751520558134
0.163225	40.10551269230757	6.441183336096718
0.163524	44.999671153846066	6.389768921314436
0.163823	46.91462538461536	6.420776219990163
0.164122	33.252154615384654	6.400764314317248
0.164421	28.631544230769293	6.40364136641247
0.16472	44.836572692307584	6.382845908160775
0.165019	48.870482307692214	6.367167994885843
0.165318	31.047788076923325	6.421491576298097
0.165617	47.93959384615397	6.3173831797671385
0.165916	34.199851153846225	6.398753208599324
0.166215	37.482145384615364	6.356144384580676
0.166514	36.02237192307683	6.3500313237787855
0.166813	31.154664230769527	6.323584827503686
0.167112	32.751071538461474	6.32222729467835
0.167411	38.94118615384622	6.344826362284573
0.16771	35.10538269230767	6.312173273460671
0.168009	32.79324346153845	6.345825564724224
0.168308	47.481747692307636	6.2390216246260515
0.168607	36.45830884615401	6.287714514117208
0.168906	43.35001384615384	6.282749440926228
0.169205	30.22697538461557	6.307638166432994
0.169504	38.161723846153905	6.2566062208793305
0.169803	36.03863423076922	6.263146062529249
0.170102	34.502785384615265	6.234200358503495
0.170401	40.38646269230799	6.269520968398174
0.1707	42.88806115384642	6.235347375577593
0.170999	42.990708461538475	6.2702836738213
0.171298	42.91639269230774	6.219467925719323
0.171597	37.27696961538453	6.232506574221922
0.171896	20.802484615384742	6.250772088886403
0.172195	31.57849384615389	6.193350256014828
0.172494	41.40724038461548	6.207000818153491
0.172793	27.03138230769224	6.198224596394764
0.173092	34.707505384615274	6.192791576741138
0.173391	48.583149230769266	6.209471719643583
0.17369	29.928431538461496	6.201191180575739
0.173989	37.92624807692317	6.177786217225188
0.174288	34.76803730769245	6.140357768061845
0.174587	51.3871107692309	6.173738910536361
0.174886	42.6254596153845	6.163579542906357
0.175185	38.352371538461455	6.153721994520717
0.175484	37.714936153846054	6.180705769228201
0.175783	33.556251923076786	6.120200987264767
0.176082	31.058327307692366	6.157942008933924
0.176381	24.529766538461843	6.121539847892119
0.17668	43.210653461538584	6.159767860233773
0.176979	37.6282211538462	6.12479522044019
0.177278	30.76031076923067	6.157991725981504
0.177577	34.33626807692315	6.1115264225185255
0.177876	29.395189615384766	6.101386481380731
0.178175	32.747783076923156	6.112465354951656
0.178474	33.901638461538255	6.054216427605884
0.178773	40.10790807692314	6.110280520612596
0.179072	31.91048884615418	6.104877910510024
0.179371	35.901251538461565	6.0684871475256426
0.17967	40.988456538461605	6.0761450446972844
0.179969	37.479984230769105	6.068010237264083
0.180268	35.71927730769238	6.081884940925009
0.180567	41.73507692307709	6.037019029749877
0.180866	37.080588461538525	6.061975237010387
0.181165	46.723930384615414	6.114356004066778
0.181464	34.16522653846164	6.010223180164013
0.181763	39.56849423076943	6.051596044073561
0.182062	39.19167692307724	6.0142179210259705
0.182361	32.293726153846194	6.0630240205120245
0.18266	34.8237426923078	6.05273654853249
0.182959	35.26805538461542	5.986625233916044
0.183258	33.8630342307693	6.042642209884972
0.183557	29.05872346153859	6.00602976608757
0.183856	30.193428461538474	6.0408672698731625
0.184155	37.39543038461568	6.003988217790362
0.184454	31.217559230769325	5.986313240095541
0.184753	32.53737692307692	6.031114077271265
0.185052	34.005549230769134	5.932872798246136
0.185351	37.39419692307695	6.011636735932509
0.18565	29.052286153846296	5.998513441451702
0.185949	30.968749615384752	5.945096410882094
0.186248	42.21029076923088	5.997536631502086
0.186547	34.021565769230676	5.943503980465684
0.186846	26.643107307692333	5.9873709531758665
0.187145	27.200959615384818	5.969873255563748
0.187444	37.1711538461542	5.9463210652318255
0.187743	35.821183846153986	5.93947585441254
0.188042	35.340975000000185	5.9198510410029295
0.188341	37.570596923076835	5.971178388495285
0.18864	34.95097500000003	5.928359223578916
0.188939	27.131199230769482	5.90708487936995
0.189238	33.86730115384614	5.9240045646454575
0.189537	18.315505384615278	5.93629059513129
0.189836	28.488101538461592	5.9378659527289805
0.190135	29.793783461538453	5.88452625601252
0.190434	32.266527692307875	5.927532090341909
0.190733	37.55736115384639	5.870204445152369
0.191032	41.15810192307714	5.8711455666006165
0.191331	22.798369615384615	5.9147145273263195
0.19163	31.295447307692427	5.854911997191247
0.191929	21.3401273076924	5.9235198276098755
0.192228	32.70646038461547	5.847365970419034
0.192527	48.90145038461543	5.8925183310467375
0.192826	31.736128846153917	5.864424465360271
0.193125	17.665894615384786	5.875416501446355
0.193424	31.47886384615407	5.868848088175786
0.193723	39.49181538461556	5.832727272521405
0.194022	18.71206961538462	5.89810848176929
0.194321	25.62895269230779	5.817978506484358
0.19462	34.57973884615399	5.830812517177184
0.194919	30.61622423076932	5.87799783095969
0.195218	34.897415769230975	5.795155609201979
0.195517	29.159367692307796	5.841235940652607
0.195816	13.764130384615555	5.839356942934974
0.196115	26.639776153846128	5.786223314942683
0.196414	35.78699769230758	5.805493566114629
0.196713	26.47769999999997	5.77346811503541
0.197012	35.996170384615425	5.816174919691785
0.197311	31.629071538461574	5.769435349087129
0.19761	32.76572884615382	5.772357240067729
0.197909	27.436474615384668	5.7593229985915
0.198208	36.06834115384612	5.762533417597507
0.198507	25.01142230769227	5.804212829006806
0.198806	26.239667307692343	5.726178190008012
0.199105	29.73920307692316	5.796362695266721
0.199404	31.324198846153877	5.744413318354042
0.199703	27.922618846154137	5.75825576352495
0.200002	32.2428969230769	5.760135737662425
0.200301	37.47161538461535	5.752691842353835
0.2006	21.80645653846176	5.786472005905388
0.200899	26.715902307692545	5.748251472382155
0.201198	21.274186153846358	5.776753657016755
0.201497	28.312071923076928	5.738475662085493
0.201796	35.217688846153976	5.736765336392049
0.202095	31.38242076923092	5.735930989560876
0.202394	26.614220769230712	5.692963080293637
0.202693	27.662554615384977	5.760234176341211
0.202992	29.783747307692295	5.724270330387046
0.203291	9.36265038461545	5.715743945016111
0.20359	34.49472692307705	5.7335132512798666
0.203889	35.35134115384619	5.652243575695601
0.204188	22.014753461538646	5.748135669320653
0.204487	32.904945000000055	5.703177406581181
0.204786	23.628208846153996	5.732270979204371
0.205085	36.24876807692294	5.678616776139794
0.205384	23.208084230769316	5.696616811671437
0.205683	27.95433000000014	5.709251852709121
0.205982	26.025521538461646	5.656045291346646
0.206281	29.306327307692356	5.6654465574878135
0.20658	23.392623461538676	5.7024921487131515
0.206879	24.42343615384607	5.683376118874018
0.207178	16.089273461538255	5.679019991257021
0.207477	26.291635384615574	5.622950599180207
0.207776	29.028537692307793	5.669768603994993
0.208075	20.260613076923107	5.651924976642236
0.208374	38.21176384615376	5.671501587572129
0.208673	29.116536923077035	5.6541160847964145
0.208972	24.116014615384586	5.618051669463554
0.209271	22.277028461538464	5.643540873145237
0.20957	31.909510384615317	5.601436102387192
0.209869	18.057875769230634	5.643081248137951
0.210168	23.8016019230771	5.6360095279132585
0.210467	25.834176923076768	5.624754806081771
0.210766	21.903523846153917	5.644554435300881
0.211065	21.854140384615675	5.5914684719863885
0.211364	19.11970730769241	5.621045410564087
0.211663	24.118142307692494	5.594214768093041
0.211962	27.29803846153868	5.626505240731319
0.212261	18.621196153846597	5.627499657211606
0.21256	28.481522307692444	5.556435378099161
0.212859	23.931677307692098	5.612158760212544
0.213158	12.19913076923092	5.557086663930127
0.213457	27.159212307692485	5.598649692951376
0.213756	30.376156153845898	5.578925553756824
0.214055	22.539695769231002	5.588389596752906
0.214354	21.007089230769395	5.585418956482212
0.214653	27.136106538461718	5.535525678995708
0.214952	22.60901653846156	5.592266539401351
0.215251	19.49519769230767	5.59511661710787
0.21555	25.13436576923067	5.589435732974325
0.215849	21.933263076923083	5.61361435235858
0.216148	25.88245153846151	5.747701821745325
0.216447	23.305876153846214	5.797124768686965
0.216746	21.25625884615374	5.880146862195499
0.217045	30.25804846153852	5.919883817833448
0.217344	19.93067999999994	6.002205721204232
0.217643	21.843092307692302	5.947711606366511
0.217942	11.64587653846172	5.9911675818447945
0.218241	21.080728846154045	5.974587236884589
0.21854	18.595714615384395	6.01489522230646
0.218839	27.80843307692328	6.024670965504061
0.219138	30.702500769230824	6.046428382214512
0.219437	23.35478307692307	6.062163641603243
0.219736	11.760919615384637	6.101190014086122
0.220035	16.868828076923023	6.057315896614181
0.220334	16.275477692308016	6.084921338427199
0.220633	23.710669615384973	6.118186495978749
0.220932	22.68287192307713	6.045127633826861
0.221231	16.591967307692073	5.925779149302588
0.22153	19.192682307692337	5.825539472750621
0.221829	22.04287499999998	5.7642579152390825
0.222128	14.12989846153863	5.736937321291327
0.222427	25.11659307692321	5.691882804587829
0.222726	15.024837692307699	5.698460450299859
0.223025	25.19169230769262	5.672398906501944
0.223324	26.317548461538593	5.623606581784556
0.223623	29.89621961538444	5.655454753203849
0.223922	21.04835769230766	5.596317900205528
0.224221	31.919623846153968	5.647962981266566
0.22452	25.77119653846171	5.6393926313535765
0.224819	15.62621307692325	5.597409610037721
0.225118	18.728922692307833	5.616992647291844
0.225417	19.060493076922967	5.564514303910881
0.225716	23.31450000000018	5.577353108356505
0.226015	26.4541661538463	5.593628652561468
0.226314	18.75936807692318	5.5630141628180985
0.226613	20.576222307692376	5.592802038270294
0.226912	19.61672538461545	5.540855363144127
0.227211	25.857719999999972	5.550661287451707
0.22751	19.472065384615576	5.552936164960707
0.227809	33.77860615384634	5.516957991584741
0.228108	28.440669230769288	5.561944088895456
0.228407	21.166059230769463	5.50950863267792
0.228706	27.867797307692513	5.550265092820279
0.229005	28.683039230769396	5.506839842849614
0.229304	27.75802269230769	5.516948037573723
0.229603	18.16031423076913	5.510076653693208
0.229902	27.140453076923222	5.480475032551468
0.230201	22.78845230769224	5.500641491995387
0.2305	26.57858192307674	5.502485386379902
0.230799	20.65682192307702	5.517911387941795
0.231098	14.841618461538417	5.495005116368457
0.231397	17.380414615384552	5.480853216611657
0.231696	29.098488461538295	5.486546547189567
0.231995	24.794726538461703	5.445670441536572
0.232294	13.551039230769277	5.502155801273814
0.232593	20.948171538461793	5.4542878524904586
0.232892	32.772521538461376	5.448768346333146
0.233191	17.62937076923083	5.443693105043651
0.23349	22.561525384615493	5.433097627620715
0.233789	15.553358076923018	5.487330063441512
0.234088	26.433444230769396	5.408828040490176
0.234387	19.95160269230763	5.466580139960112
0.234686	16.452145384615562	5.419748156582548
0.234985	22.093761923077125	5.41966949289573
0.235284	20.03915307692324	5.439651995194589
0.235583	14.442647307692312	5.404748951723565
0.235882	25.24753499999997	5.417897570081747
0.236181	24.426901153846188	5.422089158853083
0.23648	16.08005192307712	5.395687965693794
0.236779	18.808116923076796	5.420595878821997
0.237078	19.400020384615345	5.382261177827434
0.237377	30.328811538461366	5.408427659165808
0.237676	19.260125769231024	5.374594326019538
0.237975	16.700162307692267	5.407353290038905
0.238274	23.15750192307712	5.427155898377097
0.238573	15.900910384615429	5.35088858102273
0.238872	21.968052692307594	5.392290408854938
0.239171	24.437734615384727	5.3232948495159595
0.23947	18.7823665384617	5.373646439451023
0.239769	19.21481769230786	5.37214677593526
0.240068	19.592553461538728	5.389079281398271
0.240367	22.01856807692309	5.349621340303896
0.240666	24.8193646153847	5.33669827335967
0.240965	27.435626538461634	5.350594836806322
0.241264	28.430091923077043	5.326104576287988
0.241563	17.601118846153838	5.3592658691771105
0.241862	12.019363846153794	5.382875556088967
0.242161	24.343517307692366	5.290602339213294
0.24246	25.74844153846135	5.3214047723854385
0.242759	25.172359615384835	5.324843638427043
0.243058	18.38995499999976	5.3416220732655715
0.243357	20.964193846153933	5.3153498890774
0.243656	16.608640384615228	5.307146843600733
0.243955	21.29265923076906	5.3204369518067045
0.244254	16.593834230769176	5.290126624613453
0.244553	20.51579884615404	5.324344863271507
0.244852	31.305408461538605	5.266638226680609
0.245151	27.18894923076948	5.297347224947536
0.24545	17.154934615384434	5.342676842804831
0.245749	23.481844615384603	5.252376980897465
0.246048	19.810013076922985	5.286284196015135
0.246347	21.00088846153858	5.263130207464497
0.246646	25.192374230769474	5.2861474315265085
0.246945	27.723375000000033	5.272528295006749
0.247244	12.825409615384615	5.281832289010979
0.247543	14.504845384615294	5.281494097299299
0.247842	13.881701538461357	5.227554130104139
0.248141	14.281396153845947	5.282783427891481
0.24844	16.43974384615393	5.235262859821956
0.248739	25.924301538461577	5.25032999279586
0.249038	17.86564961538454	5.2675060513685015
0.249337	19.761288461538697	5.2044999232158915
0.249636	19.881611538461414	5.2307802744517895
0.249935	11.591133461538334	5.213782682234802
0.250234	25.528371923077202	5.237889251879489
0.250533	16.78944923076932	5.220677439639806
0.250832	10.902383076923059	5.236653358584665
0.251131	25.817009999999925	5.219992217763329
0.25143	17.415803076922998	5.1673245944492106
0.251729	18.556976538461697	5.227019665243772
0.252028	28.458098076923193	5.207326231617152
0.252327	22.147225384615638	5.219107601807173
0.252626	14.399906538462005	5.229532038895925
0.252925	22.426480384615388	5.167913626354961
0.253224	14.423522307692508	5.2137697682283655
0.253523	17.7926053846154	5.185888315330599
0.253822	17.303246538461508	5.203566054251852
0.254121	19.619836153846222	5.220151620549505
0.25442	15.43236807692324	5.155272177310775
0.254719	19.353531923077128	5.2248215622823295
0.255018	19.517088461538776	5.166863744886982
0.255318	25.913510769230925	5.1878113381836
0.255617	16.673625000000072	5.169305845877145
0.255916	18.23871461538465	5.173408661386457
0.256215	17.433215769230685	5.227678539292727
0.256514	18.639342692307707	5.139088646548373
0.256813	26.484755769230674	5.160277191026332
0.257112	23.28173076923099	5.162776439614092
0.257411	19.409267307692403	5.139603228754568
0.25771	19.114811538461538	5.2076791174456964
0.258009	8.963397692307637	5.1337510361700325
0.258308	20.355521538461517	5.16777119796774
0.258607	18.65161153846168	5.126214436038453
0.258906	26.837706923077008	5.139354313312262
0.259205	17.83382076923067	5.156005690578279
0.259504	14.959907307692617	5.13045693046765
0.259803	13.46652923076914	5.144034105070016
0.260102	21.218961923076904	5.146021558908973
0.260401	20.794344230769354	5.1437781924237065
0.2607	21.38811346153858	5.1136641226406665
0.260999	19.307236153845906	5.113081519327078
0.261298	16.580513076923125	5.143971289206483
0.261597	24.290315769230915	5.077848255071373
0.261896	14.287947692307682	5.133067588918352
0.262195	8.903203846153758	5.120540872989126
0.262494	12.690421153846273	5.091984300039023
0.262793	21.652586538461435	5.136814002660491
0.263092	12.008760000000052	5.076064512559132
0.263391	20.236198846153798	5.118009123607403
0.26369	21.222886153846275	5.100962640748379
0.263989	17.109399230769156	5.099031175771384
0.264288	19.754840769230952	5.076965690050168
0.264587	14.242271538461807	5.0932117200763045
0.264886	20.974924615384737	5.0960926676100575
0.265185	10.563911538461525	5.080577599273223
0.265484	16.494197307692332	5.086948457856844
0.265783	21.440503846153945	5.0504114335416554
0.266082	31.026161538461793	5.069472241208724
0.266381	19.134668076923106	5.069487018273167
0.26668	19.320539999999824	5.051149344383039
0.266979	26.461043076923204	5.062385190565658
0.267278	13.743211153846119	5.068202453127788
0.267577	16.757106923076776	5.059786398641517
0.267876	24.022330384615543	5.047453631548094
0.268175	20.289185769230755	5.036143592719569
0.268474	12.877236923076907	5.080484992478153
0.268773	20.040596538461443	5.015759478316197
0.269072	28.764042692307612	5.053384959108566
0.269371	19.604569615384662	5.0553543844948345
0.26967	18.152205000000095	5.03398408752627
0.269969	15.194521153846438	5.15657244814261
0.270268	16.316514230769485	5.17898406733207
0.270567	19.94977153846156	5.286042684468901
0.270866	22.719551538461644	5.2858456129900375
0.271165	26.280579230769263	5.3224171605804536
0.271464	23.055062307692367	5.345165376537544
0.271763	21.589055769230754	5.3402028489949664
0.272062	10.8546738461539	5.418507650577556
0.272361	16.155042692307518	5.390505839927607
0.27266	15.096125769230753	5.408044669496921
0.272959	14.261640000000114	5.395177792123746
0.273258	12.098434615384633	5.419317827855207
0.273557	27.04260000000005	5.450750871705594
0.273856	17.486695384615246	5.39507640781288
0.274155	15.162590769230917	5.456589631839169
0.274454	23.574320769231008	5.448616685925032
0.274753	9.647840769231038	5.465436650067842
0.275052	20.343115384615373	5.488475517904877
0.275351	8.102001923077069	5.438431051182302
0.27565	18.06310038461561	5.5140165649061945
0.275949	27.576038076923226	5.438166422033655
0.276248	12.51053423076928	5.523202722825854
0.276547	16.43427923076922	5.505643679771872
0.276846	7.81921384615373	5.502164204970122
0.277145	20.3760103846152	5.540851199948181
0.277444	9.078777692307767	5.496619747889606
0.277743	19.166972307692106	5.537486004312994
0.278042	15.40808884615393	5.530888850168808
0.278341	22.837367307692375	5.513805749836828
0.27864	5.929191923076928	5.580733011307397
0.278939	11.91188076923089	5.53443260668478
0.279238	14.664646153846093	5.6210564174805615
0.279537	14.36081653846162	5.778095196996775
0.279836	15.96758884615383	5.885411095265057
0.280135	17.605052307692233	5.963126067079868
0.280434	6.530348076923133	6.013773162772751
0.280733	17.1333761538462	6.087884123072574
0.281032	11.470573846153968	6.048625721291679
0.281331	11.947331538461356	6.11676518157551
0.28163	8.484050769230919	6.157379879075936
0.281929	22.680290769230737	6.180559525987775
0.282228	25.391781923076906	6.231728266472603
0.282527	14.133439615384816	6.22171455512186
0.282826	14.558659615384727	6.255608974976985
0.283125	20.58498461538477	6.277674075473511
0.283424	17.178115384615353	6.289744795700695
0.283723	18.226033846153825	6.396424556245551
0.284022	18.13331884615394	6.2952939167424224
0.284321	21.304755	6.404719299830688
0.28462	10.356651923077095	6.3448179272292915
0.284919	21.70957384615383	6.394611733331022
0.285218	19.302673846153823	6.381247457358262
0.285517	19.99728346153853	6.412186481528858
0.285816	17.7048726923079	6.484808324404407
0.286115	16.8597957692308	6.4186251038384725
0.286414	13.514772692307872	6.528939910270507
0.286713	28.017776538461476	6.500659006430967
0.287012	2.1846888461540743	6.500952075740902
0.287311	14.702141538461717	6.571149378022199
0.28761	21.975085384615227	6.5834590493108
0.287909	5.311321153846109	6.627810526370182
0.288208	11.59041000000019	6.579798807029178
0.288507	12.735026538461511	6.5901572515209
0.288806	29.71060730769227	6.673927948990343
0.289105	9.493322307692381	6.657699356349936
0.289404	33.210951923077175	6.727888950773175
0.289703	26.909074615384554	6.667583444734213
0.290002	19.65500076923098	6.753086332028413
0.290301	11.265055384615493	6.71439593718647
0.2906	12.693842307692421	6.817053897770796
0.290899	12.743961923076938	6.846006141192028
0.291198	20.2183500000001	6.744369887690336
0.291497	22.248102692307725	6.895382110396252
0.291796	19.213609615384883	6.830542438315181
0.292095	26.68095230769228	6.875273464348645
0.292394	12.919068461538416	6.908096895566384
0.292693	27.95512500000001	6.8756394315483735
0.292992	24.85380115384629	6.977391619199135
0.293291	19.142771538461375	6.931894510510853
0.29359	9.283367307692629	6.973089011480728
0.293889	6.759670384615276	7.014751198416084
0.294188	27.24418269230796	7.006554632232746
0.294487	28.918850769230744	7.045711289021135
0.294786	17.90611730769217	6.971745397222673
0.295085	11.045494615384655	7.107353736578346
0.295384	0.9294853846152478	7.06572596201757
0.295683	10.477708846153746	7.119158561129444
0.295982	19.356504230769133	7.178270510045167
0.296281	19.863558461538332	7.083742801929002
0.29658	25.092240000000004	7.201026891703714
0.296879	10.280784230769314	7.1305615697380045
0.297178	9.644958461538465	7.259435129209422
0.297477	19.703938846153846	7.1917545788490775
0.297776	15.452969999999766	7.172716552776593
0.298075	-0.8186711538461395	7.370033346382504
0.298374	19.360370769230656	7.224370353580319
0.298673	19.02616961538473	7.360132892312233
0.298972	17.825318076923338	7.324780528076111
0.299271	19.49582653846153	7.286039141867166
0.29957	10.322883461538481	7.4796852193643675
0.299869	14.044217307692293	7.268685668547127
0.300168	8.132463461538464	7.481980241098631
0.300467	14.5006834615387	7.3525360656453635
0.300766	-2.6671269230769212	7.524059493412711
0.301065	9.896195769230701	7.479940791541798
0.301364	11.645220000000108	7.448913027600883
0.301663	8.06883230769239	7.573619824780192
0.301962	26.57714884615382	7.507485102494307
0.302261	21.84056307692333	7.552762554501038
0.30256	26.483672307692586	7.506501106350077
0.302859	7.090055769230844	7.595741165807702
0.303158	20.161224230769108	7.6414948151874516
0.303457	2.435852307692244	7.613947160711252
0.303756	11.831855769230856	7.634828004643591
0.304055	25.005024230769436	7.58522548890307
0.304354	18.702988846153914	7.716843005244783
0.304653	0.5145830769230315	7.785975665004278
0.304952	5.681686153845874	7.705756402948245
0.305251	30.23891769230778	7.690965505294925
0.30555	14.684455384615433	7.723003297768145
0.305849	11.253131538461844	7.769979124461651
0.306148	8.125999615384842	7.7587766627617025
0.306447	1.9364665384617297	7.739889776677627
0.306746	17.25849807692333	7.826256440981363
0.307045	20.84176038461544	7.796931886282287
0.307344	20.511910384615533	7.865031096903902
0.307643	6.53331230769237	7.8694480656368135
0.307942	19.090198846153953	7.84511726985601
0.308241	22.867936153845847	7.910412888074751
0.30854	6.403723846153866	7.9510909306773705
0.308839	17.756835000000024	7.887257665137851
0.309138	13.442908846153955	7.969907756513987
0.309437	20.514364615384693	7.965776272106355
0.309736	20.185298076923118	8.0914167942575
0.310035	23.85208153846156	7.902328256201775
0.310334	18.35947384615389	8.032261643294206
0.310633	7.190725384615462	7.992185250346461
0.310932	19.743113076923066	8.039571445168177
0.311231	1.0600673076924068	8.03732036470314
0.31153	12.432654230769288	7.9944377806522695
0.311829	8.085216923076985	8.073931367367651
0.312128	6.8911557692304655	8.02143832830086
0.312427	16.70809615384627	8.13236333152922
0.312726	16.716429230769336	8.09412514799836
0.313025	18.829256538461664	8.16179441196707
0.313324	12.060244615384704	8.194942921954988
0.313623	8.307401538461761	8.08382027882698
0.313922	20.9493126923079	8.20582776328888
0.314221	15.807386538461628	8.147715134288271
0.31452	26.87272269230772	8.26727618577387
0.314819	24.041928461538475	8.189657953295598
0.315118	20.57622692307706	8.228247469599706
0.315417	14.513118461538511	8.367044955537358
0.315716	4.156812692307653	8.288610741927739
0.316015	20.67102807692322	8.373469070213655
0.316314	16.932132692307675	8.30643607730913
0.316613	3.906612692307874	8.41542913418385
0.316912	20.86182923076933	8.450834922236794
0.317211	19.506575769230892	8.310039538767423
0.31751	8.321088461538693	8.500154525733446
0.317809	17.556458076923434	8.358576323273123
0.318108	12.019823076923046	8.490786511039413
0.318407	13.612744615384486	8.541986392420835
0.318706	31.38573230769248	8.63103941284132
0.319005	22.009159615384704	8.579211986695729
0.319304	19.40077730769235	8.42161969854046
0.319603	1.4405492307692498	8.697327199287823
0.319902	22.205048076922935	8.57861535451391
0.320201	19.080731538461464	8.66072662647067
0.3205	9.135876923077092	8.74966898016333
0.320799	20.271014999999977	8.544905580920856
0.321098	13.12555615384639	8.789255466182999
0.321397	13.39042499999988	8.715851784720709
0.321696	28.12320576923088	8.814971013416471
0.321995	20.275457307692363	8.79269167872225
0.322294	10.569536538461819	8.679566036855924
0.322593	4.21099961538448	8.944398674575357
0.322892	24.96902538461535	8.762774731533828
0.323191	20.464153846153977	9.003073013279764
0.32349	21.135406153846134	8.790624366107334
0.323789	5.507408076923127	8.985116889865623
0.324088	10.741881923076846	9.050126305623683
0.324387	11.181333461538543	8.805963226107504
0.324686	18.16843384615396	9.174949428380025
0.324985	25.83928500000013	8.876106696107048
0.325284	1.5926550000002067	9.079028024898815
0.325583	29.027344615384607	9.265867345002889
0.325882	12.05585884615391	8.857945025669997
0.326181	2.3330734615387883	9.3407870284063
0.32648	13.88617846153852	9.058598262053405
0.326779	26.067358846153752	9.212566248054758
0.327078	16.4043750000003	9.203158755120064
0.327377	5.421453461538533	9.098608513236787
0.327676	22.788304615384448	9.425235472848568
0.327975	21.578471538461656	9.15495093511089
0.328274	25.291113461538373	9.397207637726718
0.328573	-2.2786199999998757	9.399951459619162
0.328872	15.226521923077087	9.348092444367524
0.329171	9.522264230769338	9.61595505816236
0.32947	13.486578461538556	9.243283157628902
0.329769	12.3377111538461	9.604544779835884
0.330068	5.389443461538519	9.428869615179309
0.330367	10.034328461538507	9.523484312497335
0.330666	2.600050384615372	9.649038116475158
0.330965	17.64681461538453	9.460760802411066
0.331264	22.03356115384605	9.754459299780983
0.331563	6.717017307692402	9.541794170802302
0.331862	25.64895692307698	9.639515976862656
0.332161	5.63631346153835	9.76277679152903
0.33246	3.6057426923077855	9.67578262503149
0.332759	11.802835384615321	9.883314970110835
0.333058	-6.864409615384375	9.754965131976181
0.333357	25.302146538461443	9.88778106318707
0.333656	20.419591153846284	9.755408341528632
0.333955	20.114874230769317	9.935081532700138
0.334254	14.752018846153646	10.093639708493447
0.334553	22.30609038461546	9.742089520620935
0.334852	8.734414615384708	10.093934108149007
0.335151	18.130697307692685	9.889905314994836
0.33545	0.2863396153849749	10.121100582278832
0.335749	24.467728846154102	10.015046882829111
0.336048	23.193014999999775	10.09448437281776
0.336347	6.732981923077034	10.214077416384384
0.336646	-21.032701153846233	10.098851005414192
0.336945	14.307268846153761	10.311390779352614
0.337244	20.655436153846154	10.141111756270808
0.337543	16.00969269230768	10.341653685962182
0.337842	10.971551538461654	10.473455320124305
0.338141	23.262815769230826	10.124812976004922
0.33844	8.172919615384558	10.488790316656809
0.338739	37.73397807692294	10.294061906742735
0.339038	23.912928461538456	10.515933140882606
0.339337	27.822868846153938	10.480785254892584
0.339636	10.567202307692526	10.477562905641854
0.339935	8.775004615384717	10.775517250173008
0.340234	16.546248461538482	10.37371688305223
0.340533	20.88569307692319	10.848705427757691
0.340832	15.631712307692396	10.567792420373197
0.341131	8.848808076923206	10.715347222945606
0.34143	11.420943461538457	10.998632073464783
0.341729	-15.390473076922945	10.599258644410469
0.342028	8.348777307692274	11.020086933921636
0.342327	0.35754115384634133	10.784915384497731
0.342626	9.854304230769344	10.897577137160784
0.342925	18.9571246153846	11.150208383238787
0.343224	16.054530000000227	10.788112419414201
0.343523	-15.583782692307636	11.267910096755958
0.343822	3.3509584615387666	10.91362829153439
0.344121	-3.367098461538262	11.172739348443155
0.34442	21.319337307692535	11.240432836276733
0.344719	4.59156576923084	11.204273711571796
0.345018	11.324982692307799	11.49524778484516
0.345317	6.736593461538348	11.04484603509603
0.345616	14.030331923077085	11.425359900416675
0.345915	4.541193461538455	11.199469334825466
0.346214	24.895069615384728	11.310403870358392
0.346513	17.61235153846161	11.563990894478643
0.346812	1.2572780769233987	11.122546645769125
0.347111	13.780167692307828	11.464456848163325
0.34741	23.585685000000012	11.124391918229367
0.347709	-12.371538461538478	11.48136762069402
0.348008	15.77159076923067	11.322165810562367
0.348307	16.235846538461544	11.260132461909011
0.348606	13.032050769230807	11.631669377403572
0.348905	-2.5860415384615294	11.262029172057492
0.349204	5.673908076922942	11.592093740906172
0.349503	-10.03353576923081	11.467410510482548
0.349802	4.385175000000004	11.561027334283223
0.350101	21.357091153846284	11.822693554507422
0.3504	-5.172006923076992	11.396671014467302
0.350699	12.35485846153847	11.82760984501768
0.350998	0.46144961538487905	11.649688335736702
0.351297	16.702904999999987	11.961109423857032
0.351596	0.01205653846164978	12.19686148827116
0.351895	5.985798461538479	11.698456685296353
0.352194	17.253656538461712	12.227788516326424
0.352493	23.17875461538449	11.701684841642562
0.352792	-0.004668461538415158	12.286086315497995
0.353091	27.09207230769249	12.12066522420892
0.35339	11.735562692307667	12.160394084549136
0.353689	31.089894230769175	12.495357674020333
0.353988	15.268076538461571	11.845292322814894
0.354287	10.049163461538399	12.641684588860523
0.354586	18.23820576923066	12.208610137927247
0.354885	5.43253153846166	12.536629461143608
0.355184	26.214401538461402	12.916355824695025
0.355483	16.006683461538557	12.135576720154393
0.355782	-6.023601923076967	12.974256926134185
0.356081	3.1981084615384248	12.41354584163718
0.35638	6.73890461538474	12.956575197176324
0.356679	3.9584757692305175	12.890559571794022
0.356978	-5.686960384615418	12.816759851853273
0.357277	24.304903846154048	13.351504691814885
0.357576	23.241601153846318	12.619099440924828
0.357875	26.00643346153828	13.356017721582782
0.358174	1.425549230769093	13.007216709895022
0.358473	22.16953269230777	13.090642721847924
0.358772	14.168365384615413	13.841618164242622
0.359071	4.1605742307691	12.886580037124798
0.35937	-5.305233461538478	13.952042946215357
0.359669	19.59433384615363	13.299171086982469
0.359968	8.421200769230666	13.716696714752569
0.360267	-17.043476538461334	13.845046336508393
0.360566	-5.4560226923077835	13.554092873951875
0.360865	19.02195692307697	14.201003062268576
0.361164	13.14179653846162	13.424293323366573
0.361463	34.31637807692306	14.268909175165714
0.361762	0.011409230769231726	13.980104838221557
0.362061	26.173940769230796	14.015249866700977
0.36236	3.1211492307692765	15.044399617917419
0.362659	26.268169615384693	13.615379541838163
0.362958	21.82133307692328	14.793809232691213
0.363257	18.31558846153837	14.162714042198633
0.363556	6.4990015384615845	14.688348834643822
0.363855	4.814746153846272	15.261405109703357
0.364154	10.93966615384619	13.968807448562288
0.364453	16.3128138461538	15.413676526821664
0.364752	18.32166807692306	14.4487895728729
0.365051	9.629232692307824	15.200048350936925
0.36535	29.669355000000053	15.146086071117793
0.365649	10.732590000000073	15.049576355841669
0.365948	10.724356153846315	16.09140691536572
0.366247	23.117586923076942	14.87516030199394
0.366546	48.94784769230796	15.808358321156948
0.366845	12.524232692307748	15.474648831203641
0.367144	10.098868846154062	16.07254894519709
0.367443	18.830801538461856	16.900569025699724
0.367742	-11.042783076923286	15.222069659244923
0.368041	16.20503192307706	16.569228724426637
0.36834	-11.80316538461534	15.848835632205647
0.368639	31.541198076922967	16.6778795799208
0.368938	34.581557307692094	16.719660287565567
0.369237	29.680816153846195	16.31197267327215
0.369536	3.380252307692217	17.503130681455787
0.369835	30.003478846153826	16.27089565106749
0.370134	-4.096721538461509	17.66541709426743
0.370433	33.94208884615392	16.971698265822017
0.370732	35.82421153846167	17.288919446167203
0.371031	20.84331346153857	18.92315486761173
0.37133	10.495235769230874	16.760048862544988
0.371629	-2.983115769230608	18.715411589546427
0.371928	25.326656538461634	17.69228158660461
0.372227	33.768543461538684	18.24777287401644
0.372526	52.810397307692256	19.03645442985038
0.372825	22.15892769230794	17.480198509130666
0.373124	23.567300769230997	20.43130180452307
0.373423	5.506219615384623	17.98411109379877
0.373722	30.61968576923084	19.556332239560515
0.374021	41.60316576923083	19.158438124152994
0.37432	15.930250384615363	19.489739740486105
0.374619	15.873248076923176	21.482375391305453
0.374918	45.719021538461504	18.356479874939726
0.375217	-9.988695000000007	21.723473762270103
0.375516	5.1718407692309825	19.636145051518717
0.375815	14.05289307692317	21.306141687051912
0.376114	22.336463076923167	22.827527977280067
0.376413	-3.3284538461537636	19.660513184312812
0.376712	-4.21397884615385	23.120411005434914
0.377011	-21.805565769230498	20.696434719397907
0.37731	25.072968461538323	23.09611723389784
0.377609	-0.5602523076922239	22.12627207745539
0.377908	20.679852692307804	22.840633153203363
0.378207	9.698611153846059	24.827002501571243
0.378506	-7.641573461538599	21.834560545061407
0.378805	7.105760769230756	24.98708330153136
0.379104	21.07555153846164	23.822316356351024
0.379403	32.65674692307704	25.145144817886163
0.379702	14.149636153846075	27.660157286673616
0.380001	76.5641561538462	23.09123720880412
0.3803	28.35515192307696	28.60594826189746
0.380599	-8.355276923076758	25.2159110431179
0.380898	2.910799615384633	28.26929920788801
0.381197	-5.156228076923014	28.54407215704679
0.381496	8.133390000000077	27.73033229514874
0.381795	9.288043846154153	31.406016630324693
0.382094	24.148968461538345	28.575108839151575
0.382393	70.98826846153861	31.310770908712772
0.382692	55.21805192307684	31.92566633885962
0.382991	-12.117882692307774	31.13447308115626
0.38329	-9.467162307692092	35.579767433840075
0.383589	36.00540807692329	33.235878286062444
0.383888	50.743175769230675	36.35241113701192
0.384187	31.011933461538604	39.56247256030603
0.384486	50.641828846154056	36.39854580975584
0.384785	15.142668461538562	47.39501612258111
0.385084	21.12891692307693	38.68309485094206
0.385383	25.899245769230788	49.64442948787897
0.385682	11.60795423076911	48.49802681174063
0.385981	-11.447086153846271	49.334726176757854
0.38628	0.	0.
0.386579	104.79172384615393	52.09809699991226