0.0051976508	322.07109411764395	238.1485150183378
0.00550339478	313.45942235294206	229.38357161930466
0.00580913873	359.26387017646994	190.24962017161133
0.00611488265	254.22954552940791	156.01377907077048
0.00642062653	361.56494394117726	126.50396093249977
0.00672637038	323.23112182353	98.5377076262017
0.00703211418	386.552569705882	82.22106021133868
0.00733785795	358.220362	69.88732194684681
0.00764360168	311.4544991176481	58.74600401204513
0.00794934536	291.87231482352854	51.243630868160096
0.008255089	329.0332841176469	44.03295953075574
0.00856083259	288.88445117647007	39.833859054983584
0.00886657613	296.7839154705871	35.42342665329285
0.00917231962	325.77479317647067	32.104116697570966
0.00947806306	334.75378970588235	28.77243330824717
0.00978380645	306.4435094705882	26.31834623034143
0.0100895498	303.8089131176471	23.885999336103026
0.010395293	336.6922387058821	21.912680304459123
0.0107010363	331.5859059411764	20.570847117901003
0.0110067794	341.1648688823534	18.970755099943876
0.0113125225	327.0844590000006	18.150772525786444
0.0116182655	323.5451794117653	17.323883247743655
0.0119240085	302.06384729411775	16.728376796112048
0.0122297514	299.94803699999966	16.253686243920413
0.0125354942	294.1437655294112	16.093323073009195
0.012841237	304.3615461764705	15.281411907234473
0.0131469796	293.4809813529405	15.188654845241885
0.0134527222	320.4720613529414	14.383005467235987
0.0137584648	311.59119017647004	13.821556297338942
0.0140642072	289.48173629411735	13.767937899478909
0.0143699496	266.1390958882355	13.365741907045306
0.0146756919	275.2773081941182	12.809919454715214
0.0149814341	307.55388330588266	12.809101225103152
0.0152871762	285.2797096941174	12.651097659735795
0.0155929182	302.8538666705879	12.106121053584651
0.0158986602	288.37365008235247	12.041190572780964
0.016204402	250.89970049999988	11.694403069461469
0.0165101438	240.82775196470607	11.399322311291185
0.0168158854	271.1860948647061	11.33985698801091
0.017121627	267.2493374588232	10.759894264355465
0.0174273685	261.9989431705885	10.553079913823568
0.0177331099	251.15180893529396	10.558986486932973
0.0180388511	254.6295841823528	10.518711469366723
0.0183445923	257.15895189411754	9.981889743941501
0.0186503334	262.30592268823534	9.494812415877277
0.0189560743	246.8840878529411	9.327456947715884
0.0192618152	238.87851721176435	9.050382727467019
0.0195675559	235.19878610000023	8.900890308569739
0.0198732965	243.3894243000002	8.669116326615182
0.0201790371	226.46072300000026	8.434755059192844
0.0204847775	236.349702835294	8.36470061649733
0.0207905178	218.60822887058862	8.229654695030028
0.0210962579	230.3264693941178	8.078600985845414
0.021401998	227.99935440000024	7.92517064136197
0.0217077379	212.7935086294118	7.848791938720184
0.0220134777	220.23989887647053	7.6715999150101055
0.0223192174	213.22792237647081	7.634520485901018
0.0226249569	211.36269478823533	7.589113549748168
0.0229306964	211.07241391764728	7.391708681219397
0.0232364356	206.08367993529407	7.435112522970641
0.0235421748	205.14287262941173	7.21202824079891
0.0238479138	196.36564425294114	7.135044309048056
0.0241536527	188.25990702352942	7.119621507524911
0.0244593915	188.01881849411802	6.971145834835603
0.0247651301	184.48086775294155	6.89413204814571
0.0250708686	198.29627607647058	6.719626113408453
0.0253766069	183.82134888235305	6.713926615007721
0.0256823451	181.4522923764706	6.713435299418608
0.0259880831	170.3164141529411	6.582161243261661
0.026293821	177.2847084588235	6.542649002989788
0.0265995588	186.93792740000004	6.415814248912358
0.0269052963	176.29007639999986	6.323150654285393
0.0272110338	183.0934150823531	6.327792942793167
0.0275167711	160.4620150411762	6.237320399452164
0.0278225082	169.14754684117645	6.228767209519926
0.0281282452	167.15133930000013	6.107499929408083
0.028433982	163.37483164705895	6.0062593956582715
0.0287397186	160.91918762352918	6.02651032037108
0.0290454551	159.77948765294138	5.945968183397254
0.0293511914	152.05707511764706	6.098497609481246
0.0296569276	151.75109265294122	6.106633346876786
0.0299626636	147.8930501294118	6.144615831728515
0.0302683994	151.40331723529403	6.10444547420968
0.030574135	146.3903107882353	6.092397805422364
0.0308798705	144.00715924705878	7.95664379569436
0.0311856058	138.78676075882368	6.075337817873534
0.0314913409	135.0167785294119	6.043213438256717
0.0317970758	134.54740511176442	5.99104128902241
0.0321028106	134.49555064705885	5.9250406018313555
0.0324085451	133.3456566882353	5.951451606477651
0.0327142795	139.03443729411765	5.852701744591494
0.0330200137	138.70754193529433	5.895763895049091
0.0333257478	143.9419393529413	5.806501198689568
0.0336314816	117.28603556470591	5.749416527139282
0.0339372152	119.24833834117658	5.784861580580211
0.0342429486	125.93509235294107	5.693691779587387
0.0345486819	118.96729736470581	5.758423334677193
0.0348544149	131.6979502705882	5.704173935983833
0.0351601478	121.81734601176458	5.707259956489982
0.0354658804	129.9959834941177	5.6476706416823355
0.0357716129	120.5262654705881	5.556331373529953
0.0360773451	115.66044644117642	5.690004399360119
0.0363830772	112.84537018235278	5.589461095588555
0.036688809	116.87031087058813	5.582886711228716
0.0369945406	124.56739238823525	5.5613145882620625
0.037300272	119.35399075294129	5.511477186374672
0.0376060032	108.1226321058823	5.522054486186462
0.0379117342	103.29907101176468	5.506680957706698
0.038217465	98.23437371764714	5.447189438883791
0.0385231956	108.31143768235279	5.42373413242331
0.0388289259	107.58513166470561	5.413843838412348
0.039134656	105.54107079411767	5.418349246973306
0.0394403859	102.92661758823544	5.302003209827994
0.0397461156	96.19643997647063	5.323091130783739
0.040051845	98.05185345294092	5.298460012659754
0.0403575742	102.11213540588255	5.355663458354007
0.0406633032	93.44608160000007	5.258616505018487
0.040969032	96.65434202941174	5.215671183566596
0.0412747605	94.64379975294128	5.214622121535186
0.0415804888	94.37079470588208	5.214811657973622
0.0418862168	94.00063704705872	5.210630753969283
0.0421919446	95.24938651764705	5.177815762272445
0.0424976722	100.60464464705899	5.171566010243787
0.0428033995	95.74451162352932	5.157109663807871
0.0431091266	81.55859935294086	5.162249986989373
0.0434148535	81.75937135294134	5.086216108571032
0.0437205801	82.35644960000002	5.079545715106083
0.0440263064	87.96377031764712	5.1206368789491075
0.0443320325	78.44368631176485	5.111831684026928
0.0446377583	79.83452033529397	5.026150217628473
0.0449434839	93.52828295294114	5.036735685496888
0.0452492093	87.89590235294122	4.913571655370369
0.0455549343	78.8299535529411	5.0149012918031035
0.0458606592	76.12342824705865	4.931538358517192
0.0461663837	76.1055602117649	4.967994071953012
0.046472108	82.77194841176458	4.9225017202597945
0.046777832	68.163337070588	4.970906879731008
0.0470835558	75.39389820000008	5.038853631234896
0.0473892793	68.77724388235299	5.014272758492176
0.0476950025	71.41009967647062	5.053884240648675
0.0480007255	71.9899067411767	5.057719343546661
0.0483064482	66.29127769411753	5.113788709178944
0.0486121706	72.72340352352967	5.140782595030928
0.0489178927	70.65293276470584	5.096549693908045
0.0492236146	63.64632129411768	5.221284433376784
0.0495293361	63.63638408235283	5.237018880816747
0.0498350574	74.01324358823513	5.154351853686774
0.0501407784	77.680435482353	5.249319750985606
0.0504464991	67.31895559411748	5.261818631034113
0.0507522196	68.96305338823538	5.318772305016248
0.0510579397	69.37672092941182	5.220649615654039
0.0513636596	66.01510170588222	5.284537198290756
0.0516693792	62.792392941176445	5.27197300638042
0.0519750984	72.7581624764706	5.2802753455268965
0.0522808174	56.45629744705877	5.36882274753557
0.0525865361	58.14063990588227	5.2600988792699015
0.0528922545	64.82320315294123	5.314050594201334
0.0531979725	63.28784542941173	5.3690409658848495
0.0535036903	55.64083534705878	5.326205684222591
0.0538094078	57.75178752941167	5.327942090254895
0.0541151249	53.383921670588165	5.284837104507773
0.0544208418	57.960774300000026	5.3927744893938
0.0547265584	66.13855504117646	5.371765446819416
0.0550322746	55.778975223529415	5.291125216765183
0.0553379905	72.86363749411748	5.350937770248183
0.0556437061	55.20937377058806	5.387781117205543
0.0559494214	63.55334872941194	5.408068607173597
0.0562551364	51.03962517058824	5.302921128337331
0.056560851	50.73117165294116	5.387699371188786
0.0568665654	61.76240827058825	5.353457345153745
0.0571722794	48.79818871764701	5.349683913477053
0.0574779931	48.791356788235134	5.360554159600497
0.0577837064	46.82568795882378	5.331739709979437
0.0580894195	51.67066707647041	5.342825524190093
0.0583951322	45.7312843529412	5.272370439692083
0.0587008445	55.11189996470614	5.341704102438871
0.0590065566	53.692921370588124	5.293982218179667
0.0593122683	52.63003489411756	5.225555239961177
0.0596179796	54.571491576470294	5.423697756878712
0.0599236906	52.71430603529427	5.244632630227974
0.0602294013	48.44022933529425	5.23852191629438
0.0605351117	46.40936781176481	5.221424730584568
0.0608408217	51.29526647058833	5.2548454158024835
0.0611465313	57.917637776470315	5.311421129680812
0.0614522406	50.45965381764711	5.255131391638242
0.0617579496	45.85292108823501	5.251702646309395
0.0620636582	41.68973609411762	5.212908043862392
0.0623693664	47.40387614117651	5.215853957710157
0.0626750743	47.295051729411625	5.26306639861299
0.0629807818	40.8171930882354	5.181867519335942
0.063286489	42.681842500000016	5.21055342290314
0.0635921958	37.42203372352924	5.134142699738808
0.0638979023	55.78162835882358	5.0980112192782645
0.0642036084	34.955276758823516	4.9957186868116334
0.0645093141	42.19924398235287	5.0692200104320015
0.0648150195	35.03139955882352	5.160420938773618
0.0651207245	43.895057652941205	5.112678921922453
0.0654264291	43.30040041764687	5.174398432855768
0.0657321333	38.22818374117651	5.189113679922003
0.0660378372	40.575832547058894	5.0899686029668665
0.0663435407	47.438015047058684	5.202228679055143
0.0666492438	45.27174074705874	5.050356044877739
0.0669549466	43.38121158235299	5.093273699262159
0.0672606489	44.330531847058865	5.0791440921214805
0.0675663509	41.62040970588225	5.107460997176175
0.0678720525	40.16242108823508	5.103304592274951
0.0681777537	37.5945747470588	5.067137697809559
0.0684834546	44.23646995294132	5.131392322299993
0.068789155	36.28791530588251	5.045091179147309
0.069094855	38.490813258823664	5.0774257434068115
0.0694005547	33.888429141176516	5.056091378463823
0.0697062539	44.58195761176455	5.040012648874876
0.0700119528	39.11328804705886	5.05443760000246
0.0703176513	45.12336295294131	5.040289730336212
0.0706233493	34.323454947059076	5.065341117379159
0.070929047	41.031522947058875	4.9971623057373264
0.0712347442	33.97022361764721	5.053523770274944
0.0715404411	37.200964458823364	5.025566826264214
0.0718461375	37.52384323529395	4.968548892283378
0.0721518336	36.213857570588175	4.972843922031713
0.0724575292	39.29735798235288	4.958838626726112
0.0727632244	40.87267579999991	5.044555711920294
0.0730689192	34.33386544705911	4.981164881606158
0.0733746136	41.73417608235275	4.944590603964512
0.0736803076	25.920297670588184	4.991981321111817
0.0739860011	34.72948352941171	4.941377650457507
0.0742916942	40.38811158235319	5.013965318680655
0.0745973869	32.924988600000006	4.9744754294333395
0.0749030792	32.189392817646876	4.864378670475281
0.0752087711	32.230392952941315	4.974842073305661
0.0755144625	30.141280447058648	4.933850912361035
0.0758201535	36.17520821764708	4.898894816096596
0.0761258441	32.07462110588244	4.9669895448842905
0.0764315342	31.787391705882214	5.172052617806484
0.0767372239	27.98904773529398	5.167885193578312
0.0770429132	34.76715711176496	5.207861320280622
0.077348602	31.78334254117658	5.275196440494175
0.0776542904	26.652657752941195	5.285850675560695
0.0779599783	26.998982088235266	5.368766380711617
0.0782656658	36.19942159411778	5.452795397978263
0.0785713529	40.86104804705883	5.411743751175585
0.0788770395	32.32824054705861	5.51517614647818
0.0791827257	32.38626342352916	5.521581645578249
0.0794884114	30.530334341176285	5.633575604423666
0.0797940966	35.96374591764709	5.5484984594696405
0.0800997814	25.329454099999907	5.617717091751276
0.0804054658	24.638228700000013	5.642647674218971
0.0807111497	30.865975958823583	5.652732783942962
0.0810168331	29.782390035294043	5.688224891902018
0.0813225161	40.95247336470584	5.698413434811724
0.0816281986	36.94498316470606	5.743219909753671
0.0819338806	25.85234907647032	5.817768683878273
0.0822395622	33.573099652941096	5.601676049379078
0.0825452433	25.647424900000146	5.646240320308853
0.082850924	31.05969394117642	5.265963662817597
0.0831566041	23.316762876470534	5.329831028566296
0.0834622838	26.71198855882335	5.2514866678045715
0.0837679631	22.274177041176586	5.160865879093492
0.0840736418	28.983154223529368	5.2879091927530535
0.0843793201	26.858337200000165	5.176243818420163
0.0846849979	21.84567850000019	5.141880161655032
0.0849906752	25.249305264705868	5.028737253270727
0.085296352	22.576174458823516	5.035017836399579
0.0856020284	31.916492717646975	5.068345668317575
0.0859077042	25.080183394117626	5.059705794413792
0.0862133796	30.528015005882366	4.9944842865348145
0.0865190545	16.737102058823552	4.958960759467824
0.0868247289	31.006840735293963	4.9225678556068955
0.0871304027	26.459342147058692	4.930455280931946
0.0874360761	27.75328779411757	4.830415200031884
0.087741749	19.101924105882176	4.926169860837915
0.0880474214	30.61736669999982	4.829490140453615
0.0883530933	31.952250017647316	4.85286686495251
0.0886587647	27.273923064705855	4.839335467428846
0.0889644356	26.97009138823512	4.82045002875084
0.089270106	31.416449417647186	4.855354682028178
0.0895757759	38.16369334117633	4.871980777241165
0.0898814453	20.8195862941177	4.846327662433397
0.0901871141	17.28744536470583	4.819276745391839
0.0904927825	22.801857782352954	4.8224980656392065
0.0907984503	19.346972317646987	4.796369183224143
0.0911041176	26.89449685294096	4.780968803980021
0.0914097844	21.54877019999992	4.781996189490189
0.0917154507	23.49416169411802	4.724492271696341
0.0920211165	11.652033682352908	4.799722374779524
0.0923267817	22.416904005882316	4.730170212042384
0.0926324464	22.01936737058827	4.737579869879303
0.0929381106	18.27441778823527	4.760331938053622
0.0932437742	23.009544758823495	4.741111473752709
0.0935494374	18.92500027058793	4.752339872405113
0.0938550999	17.116520488235096	4.6935584766848635
0.094160762	24.220163782352984	4.692648430576591
0.0944664235	17.215481276470655	4.751846979615775
0.0947720845	17.331546817646995	4.707256345610228
0.095077745	21.344854117647287	4.684904931540837
0.0953834049	21.775393282352752	4.663910065693146
0.0956890642	23.68938559411754	4.68213757349378
0.0959947231	19.030868552941	4.697120754995092
0.0963003813	24.48255745294125	4.689729215674805
0.0966060391	19.070642470588155	4.6650075083053695
0.0969116962	17.93112515294115	4.682544582370119
0.0972173529	23.561462082352932	4.679431223009505
0.0975230089	25.53700203529411	4.631229275867538
0.0978286645	14.912527970588258	4.5987986685532745
0.0981343194	21.768459129411667	4.632126887056167
0.0984399738	17.03043007058818	4.648929314411158
0.0987456277	21.84836914705886	4.670355561363245
0.099051281	17.496827570588266	4.626010599561975
0.0993569337	30.378622099999802	4.664191447274606
0.0996625858	27.860862541176516	4.65849315342348
0.0999682374	14.46676665294126	4.595071679424907
0.100273888	16.36167288235299	4.60319532625218
0.100579539	21.697561976470524	4.59371661572063
0.100885189	20.612616152941314	4.5301550318530985
0.101190838	20.49404107058831	4.541974257040894
0.101496487	19.82985147647082	4.522837706905953
0.101802135	13.40100143529412	4.517419988506354
0.102107783	19.72778952941178	4.5454787322187835
0.10241343	16.249754900000084	4.5827838692022045
0.102719076	16.442562570588507	4.58336817964907
0.103024722	20.265185082352787	4.49340672605651
0.103330367	10.56964567058833	4.508684559845813
0.103636012	8.73712428823535	4.529474500125394
0.103941656	16.222020029411738	4.536323597497014
0.104247299	12.934514658823446	4.501389670202795
0.104552942	14.47781717058831	4.453312059497429
0.104858584	12.78717880588215	4.528927772519357
0.105164226	15.007932217647067	4.52828508706889
0.105469867	16.636850258823415	4.4845550096503715
0.105775508	19.08420704705884	4.460101303140717
0.106081148	16.23274718235325	4.4636848468535595
0.106386787	16.505181141176536	4.462605947113353
0.106692426	17.500040305882408	4.455494835621703
0.106998064	21.54738828235304	4.462647280421459
0.107303701	20.714302123529478	4.409823591520082
0.107609338	18.478742794117693	4.475613324207367
0.107914974	20.907704388235175	4.485281537463254
0.10822061	17.729446499999767	4.484936535835288
0.108526245	13.114424252941262	4.455005489091501
0.108831879	13.90120228823514	4.42971079580936
0.109137513	19.516759352940994	4.455610300356069
0.109443146	13.657435141176393	4.4277140959927666
0.109748779	14.800303964705904	4.410742988598597
0.110054411	25.803960529411597	4.426443132057164
0.110360042	18.132423105882253	4.411070858387214
0.110665673	19.4451907588234	4.35796545454844
0.110971303	15.543058217647058	4.420689293074417
0.111276932	16.558276976470665	4.396430949323851
0.111582561	17.874137505882572	4.4756375299667095
0.111888189	17.338675388235174	4.423266034268125
0.112193817	11.65866162941154	4.365547227346104
0.112499443	22.188321547058763	4.291835673025937
0.11280507	24.452232623529426	4.34246589535005
0.113110695	15.358396388235064	4.347041134521251
0.11341632	6.066176258823816	4.331436600497249
0.113721945	22.37573426470567	4.374887341904176
0.114027568	15.935768323529487	4.32351365480974
0.114333191	25.518569847058643	4.372961380255767
0.114638814	10.017919223529475	4.330386436401401
0.114944435	12.442801870588141	4.285903111559543
0.115250056	22.15833199999986	4.343005148762897
0.115555677	14.059801376470546	4.323174267134191
0.115861296	21.46499844117625	4.3761409144545205
0.116166916	17.385098358823598	4.308763087202609
0.116472534	13.847769623529416	4.3566559180075455
0.116778152	19.601437047058994	4.318057968865838
0.117083769	13.022975835294119	4.305052738868199
0.117389385	7.372758347059062	4.317804312461621
0.117695001	14.657514241176614	4.3427884575526905
0.118000616	6.550479552941056	4.343098789036069
0.11830623	17.12675188235312	4.303898360529748
0.118611844	9.000470000000064	4.275828694729811
0.118917457	12.586151582353068	4.277581374333658
0.11922307	21.706034900000304	4.276613164043722
0.119528681	13.587173035294427	4.418531108520727
0.119834292	15.869033235294182	4.450451367377817
0.120139903	15.519148347058604	4.48088211436549
0.120445513	13.428370205882402	4.53889223626855
0.120751122	11.713400994117706	4.562604501137587
0.12105673	12.41782737058827	4.617681382511919
0.121362337	7.357952735294248	4.581318717483436
0.121667944	12.637537435294007	4.630666246559307
0.121973551	11.033453105882359	4.663289388317779
0.122279156	12.046453629411644	4.707206347557919
0.122584761	8.510931164705994	4.6995800329249215
0.122890365	13.130562411764572	4.786460957589708
0.123195969	10.573266352941118	4.689252314154394
0.123501571	13.480153247058752	4.561453866543742
0.123807173	12.5062523705883	4.471660201528868
0.124112775	18.584010941176302	4.517013374573777
0.124418375	12.575953411764658	4.557599630182483
0.124723975	16.454631858823518	4.521307955796676
0.125029575	18.52098725294104	4.443490853449742
0.125335173	8.275211535294034	4.4791189450269
0.125640771	13.324684505882374	4.427848946431766
0.125946368	6.344311682352895	4.45400840875225
0.126251964	11.030439382352938	4.384653651160612
0.12655756	7.601648170587964	4.404175435722051
0.126863155	13.998470952941261	4.45957408632155
0.127168749	7.9751284058822876	4.377750931694321
0.127474343	10.463097341176308	4.34554145703247
0.127779935	14.087105999999949	4.330605185184202
0.128085528	16.45766623529414	4.379879423273375
0.128391119	19.215636535294266	4.38283996134449
0.128696709	9.029204200000208	4.330148018890691
0.129002299	13.251060400000142	4.3536454730938985
0.129307888	13.253603647058867	4.29761442892746
0.129613477	15.772229200000083	4.292638299670845
0.129919064	6.452854188235392	4.335841186935128
0.130224651	13.845851400000129	4.254791751094839
0.130530238	16.3045615235294	4.2852094667312555
0.130835823	13.62750486470577	4.25621681165485
0.131141408	6.261434641176606	4.218179398515875
0.131446992	7.671956788235093	4.200054392055585
0.131752575	10.471869729411765	4.176393271324334
0.132058157	7.092845358823411	4.251511386095882
0.132363739	13.906980152941287	4.193647207361147
0.13266932	8.531147123529536	4.2148191188011115
0.1329749	18.103693705882392	4.168675866393398
0.13328048	11.019082499999968	4.1847358230082605
0.133586058	8.67421594705877	4.221265556636203
0.133891636	16.533276852941412	4.1648103144864566
0.134197213	7.719066376470664	4.174922003119944
0.13450279	8.690909894117453	4.213064126901964
0.134808365	9.280903470588214	4.146259050821735
0.13511394	12.343349052941221	4.176292423640165
0.135419514	3.9935493235294643	4.134287363012223
0.135725088	7.018611805882529	4.170937895106906
0.13603066	4.164795505882353	4.167027771061044
0.136336232	13.659804047058742	4.16994254941874
0.136641803	9.370075788234999	4.15297908730175
0.136947373	9.889931705882418	4.126024975149341
0.137252943	15.15505326470577	4.154210915788583
0.137558511	13.628190947058783	4.112600940824449
0.137864079	7.824563070588283	4.139652187482575
0.138169646	12.63981329411763	4.089134086254888
0.138475213	10.551675347058904	4.129045955051148
0.138780778	4.502706864705942	4.1150300780843505
0.139086343	13.290068994117632	4.084419806802649
0.139391907	14.157093794117714	4.117553674710826
0.13969747	1.9584792470589036	4.086550571034063
0.140003032	13.806282847058696	4.071084493202987
0.140308594	1.4703826941175748	4.01120558685103
0.140614155	14.770203435293979	4.009428580284024
0.140919715	9.06454651176466	4.078457360349043
0.141225274	9.943389182352917	4.0416044422677375
0.141530832	10.21310865294106	4.220339486364023
0.14183639	13.79930025882345	4.2382439665438945
0.142141947	9.823642705882207	4.271155626644206
0.142447503	3.704928658823519	4.344764569029149
0.142753058	6.987652035294332	4.275786339732709
0.143058612	15.160257823529378	4.400802160945318
0.143364166	11.286018141176328	4.344731228340711
0.143669718	7.347121370588184	4.4192358092294795
0.14397527	14.20324865294117	4.538472230799115
0.144280821	9.811686358823636	4.435373592398485
0.144586372	16.16690883529418	4.4338618862303765
0.144891921	9.819229611764854	4.458668785077694
0.14519747	5.916274876470425	4.489556596917003
0.145503017	12.769082911764485	4.461868964261706
0.145808564	8.93584325294114	4.492319398913403
0.146114111	12.112605170588267	4.577922587068781
0.146419656	6.628061464705752	4.553893060340711
0.1467252	6.089600782353045	4.616952986823454
0.147030744	9.958307405882465	4.54811506973038
0.147336287	10.006425205882238	4.577344438504737
0.147641829	1.871635094117778	4.643449383460697
0.14794737	2.9152469058822135	4.62409517741552
0.14825291	3.143041841176455	4.6283994781795625
0.14855845	4.704860958823701	4.401640129010055
0.148863988	10.291214317647132	4.39409314612356
0.149169526	6.920144935294161	4.314550824493954
0.149475063	11.442657399999689	4.2754778774337305
0.149780599	12.90657739411779	4.305519203847037
0.150086134	10.30051684705893	4.198867439976684
0.150391668	10.784102647058603	4.249038965503446
0.150697202	11.369508064705883	4.195843462464938
0.151002735	14.453908217647154	4.16532594264478
0.151308266	5.839935699999842	4.145463403920311
0.151613797	11.24950392352946	4.149048264724648
0.151919327	12.490076782352844	4.144665103886792
0.152224857	8.748207235294103	4.071360796407738
0.152530385	5.407488329411535	4.131095853621543
0.152835912	2.8937079588234838	4.123306011005534
0.153141439	7.531897529411822	4.113154846498254
0.153446965	18.854011605882306	4.087638878104865
0.15375249	11.823999458823323	4.06470838334933
0.154058014	11.100527641176427	4.090288332139481
0.154363537	8.2126048352942	4.070206207771149
0.154669059	10.364432052941083	4.0340840061898815
0.15497458	15.161848941176572	4.065646434773394
0.155280101	11.186926999999969	4.019719519617621
0.15558562	7.525232470588094	4.065751732165749
0.155891139	7.622174282353058	4.028634797863178
0.156196657	7.026414905882461	4.064073822222778
0.156502174	2.0422591294117183	4.0397338820983855
0.15680769	7.0908574058825025	4.010771630842757
0.157113205	5.557977382352988	4.067100624960023
0.157418719	13.737050729411749	3.993350367654767
0.157724233	13.046790958823408	4.028477623277432
0.158029745	10.680452505882272	4.009107639492236
0.158335257	4.988258735294039	4.009895194140976
0.158640767	5.73358513529422	4.008034877186938
0.158946277	10.025671829411749	3.864778882329285
0.159251786	7.553122888235407	3.9273152804602183
0.159557294	6.864779352941127	3.9103961223197863
0.159862801	12.598911705882301	3.9613415626141513
0.160168307	8.67085084705866	3.9698787561737072
0.160473812	8.406934800000045	3.9102639638062002
0.160779317	6.347028900000282	3.9996189277581946
0.16108482	10.503137805882602	3.899632728890021
0.161390323	5.821235335294205	3.95285764580046
0.161695824	10.490537964705936	3.912283262862599
0.162001325	11.505730605882604	3.962825380507121
0.162306825	8.339759847058758	3.9488312841807076
0.162612324	9.852882647058891	3.8913349972645563
0.162917821	17.152235388235	3.921734743078417
0.163223318	0.3416313176470567	3.893244419015087
0.163528814	6.0061225352940255	3.9051984339105794
0.16383431	2.4761789764704645	3.942804883372149
0.164139804	11.108718982353025	3.892185931616195
0.164445297	14.46520134117634	3.8945492848219736
0.164750789	9.37952031764712	3.921618747483464
0.165056281	6.985195182353209	3.8936294604561197
0.165361771	2.853518382352945	3.881301028087842
0.165667261	2.4132415823529527	3.864826268771245
0.165972749	1.9548814117647453	3.8882541572560783
0.166278237	15.762123376470527	3.903170409346136
0.166583724	4.683214241176529	3.848324453171922
0.166889209	13.087483970588323	3.9107793435635885
0.167194694	6.675703652941252	3.88742905105688
0.167500178	10.831622194117472	3.880283540462554
0.167805661	11.089790876470488	3.9013360672490416
0.168111143	6.5892389058823255	3.872027779552679
0.168416624	11.619884541176248	3.88396993368822
0.168722104	6.526423617647197	3.889860241947346
0.169027583	0.5626563294115385	3.8523594933099012
0.169333061	8.993753164705709	3.88129621674664
0.169638538	2.967700723529447	3.869428629140974
0.169944014	1.7224136058821387	3.8666631163424627
0.17024949	8.452816005882369	3.862805635273932
0.170554964	4.147790611764663	3.8324092882600183
0.170860437	3.394102741176539	3.8175884248809826
0.171165909	10.554025141176226	3.836584354053134
0.171471381	11.712517029411515	3.820745870396631
0.171776851	14.817371023529404	3.820978263638441
0.17208232	2.132973405882126	3.8195933691851702
0.172387789	2.614620170588182	3.8540279684507386
0.172693256	7.218466058823765	3.8410379583399235
0.172998723	9.776872447059077	3.8130069615382656
0.173304188	0.6110747235294411	3.837545601677925
0.173609653	8.233426864705848	3.8006941538021666
0.173915116	2.7239509352941695	3.821201618840773
0.174220579	7.030787241176199	3.8093931710934132
0.17452604	-3.0163021941177703	3.8310822124219404
0.174831501	1.0724522764704716	3.8193876865949337
0.17513696	8.141360341176437	3.785026708894439
0.175442419	9.0365448058825	3.802308412318651
0.175747876	12.604449423529331	3.762305671349207
0.176053333	1.3901499470587169	3.8279735183966204
0.176358789	7.418535317647411	3.796472994566129
0.176664243	4.868843258823745	3.7807306249951114
0.176969697	9.785685823529434	3.7927899544037995
0.177275149	11.674331911764739	3.6605295358776133
0.177580601	0.3064278647057108	3.6408681591743193
0.177886051	3.2258293999998386	3.715513309862819
0.178191501	15.980593570588212	3.715677445971044
0.178496949	11.066080605882462	3.7197855688818637
0.178802397	9.951809952941062	3.7184690725057608
0.179107843	12.669776799999909	3.7148108907291824
0.179413289	12.169133005882372	3.712062045817527
0.179718733	10.859437035293922	3.7206163547640814
0.180024177	8.011705323529327	3.722577951660356
0.180329619	3.6206062823530374	3.73684533845695
0.18063506	12.794413182352855	3.711993880018637
0.180940501	1.3779267411763385	3.731882270138258
0.18124594	4.129205941176451	3.7019069715783877
0.181551378	6.157091064705924	3.7540785144319377
0.181856816	7.646376641176403	3.706276517576094
0.182162252	5.445817947058799	3.7136217187058533
0.182467687	4.681007682352856	3.69869481904279
0.182773121	4.0130674058824525	3.720509658623807
0.183078554	8.651024747058727	3.705965119886826
0.183383986	2.5210396294118027	3.700102046707811
0.183689417	2.4854091176468955	3.702279061543326
0.183994847	6.325300352941213	3.667361708288928
0.184300276	12.663494682352962	3.7165387356278803
0.184605704	9.227780658823576	3.6771063735457767
0.184911131	4.701439811764544	3.701285505390545
0.185216557	6.166895029411762	3.746971486562665
0.185521982	4.782423382352931	3.679655403744087
0.185827405	7.707300294117886	3.6598303569062716
0.186132828	9.339024252941272	3.6753944984613054
0.18643825	6.67013716470592	3.7086154642228535
0.18674367	7.008548605882197	3.6525289773511256
0.18704909	11.2752851941176	3.6755698439535243
0.187354508	6.840251247058859	3.6492102387841943
0.187659925	4.685000229411912	3.6556024268459266
0.187965342	8.121140652941335	3.6703534864090015
0.188270757	10.396990482352862	3.606009051297171
0.188576171	4.923792970588011	3.6499336150657404
0.188881584	8.608579552941023	3.6540369631129126
0.189186996	13.059666282352964	3.6453709823352516
0.189492407	6.690295117646883	3.657609502104374
0.189797817	8.670271517647166	3.596035984859517
0.190103225	10.249141817647114	3.658910017566811
0.190408633	0.294853047059064	3.61801355539315
0.19071404	-1.2668831823530127	3.626485256670905
0.191019445	1.7920746941177867	3.663895454741485
0.19132485	-0.6721928117647167	3.597232785724036
0.191630253	7.5518846764706495	3.6406831470386654
0.191935655	13.871280017646882	3.6320274306765583
0.192241057	-0.20436154117658134	3.6139546867017622
0.192546457	11.584976735293935	3.652869433750109
0.192851856	9.558799552941196	3.5879524832625895
0.193157254	9.25003931176468	3.6672448065184584
0.19346265	2.762266735294247	3.6257317541522758
0.193768046	11.015106205882375	3.6066248686404525
0.194073441	2.971068811764553	3.6522829973663793
0.194378834	6.56593725882351	3.6136061940985527
0.194684227	13.951957947058986	3.641561893385413
0.194989618	2.732550500000002	3.633381705431018
0.195295008	9.791447911764863	3.623420495665962
0.195600397	1.8964728588233584	3.600430700663115
0.195905785	-0.16875717647076272	3.5853281622142483
0.196211172	6.109149547058678	3.580991861965583
0.196516558	3.053536129411782	3.541898937505537
0.196821942	6.760186599999997	3.5850062308376667
0.197127326	1.9490596294118632	3.5435439477105652
0.197432708	3.675134570588284	3.596678840541547
0.197738089	2.7563695176471583	3.542109391203884
0.19804347	9.3457536470587	3.5656694172224936
0.198348849	4.123835676470776	3.5569043206549544
0.198654227	6.6642493647058245	3.5731279383563073
0.198959603	6.3305076705880765	3.5568321059301136
0.199264979	6.073352511764824	3.5613124971213095
0.199570353	4.7300488764707325	3.570896884928155
0.199875727	3.7811002882352795	3.5912864716614585
0.200181099	6.629952311764782	3.527784856717808
0.20048647	8.786420111765096	3.5717160817667093
0.20079184	9.84756545294124	3.5667644344953553
0.201097209	5.558616499999857	3.565995704474795
0.201402577	4.555735752941132	3.5430289045292103
0.201707943	4.80567114117639	3.5558721654005434
0.202013309	0.9373389823529124	3.5661329385891856
0.202318673	3.7136434588234124	3.5540316824904923
0.202624036	8.453741805882373	3.5526851299628937
0.202929398	5.634184782352804	3.5498607104930597
0.203234759	13.21276076470565	3.5372469334287757
0.203540118	10.983696588235375	3.563838501596364
0.203845477	3.299864235293967	3.5620377090498296
0.204150834	3.7680195529412686	3.5439928014622963
0.20445619	9.567717823529392	3.5471043512049545
0.204761545	4.1722694294119265	3.523793009842128
0.205066899	3.277863435293966	3.515895185773607
0.205372252	2.4395333941178023	3.5114895111031905
0.205677603	6.716928270588255	3.6216383701339248
0.205982954	5.057313323529229	3.7299088576044306
0.206288303	8.007262799999808	3.738023385146709
0.206593651	6.116711647058651	3.7745717736960835
0.206898998	9.955349541176474	3.78199990256766
0.207204344	4.899327099999937	3.8230096382281387
0.207509688	5.486287676470511	3.8406278320332152
0.207815031	-1.136696811764864	3.850125041875402
0.208120373	7.67373278823527	3.8604875248595834
0.208425714	8.96504820000007	3.863318421418681
0.208731054	13.489733952941151	3.9225029210819558
0.209036393	4.524176305882179	3.876629536559461
0.20934173	11.053413588235344	3.8886433666619955
0.209647066	13.427175723529444	3.9330673160500353
0.209952401	6.920373288235396	3.9153515872937756
0.210257735	14.164195405882197	3.932669519183928
0.210563068	8.99585949411778	3.885068479808228
0.210868399	5.066624264705979	3.965750658736619
0.21117373	4.26545133529396	3.951030630808249
0.211479059	2.0245802058822164	3.9565838727287637
0.211784386	1.4898289647055662	3.9486103751715103
0.212089713	3.682034529411794	3.9662497439374738
0.212395039	0.6236146176470356	3.9735270181580047
0.212700363	5.18162974117638	3.9882457132970996
0.213005686	13.109057182352899	3.967527455186584
0.213311008	9.278328023529525	3.949154521908536
0.213616328	0.03609858235313368	3.838224145176835
0.213921648	4.499349300000063	3.8099768919907127
0.214226966	10.541617976470434	3.7415521983505933
0.214532283	4.090163770588333	3.6590145329470767
0.214837599	5.553635058823488	3.6438659183584354
0.215142913	3.698735741176506	3.608929227027466
0.215448226	12.101739482353082	3.6333646791540777
0.215753538	10.035449911764886	3.566450007352967
0.216058849	4.53298995882335	3.586973789441438
0.216364159	6.198970958823452	3.598832432702135
0.216669467	6.66517641764699	3.6196698666751437
0.216974775	6.785555229411443	3.573325014334663
0.217280081	1.7293525000000045	3.5935654773033012
0.217585385	8.452566911764848	3.5649997589207887
0.217890689	0.6172620235291788	3.588564389420983
0.218195991	9.132243758823506	4.455959308738479
0.218501292	4.64266111176471	3.5414213433604127
0.218806592	5.506866770588317	3.546475301018056
0.21911189	7.736497088235296	3.5525470657369156
0.219417188	6.038893564706086	3.577803750626722
0.219722484	9.457965423529345	3.518729584401542
0.220027778	8.827305164705876	3.5489716794735044
0.220333072	-2.8744089352941273	3.5742729582612363
0.220638364	8.24999875294111	3.527709718234643
0.220943655	3.6010938294116386	3.552511337031058
0.221248945	3.1923569999999017	3.561722203336306
0.221554234	6.0652008999999225	3.538852828329162
0.221859521	6.0451898117647715	3.529114555296784
0.222164807	3.610879247058506	3.4995093847122694
0.222470092	4.7514461058822235	3.5313644335664827
0.222775375	7.093667988235438	3.573118199867226
0.223080657	8.306825864705843	3.534779494270213
0.223385938	2.652629947058699	3.508354064322872
0.223691218	4.57560621176458	3.4971200172392054
0.223996496	12.310142994117541	3.511276200469312
0.224301774	7.012041294117466	3.542826038753006
0.224607049	12.868550782352827	3.484019810573614
0.224912324	8.364798452941045	3.496291556881969
0.225217597	9.680845664706112	3.4904612126158714
0.225522869	8.498437541176486	3.540322030430215
0.22582814	3.2960838941177144	3.501817822670346
0.22613341	3.567942452941338	3.461701347465978
0.226438678	2.849857499999871	3.5067702492465465
0.226743945	14.020368458823668	3.483739751336024
0.227049211	4.5630229235292745	3.4736542659768643
0.227354475	-1.4994852294116754	3.4443574123448575
0.227659738	6.373597964705937	3.5029553738747152
0.227965	3.8669566352939455	3.505117381790282
0.22827026	-0.5709499352941521	3.4847345042038285
0.228575519	2.9953058588234853	3.4657056974632616
0.228880777	-5.497257964705682	3.4751760416003155
0.229186034	6.775880205882345	3.4726248244715876
0.229491289	5.771497841176711	3.4826240721698647
0.229796543	4.67207800588244	3.4748184188248668
0.230101796	0.47249983529400197	3.4479598871924613
0.230407047	4.21867589999988	3.4768616587180055
0.230712297	2.5773512941177614	3.484704734728006
0.231017546	3.1083204588235276	3.4411384205018103
0.231322793	5.670128388235412	3.4598143820972944
0.23162804	8.10937275294134	3.443130615952882
0.231933284	10.96896709411783	3.433216236853974
0.232238528	8.063407970588514	3.440027430106597
0.23254377	2.762339417647013	3.419065803226971
0.232849011	2.1605307235291775	3.450723121746091
0.233154251	3.11127607647029	3.4499940469864776
0.233459489	2.446852217647006	3.3423173039890557
0.233764726	4.168699588235313	3.3594241090847157
0.234069961	6.611021452941145	3.371864526214847
0.234375195	8.88054262941182	3.3931780624562253
0.234680428	7.610291623529406	3.3931632421921964
0.23498566	7.874267494117817	3.397420004708042
0.23529089	2.9235310882351087	3.3637488157777073
0.235596119	2.1102770235293065	3.3826378487942095
0.235901347	2.016159347058874	3.402332991374649
0.236206573	6.705737623529558	3.3812638772266794
0.236511798	10.688587882353204	3.3929583848609557
0.236817021	8.416777711764553	3.419363043564317
0.237122244	5.790211188235503	3.362112420378301
0.237427465	3.747880905882198	3.404072144923878
0.237732684	6.06516761176465	3.3744196724505646
0.238037902	3.2267489705880052	3.3962571105029795
0.238343119	1.5365278117645857	3.378157145301772
0.238648335	5.295926605882414	3.3647389201254505
0.238953549	5.840265676470608	3.381361539691791
0.239258762	5.343205976470472	3.3417183794846372
0.239563973	3.170350905882401	3.3522268104820876
0.239869183	1.024242211764772	3.376724528329902
0.240174392	0.5291868176469734	3.331160037228048
0.240479599	5.935803800000031	3.36733628253924
0.240784805	-2.9864163941175548	3.356791360570939
0.24109001	-0.2262901235294521	3.35947734952616
0.241395213	4.968525705882371	3.338142538433205
0.241700415	2.130415241176479	3.311161658140127
0.242005615	0.08504691176494816	3.309197510466813
0.242310814	9.120580535293925	3.310155031388137
0.242616012	-2.175289817646785	3.2885838474397024
0.242921208	4.819156935294245	3.308815789794687
0.243226403	3.798961288235432	3.308236463364158
0.243531597	6.818796441176346	3.3093886714800664
0.243836789	3.5294950823529234	3.3357787224223046
0.24414198	4.20397118235303	3.298876966076658
0.24444717	1.840706500000124	3.302836851209093
0.244752358	-2.0295050470588194	3.327789129564721
0.245057544	5.261399852941167	3.3316616472331555
0.24536273	3.886136764706066	3.331065097505809
0.245667914	6.369077688235393	3.3359577084905583
0.245973096	5.650415417646968	3.319610885501936
0.246278277	4.402970764705856	3.3534828205159832
0.246583457	4.155947200000014	3.319009452553592
0.246888635	8.344408705882415	3.3150812985752243
0.247193812	7.532069964705784	3.3308557731531065
0.247498988	6.753562288235344	3.312206632251366
0.247804162	2.1214332117647245	3.3094547452955116
0.248109335	3.3721247705882433	3.2920721181655193
0.248414506	4.686385141176402	3.3551193442889935
0.248719676	3.3675234058822525	3.3274916732279083
0.249024844	2.0722867352940284	3.3358771600285637
0.249330011	7.449478976470573	3.2880071297474416
0.249635177	6.357646182352823	3.2852064610800116
0.249940341	-2.894414170588334	3.315298100458659
0.250245504	13.291632582352804	3.303018448956846
0.250550666	5.797475135294121	3.2864650499606753
0.250855826	8.682864729411676	3.297890974596539
0.251160984	4.385331529411815	3.322242859965117
0.251466141	-0.029917411764699864	3.3051910345791886
0.251771297	2.027306052941185	3.269789078071135
0.252076451	4.8799219294118075	3.257750253526969
0.252381604	7.611122035294443	3.243561486717537
0.252686756	2.800022382353063	3.2741126181560656
0.252991906	1.3195825823528367	3.295400255511075
0.253297054	1.1656717294117698	3.2673997510074897
0.253602201	-4.04981897647076	3.277023706976822
0.253907347	0.549071882352905	3.2572653481150913
0.254212491	5.210344964706223	3.2738754747792713
0.254517634	0.9558597058821761	3.2612662615995935
0.254822775	3.5846821647061233	3.268631297058464
0.255127915	5.218944800000031	3.284293447986036
0.255433054	4.227749470588265	3.2321520224844105
0.255738191	2.920585170588197	3.2609798649983768
0.256043326	7.886650070588303	3.249653490195742
0.256348461	2.3502823823529297	3.280777653181917
0.256653593	2.69884767647045	3.280187499210914
0.256958725	2.075203417647117	3.2699244441884097
0.257263854	4.940686223529497	3.2602300061094747
0.257568983	1.3357682647058482	3.270796342746079
0.257874109	5.2278008117646095	3.2647312750316395
0.258179235	3.7252715352940413	3.2824488691285425
0.258484359	2.7944438411765304	3.2379527993902024
0.258789481	5.767084988235069	3.2669038127286365
0.259094602	5.119224935294255	3.240790526752796
0.259399722	7.805867482352937	3.251453451135787
0.25970484	-0.29779665882358586	3.2624715766019023
0.260009956	8.86773744117636	3.2347715067768488
0.260315071	-1.2976883647056638	3.288605958190788
0.260620185	2.3571232882351296	3.2424019349521656
0.260925297	5.6083732823527725	3.2443762546582398
0.261230408	4.582097070588247	3.223235842577353
0.261535517	3.268431141176393	3.2443390579858455
0.261840625	1.0340890529412263	3.272004455349846
0.262145731	4.830749623529414	3.212218813293813
0.262450836	-2.2892496294117564	3.2208618975552046
0.262755939	0.007605529412103351	3.2170354003057833
0.263061041	6.049849476470513	3.2514294422218777
0.263366141	2.0090990588234945	3.2234659605046265
0.26367124	1.7857875235293932	3.224671966527164
0.263976337	5.986364735294046	3.2444218408671848
0.264281433	3.76408872941181	3.2270199996086877
0.264586527	3.8830919000001813	3.231975424198871
0.26489162	3.401645270588233	3.2084552088080573
0.265196711	5.473973735293953	3.215603211576382
0.265501801	11.804946588235111	3.240318641052728
0.265806889	10.306782382353163	3.21534750658921
0.266111976	2.0130601529411933	3.2140441585270483
0.266417061	2.6793479823528514	3.199920595403284
0.266722145	1.2926038294117461	3.2002184126987627
0.267027227	2.772820400000114	3.2522229273949157
0.267332308	0.25129152941178745	3.1890042885869825
0.267637387	3.709362699999815	3.2116672778178135
0.267942465	5.427692511764803	3.2063990896314065
0.268247541	8.555285988235255	3.223723667776129
0.268552616	2.9842024000001857	3.2066381740665353
0.268857689	0.3519035882352455	3.180156654461138
0.269162761	3.6313595823530704	3.2171918979123735
0.269467831	1.809483829411647	3.2124018332993365
0.269772899	7.332498152940957	3.221394990556564
0.270077966	6.264079141176239	3.1756888457334265
0.270383032	0.4561228941176978	3.1548041221908254
0.270688096	-3.747614599999679	3.28584192792454
0.270993158	6.426735870588232	3.275199737704563
0.271298219	4.080207888235236	3.2745256300131445
0.271603278	-0.5796942705883339	3.289781848220375
0.271908336	-0.4435681882349627	3.440968876198247
0.272213392	1.6252251882353903	3.500689286884262
0.272518447	7.285228141176617	3.569057763992479
0.2728235	4.770130370588504	3.637993330098654
0.273128552	5.823679147058783	3.644879886092425
0.273433602	14.161647917647088	3.73658550929032
0.273738651	11.36364618823518	3.7901026866117395
0.274043698	2.4631240058821504	3.792781966798215
0.274348743	-0.23352237647077345	3.8909445799362192
0.274653787	-3.2951951764705427	3.900238146831852
0.274958829	4.517345741176314	3.908048239412158
0.27526387	2.7952479529412813	3.898037557936419
0.275568909	3.086871764706075	3.9381106274758206
0.275873947	6.077006311764535	4.049161078937233
0.276178983	1.8275653000000602	3.964691599021302
0.276484018	5.397438494117637	4.022600058768676
0.276789051	6.4912022176470145	3.9679927716824075
0.277094082	-1.0965566705883703	4.058652612069575
0.277399112	10.399812099999963	4.055657686922449
0.27770414	2.0248557647057623	4.061552985982069
0.278009167	9.014894476470431	4.1127553188061405
0.278314192	7.683068011764931	4.081183603552085
0.278619215	0.1716972352941184	4.135677035541384
0.278924237	4.896647223529612	4.10818373152555
0.279229258	7.209614611764664	4.143345006040726
0.279534276	-0.7249216352942085	4.219647464441446
0.279839294	4.18341044117642	4.149745341099186
0.280144309	4.583287994117313	4.24383970201658
0.280449323	5.350110064705859	4.181737301196292
0.280754336	-2.018047264705956	4.262752951875947
0.281059346	9.635836347058785	4.220839166430923
0.281364356	8.500438894117792	4.2161059259255005
0.281669363	7.7611231470585835	4.274425712470149
0.281974369	8.877140294117453	4.234197468598124
0.282279374	8.57061244117665	4.324320201449073
0.282584377	3.128190882353124	4.257673729716049
0.282889378	9.857319129411621	4.311581779153379
0.283194378	1.8209393705883485	4.290901007373455
0.283499376	9.911018464705762	4.285163007029048
0.283804372	4.7974023764704725	4.379959761918354
0.284109367	-1.1274346941174826	4.2758992906233475
0.28441436	7.430991035294028	4.380024158800795
0.284719352	-4.125547588235236	4.4535851040793615
0.285024342	4.557404923529361	4.37724755680688
0.28532933	-2.9860366294117284	4.4326006556371444
0.285634317	5.949697464705878	4.355645912021811
0.285939302	4.723493764705722	4.458659207464796
0.286244286	-2.2754914941175457	4.407582224520026
0.286549268	12.485563905882373	4.47080021993361
0.286854248	11.58674963529404	4.513443970586049
0.287159227	4.431048023529229	4.393860115413291
0.287464204	5.802495958823556	4.530576000854151
0.287769179	2.782695747058824	4.4704219778353504
0.288074153	-0.8337913058824142	4.49576022413508
0.288379125	-2.6356342000001405	4.540740121937531
0.288684096	1.6377315882352832	4.584694717330756
0.288989064	-3.4287509294117626	4.632589375974866
0.289294032	-1.0890356882351853	4.56068855285263
0.289598997	0.785442288235572	4.587318826768825
0.289903961	3.4576754352941634	4.628887025397348
0.290208924	-0.9989830882352635	4.6230286940481715
0.290513884	6.91850494705875	4.682820486233627
0.290818843	6.655106458823411	4.610545089648686
0.291123801	-4.401362711764818	4.6525428109314015
0.291428756	1.6965181941177434	4.706820247634817
0.291733711	5.462497123529374	4.6947896317984545
0.292038663	-8.461321976470572	4.668155354055996
0.292343614	0.8430309294117251	4.701001183435509
0.292648563	9.695036699999946	4.781647092317091
0.29295351	7.412415699999997	4.7194684566678795
0.293258456	4.949327458823518	4.782333518686515
0.2935634	-5.351885741176602	4.8011294233533075
0.293868343	4.475978605882233	4.845907916402904
0.294173284	7.74938392941192	4.839134583907689
0.294478223	-0.5807822647058174	4.798271627623825
0.29478316	7.8171627882353505	4.8415607110138925
0.295088096	2.5484785529412193	4.871432018099109
0.29539303	-3.3264685647060332	4.886143272576585
0.295697963	-0.20623931176453425	4.864118737891482
0.296002893	7.564955376470607	4.885700943957506
0.296307823	3.809191935293825	4.9444009965811535
0.29661275	-7.3141815941174855	4.945310191443019
0.296917676	5.2567621941175275	4.938539690050485
0.2972226	18.69655517647061	6.2224588060396835
0.297527522	0.27833612941162755	4.89773022009535
0.297832443	0.6389302529411225	4.977209051539399
0.298137362	5.862634552941017	4.913037553791837
0.298442279	-1.6034029705884905	4.915249205030475
0.298747195	9.904384717647076	5.027676379899652
0.299052109	1.353646194117573	4.972786692067487
0.299357021	0.6002294529411074	5.027567776881545
0.299661932	0.6280060882353382	4.970486012477994
0.299966841	-1.7252142117647509	5.0480888375182005
0.300271748	5.038932847058845	5.077829911825456
0.300576653	1.9510625294118427	5.08096065931268
0.300881557	3.7737056294117792	5.090230205843721
0.301186459	8.200452547058944	5.046034986973606
0.30149136	6.786415829411794	5.160535852839344
0.301796258	-0.041118105882560485	5.12500019438142
0.302101155	0.40130103529418193	5.096469385379863
0.30240605	1.9272980058822213	5.153909500149661
0.302710944	2.876414058823684	5.1802114183353325
0.303015836	3.768210499999782	5.1937853862677645
0.303320726	7.377902841176592	5.188297827779281
0.303625614	5.528704782352861	5.183419296329475
0.303930501	19.0303246764704	5.159019179796817
0.304235386	-1.0634328941175681	5.281066865507504
0.304540269	-7.1839005117648185	5.28746192530179
0.304845151	3.9019460352942588	5.1794092720471285
0.30515003	8.698796147058715	5.277532531402047
0.305454908	10.388982635294042	5.2356635729053504
0.305759785	5.406399294117591	5.38913778373078
0.306064659	-7.836057388235304	5.333485557857923
0.306369532	1.2835396235293501	5.266865240080933
0.306674403	-2.5789147588235437	5.338282995010904
0.306979273	7.135465623529512	5.277642019452842
0.30728414	-4.00662511176472	5.340343153756066
0.307589006	-11.792926841176609	5.271515567684544
0.30789387	2.9758686647061268	5.361579301624193
0.308198733	6.205165194117626	5.342661091086634
0.308503593	2.440657347058732	5.249198827805803
0.308808452	-9.199784629411738	5.371583183278299
0.309113309	3.8652735941177525	5.360730131167184
0.309418165	-2.1006464117646146	5.471212706992456
0.309723018	8.388696829412083	5.421619085617253
0.31002787	1.1756762764707673	5.3702391597750845
0.310332721	-1.950299711764842	5.4905648696134595
0.310637569	5.1053560117644565	5.349858217132255
0.310942416	-3.652136888235418	5.501459594503833
0.31124726	0.8302000117645321	5.482143424773781
0.311552104	0.568922552941217	5.528798347398903
0.311856945	8.050462288235167	5.579935419457715
0.312161785	5.125324188235368	5.442552270083774
0.312466622	17.6633625176471	19.66247043406891
0.312771458	4.641776882353042	5.595347707228383
0.313076293	-1.7392665764707544	5.513987179675364
0.313381125	-2.3825951176471563	5.650601213325547
0.313685956	2.629533547058827	5.482590960525254
0.313990785	17.138094158823606	5.638080716720155
0.314295612	-4.612311899999895	5.53864459239823
0.314600437	5.69303183529405	5.730652819905643
0.314905261	-2.9913233235294	5.686424274252886
0.315210083	7.243935141176507	5.59928927492952
0.315514903	1.5710750176472175	5.808971111414657
0.315819721	-3.1466378647058946	5.650336528066866
0.316124538	1.312249247058844	5.768075058720213
0.316429352	3.550064952941284	5.7881828744781645
0.316734165	-6.122154894117671	5.646772707832829
0.317038976	3.223230470588078	5.8904685422817264
0.317343786	-1.666301717647002	5.673605472803119
0.317648593	2.082160241176325	5.758923971812322
0.317953399	6.302929547058852	5.879813702539696
0.318258203	11.5862980058821	5.801097635591357
0.318563005	16.542245582353075	6.041229118906798
0.318867805	-0.9957785470589897	5.8187314590924055
0.319172604	3.152571711764722	5.932883385216895
0.319477401	4.3535700705883755	5.933237711678659
0.319782196	0.5819911294119038	5.952494545154955
0.320086989	-0.9703161705883758	5.983974270741553
0.32039178	1.9286290117646558	5.9955623643834
0.320696569	14.765820847058649	5.99990869581359
0.321001357	-5.444077464705856	6.030992161887128
0.321306143	-9.198277047058696	6.041270236236867
0.321610927	0.8331204058823687	6.061543858897312
0.321915709	12.158392947058815	6.1029770561557335
0.32222049	-9.269981817647135	6.158961535674988
0.322525268	3.7852951882351817	6.107401914275909
0.322830045	6.502131523529442	6.2097902686906785
0.32313482	-0.18648042352947414	6.154905158073809
0.323439593	2.698551635294052	6.224231200112977
0.323744364	3.816568423529361	6.1370422220193825
0.324049133	12.621873747058885	6.231288727817657
0.324353901	0.41502184117632623	6.276725847659879
0.324658667	1.8105246588236241	6.125092676010934
0.324963431	5.134367999999881	6.508501958779509
0.325268193	-1.687391817646926	6.225788904768809
0.325572953	10.951866476470627	6.324956090447198
0.325877711	-1.1162976764704808	6.418131142856654
0.326182468	9.422392770588317	6.276784250627094
0.326487223	4.786368782352952	6.435889362361638
0.326791975	-2.9073454941178625	6.309786680306998
0.327096726	5.26673569411787	6.483581132290722
0.327401476	-6.030600252941213	6.545427816073957
0.327706223	9.296678382352866	6.491653020367585
0.328010968	2.884027711764702	6.654901030566438
0.328315712	1.928518182352832	6.453819421228513
0.328620454	-0.9074924470586438	6.555378072362756
0.328925193	10.81996172941183	6.592789212080254
0.329229931	4.817472917647024	6.545184407749527
0.329534668	12.801262905882368	6.698077907133332
0.329839402	11.458446023529746	6.546398951370928
0.330144134	8.51126997058816	6.74962484718425
0.330448865	-0.5006965000001173	6.593059818492705
0.330753594	-3.816713758823539	6.807430892940676
0.33105832	7.0012518588235935	6.855737657095834
0.331363045	7.319813005882452	6.60330659823152
0.331667768	1.332514605882352	6.875085352909646
0.331972489	12.964783247058904	6.707673225802856
0.332277209	4.6177866529413905	6.878780998401945
0.332581926	8.374607723529493	6.89162855117448
0.332886642	10.428337882353048	6.822404142197329
0.333191355	-2.1353953764705693	6.984805209218007
0.333496067	3.3290065882351882	6.849779655385122
0.333800777	7.387454511764531	6.959201883420113
0.334105485	7.797441841176578	7.028210571001839
0.334410191	1.6825136470589541	7.050990623438925
0.334714895	12.511240629411759	7.089443117284291
0.335019598	12.221757005882182	6.8650361010101255
0.335324298	15.30094781764717	7.211290607582229
0.335628997	2.616160735294102	7.138567155296097
0.335933693	3.6126659411762603	7.142365504903459
0.336238388	-4.424503464706277	7.394597388963027
0.336543081	-2.8703576588235364	7.133025460247702
0.336847772	13.118104394117836	7.320983886949941
0.337152461	10.595833405882331	7.122285695437569
0.337457148	-2.94924665882354	7.297758759639963
0.337761833	-1.3139218705880467	7.275248254905614
0.338066516	10.925005623529273	7.170341135731919
0.338371198	-12.685759052941421	7.4820420408236785
0.338675877	-10.195626282353146	7.104804886186191
0.338980555	14.67706669411757	7.598662194134879
0.33928523	-14.552542829411777	7.307862318546012
0.339589904	-11.360763623529465	7.5971326388058875
0.339894576	0.7663254588237578	7.731004687950173
0.340199246	-3.564040235294101	7.3433106871756575
0.340503914	10.137873135294171	7.690235309642556
0.34080858	5.5667589588234705	7.37541823926892
0.341113244	0.2610543529410734	7.709106412665685
0.341417906	-10.83931822352929	7.51688079390595
0.341722566	9.103315417647082	7.500345039565224
0.342027225	-1.3163553529410592	7.687748829273392
0.342331881	4.4729518823527314	7.261278793616073
0.342636535	-5.149550023529287	7.597189603431761
0.342941188	-11.663480899999968	7.43349530331725
0.343245838	5.186401052941164	7.642689914410467
0.343550487	1.4493643588236864	7.697818920141928
0.343855134	-6.29383128235304	7.29707173859701
0.344159778	-4.877878329411601	7.627549789915716
0.344464421	3.9044035294116384	7.486012149882074
0.344769062	6.856476423529443	7.668095943611702
0.345073701	8.230808664705819	7.744560661229393
0.345378338	7.067153641176674	7.548731188228651
0.345682973	10.035469935293918	7.956066933839414
0.345987606	-2.979187635294238	7.595153598780436
0.346292237	5.29389554705881	7.8241236499769675
0.346596866	-2.1764224882355165	7.961181248931615
0.346901493	3.7145429882355074	7.6979898616128315
0.347206118	-2.789776258823622	8.078150256017544
0.347510742	9.713052152941259	7.619925594616419
0.347815363	7.414173611764909	8.179824379566048
0.348119982	13.762785170588245	8.024801055436397
0.3484246	2.1440153705881357	8.062228585341728
0.348729215	6.804826817647154	8.246407915273403
0.349033828	-6.890864647058947	7.947650906102792
0.34933844	3.9867305117646765	8.269317953461663
0.349643049	12.456635623529337	8.17879219955013
0.349947657	0.8359816000003093	8.289493488182583
0.350252262	2.7357099058824588	8.226201161790772
0.350556866	-10.471818717647011	8.247153453806154
0.350861467	4.752168294117837	8.705567845560683
0.351166067	-6.241125170588248	8.179509532157281
0.351470664	9.58279774117625	8.676312586681421
0.35177526	-3.4731358176469485	8.455207594044762
0.352079853	-0.03827030588240632	8.519173458083172
0.352384445	16.12213954117624	8.787593481195723
0.352689034	4.812225500000068	8.426872238403371
0.352993622	14.604454217647117	8.82390807587198
0.353298208	6.379048764705772	8.456215051638909
0.353602791	-16.30036395294121	8.828078941278953
0.353907373	14.989062523529356	8.789780282758633
0.354211952	-8.770420647058813	8.55778686633726
0.35451653	9.568169970588315	9.173733865259715
0.354821106	-6.450381752941439	8.664918254503554
0.355125679	2.015961688235393	9.172639508149246
0.355430251	1.1686736529410382	8.889035722764214
0.35573482	6.076878741176529	9.044667521287302
0.356039388	-2.2774396058821367	9.33925391890253
0.356343954	-3.029751788235558	8.812024487302605
0.356648517	-27.876666447058824	9.679863604985474
0.356953079	-8.321708452941266	9.152254362847003
0.357257638	6.601687382352907	9.41108011873839
0.357562196	12.49078891176464	9.546614358617132
0.357866751	10.459151200000179	9.29657224489018
0.358171304	-2.99709061176452	9.895232414270534
0.358475856	3.1866625411764744	9.314220355883764
0.358780405	-21.57532364117651	9.943394056223053
0.359084953	12.872697688235235	9.618128581874666
0.359389498	10.14863616470575	9.923653715226495
0.359694041	2.059536458823459	10.339083329469338
0.359998583	12.43387984705896	9.64229383453721
0.360303122	-9.099935864705799	10.320643809166206
0.360607659	8.577053894117512	9.864319171004068
0.360912194	-0.525277329411665	10.176336064516942
0.361216727	8.637839723529623	10.632160149971451
0.361521258	11.661850647058714	9.80506459784804
0.361825787	6.379256970588358	10.900553561347296
0.362130314	-0.7523940117647498	10.121421973178654
0.362434839	10.279234152941285	10.592587908956304
0.362739362	-9.179223982352937	10.699680165143835
0.363043883	3.7117427117649413	10.487609588001265
0.363348402	-5.896289799999977	11.34665402157575
0.363652919	13.44973630000004	10.347876742728692
0.363957433	-7.901289270588109	11.230142155883804
0.364261946	5.893592052941017	10.905218685313582
0.364566456	10.897687394117611	11.207272372794128
0.364870965	-21.327256794117375	11.873808273656248
0.365175471	6.549007894117608	10.734532891600121
0.365479976	-13.492919811764637	11.747226460482874
0.365784478	4.091322747058825	11.22536340477657
0.366088978	-2.476319417647005	12.062149490980245
0.366393477	2.446867970588528	12.030678521555275
0.366697973	4.617271476470478	11.578258239570529
0.367002467	25.4060382588234	12.307877362240998
0.367306959	3.2608406000000514	11.65407410998066
0.367611449	0.8293641941178294	12.554432228064021
0.367915936	-6.199375276470619	12.185089191894457
0.368220422	-9.920637170588293	12.262488817899488
0.368524906	16.501074141176673	13.49082468691876
0.368829387	3.9322973235296104	11.735331410674133
0.369133867	-2.3984016999999085	13.613287115353208
0.369438344	11.33912328235283	12.347985388641622
0.369742819	-1.033359229411758	13.365236931380947
0.370047293	-3.578535370588156	14.47832469160243
0.370351764	7.3297638411764865	12.43575577633531
0.370656233	19.331045047058865	14.577175222478708
0.3709607	19.30856842941182	12.935540322146014
0.371265165	4.905119082352826	14.480123743401457
0.371569627	13.98191083529423	14.540756279939476
0.371874088	6.087534923529461	14.208085727324749
0.372178547	-0.8149223999998867	15.335943217432373
0.372483003	19.614173552941452	14.108482852843297
0.372787457	3.288582399999882	15.437618475869598
0.37309191	16.974193711764997	14.683872932152463
0.37339636	33.69869314117648	15.262088972327861
0.373700808	-0.7556405941176081	18.039618793051815
0.374005254	-6.136168200000043	14.114996366242151
0.374309698	-5.245073852941118	18.057710935327716
0.374614139	-10.774214741176706	14.853570924655157
0.374918579	-30.634063311764635	17.12806679152538
0.375223016	-13.408992617647186	17.34575355972279
0.375527452	36.73844970588243	15.90664851738898
0.375831885	4.946093458823498	21.28950353498577
0.376136316	-18.30134168823531	15.93555984138986
0.376440745	-18.084220447058897	21.221128857550017
0.376745172	36.55559476470614	17.386696681072802
0.377049596	-1.255510688235404	19.165337081250478
0.377354019	6.188489376470557	24.080450743732555
0.377658439	30.329067152941093	17.80291420919134
0.377962858	30.142630094117408	24.367753722085624
0.378267274	41.273784023529515	17.749290268166554
0.378571688	-27.282504247058682	26.487809421443306
0.3788761	24.20069030588229	23.623980165084564
0.37918051	19.79808702941193	21.11920970719958
0.379484917	40.83854342941197	29.373989701049286
0.379789323	-11.981775900000002	21.537835070083986
0.380093726	-26.372965670588314	29.497422236056995
0.380398127	-10.745902388235322	24.232641545497234
0.380702526	-22.989038782352964	39.37475716995772
0.381006923	44.52322118823531	37.9478176474718
0.381311318	11.021320788235244	28.27958014388193
0.38161571	-49.51101329411756	41.648319226709674