0.0051976508	409.50045454545034	400.3455222864878
0.00550339478	321.5885909090912	405.6599843434061
0.00580913873	279.57569090908464	317.28097786998546
0.00611488265	294.4960090909103	249.0493017903697
0.00642062653	317.5151545454537	204.75383878914545
0.00672637038	366.83738181817944	167.80397668280062
0.00703211418	314.92287272727367	134.98438819221906
0.00733785795	322.1480936363628	110.86928917858091
0.00764360168	284.6836254545451	94.26735776042304
0.00794934536	381.04988545454376	78.0138379536764
0.008255089	379.08729909090994	65.93632575370867
0.00856083259	296.76961545454446	56.5527170682672
0.00886657613	366.8572354545438	49.24083569474131
0.00917231962	342.5571145454546	43.63936652298226
0.00947806306	314.61265545454523	38.7881647126993
0.00978380645	298.01346818181855	35.588889906404326
0.0100895498	331.9402400000007	31.275453708561024
0.010395293	339.4773472727263	28.491962818583318
0.0107010363	313.959798181819	25.455854928758338
0.0110067794	291.6078418181809	23.757884437062863
0.0113125225	290.81965090909137	21.253596429051957
0.0116182655	287.9348745454544	20.150523097032732
0.0119240085	295.79156363636343	19.843689385692358
0.0122297514	304.8108427272726	18.257396816146706
0.0125354942	262.96910272727246	17.97593811579282
0.012841237	284.54429636363614	16.705849114854395
0.0131469796	272.39308090909077	16.22956771284108
0.0134527222	284.8257318181814	14.964767645025459
0.0137584648	254.46464181818186	15.012862019315348
0.0140642072	287.8819118181818	14.03385131864015
0.0143699496	271.8621836363633	13.48736658961031
0.0146756919	267.2855818181816	12.876529795866933
0.0149814341	273.8908027272731	12.42619456950807
0.0152871762	270.96883636363685	12.454388634075146
0.0155929182	267.30667545454537	12.189624702114488
0.0158986602	272.90183090909096	11.82748744514127
0.016204402	271.3628536363633	11.443051127262372
0.0165101438	249.24047545454528	11.069869207225405
0.0168158854	269.91640545454544	10.879307495524964
0.017121627	243.0376981818182	10.022107152040107
0.0174273685	249.44443636363644	10.096765852272869
0.0177331099	255.928339090909	9.777991349314846
0.0180388511	242.14349999999982	9.776710964081854
0.0183445923	236.10137818181784	9.508614669709273
0.0186503334	255.54297090909088	8.769455984360565
0.0189560743	259.3088491818182	8.707902521297354
0.0192618152	232.39365390909086	8.497985284403262
0.0195675559	231.76433000000017	8.320476179165421
0.0198732965	237.15940072727278	8.101331053284145
0.0201790371	228.0382297272726	7.815964501690823
0.0204847775	230.2349396363637	7.758274370448889
0.0207905178	220.373002090909	7.412468390843886
0.0210962579	228.09376790909084	7.484854594008604
0.021401998	224.77711118181801	7.136883493138049
0.0217077379	228.21612218181812	7.211518353719061
0.0220134777	212.56456272727277	6.993307406161545
0.0223192174	220.04450509090915	6.890302935164994
0.0226249569	211.6216042727271	6.864268452130315
0.0229306964	217.4751225454544	6.591238011039482
0.0232364356	212.34977609090905	6.542773931436345
0.0235421748	208.55882936363642	6.62009842079831
0.0238479138	217.22035236363638	6.394811146544027
0.0241536527	216.45936745454577	6.400012094605147
0.0244593915	200.27466345454542	6.262612048714516
0.0247651301	195.3366959090907	6.251915512748959
0.0250708686	202.4761489090909	6.065847008259904
0.0253766069	187.2554604545455	6.041566499588179
0.0256823451	195.62089018181837	5.925638979200643
0.0259880831	191.1732989090909	5.862611812702292
0.026293821	184.53391472727276	5.782404593759059
0.0265995588	190.2629532727272	5.683573316995422
0.0269052963	189.79295481818184	5.528033852919153
0.0272110338	184.95938527272713	5.5714384875794645
0.0275167711	188.08063090909116	5.510727236932411
0.0278225082	184.00521427272736	5.501044146163928
0.0281282452	180.41388990909098	5.4537264039690845
0.028433982	177.21018045454528	5.360774855691393
0.0287397186	176.3907346363638	5.318228405229981
0.0290454551	174.07796554545456	5.306649488037998
0.0293511914	178.18375027272708	5.473990229141988
0.0296569276	169.5659858181817	5.381068810643399
0.0299626636	174.61292163636358	5.353439090172075
0.0302683994	162.2441344545456	5.308624048048456
0.030574135	163.42381499999993	5.369617113948038
0.0308798705	160.67617881818188	6.046530858005901
0.0311856058	160.48444163636367	5.355855739408013
0.0314913409	159.8706101818184	5.330938670684056
0.0317970758	163.00593199999994	5.247438417522133
0.0321028106	146.65685081818182	5.172627256800888
0.0324085451	157.20590672727292	5.231913900688374
0.0327142795	153.45257563636375	5.202576926494748
0.0330200137	149.6371739090911	5.201710942015185
0.0333257478	141.95802354545458	5.0443941554313465
0.0336314816	151.91708590909087	5.1148328385975885
0.0339372152	146.79313545454548	5.016777042283094
0.0342429486	145.4892360000001	4.9584536400120625
0.0345486819	147.2049526363636	5.097368761669624
0.0348544149	141.48352054545455	5.023904736698233
0.0351601478	130.0785163636363	4.938800164939805
0.0354658804	140.10690109090922	4.975228785438332
0.0357716129	141.19368136363613	4.8717395256347835
0.0360773451	128.95783827272737	4.9643366309648
0.0363830772	131.94023381818175	4.841569550745278
0.036688809	126.8417049090909	4.846938700212718
0.0369945406	130.26045045454532	4.801012146556348
0.037300272	134.6488576363638	4.812040927404204
0.0376060032	125.92591509090902	4.75341812647453
0.0379117342	130.9898098181818	4.817591393996807
0.038217465	129.97849254545443	4.702141385153392
0.0385231956	117.75806799999998	4.687294023533309
0.0388289259	125.76043136363644	4.709053292378637
0.039134656	125.16266781818196	4.7067892533612286
0.0394403859	118.27120063636364	4.608374568772017
0.0397461156	114.41585927272719	4.642934904968853
0.040051845	109.21363745454549	4.574855777100266
0.0403575742	117.48043563636365	4.631760564098375
0.0406633032	114.08979545454535	4.507095807895868
0.040969032	123.42932554545463	4.6014755850412
0.0412747605	116.22031309090914	4.529821996680618
0.0415804888	107.88942845454542	4.509050046020834
0.0418862168	109.06656709090903	4.5110915689878315
0.0421919446	106.80553736363656	4.531817516222544
0.0424976722	105.74502199999998	4.501321946117709
0.0428033995	100.15307072727268	4.450474676377098
0.0431091266	109.50498363636363	4.5090076263031325
0.0434148535	104.8879647272728	4.418050130630547
0.0437205801	104.29478863636376	4.394303754523998
0.0440263064	104.30208254545462	4.38218716028525
0.0443320325	109.90172190909085	4.389280489056611
0.0446377583	103.47543854545478	4.373842982325058
0.0449434839	98.19380054545434	4.3630877572164355
0.0452492093	100.23051609090899	4.290418549770835
0.0455549343	101.00674309090884	4.29949756638841
0.0458606592	98.57445145454541	4.240183443624999
0.0461663837	97.23915499999983	4.317434033331172
0.046472108	87.30585027272731	4.228495151870717
0.046777832	100.23375154545455	4.269884450459151
0.0470835558	89.39333054545457	4.360379576785957
0.0473892793	85.228848	4.328005292382798
0.0476950025	88.3486994545455	4.39299002860542
0.0480007255	81.21137036363642	4.402494048128068
0.0483064482	86.931977181818	4.417823243402618
0.0486121706	84.06544936363638	4.461669999616232
0.0489178927	85.60988345454547	4.428309605459246
0.0492236146	84.696851181818	4.52485475778233
0.0495293361	88.67369127272731	4.506820263309558
0.0498350574	81.47699781818183	4.486125163318593
0.0501407784	72.68195681818163	4.499319793467999
0.0504464991	78.84784236363622	4.490094897784573
0.0507522196	76.59741136363628	4.628862647466833
0.0510579397	75.3847778181818	4.446333326179422
0.0513636596	73.25439245454533	4.6050300187654125
0.0516693792	86.6284590909089	4.5583503752801775
0.0519750984	73.73351763636364	4.526588144894726
0.0522808174	77.16871999999988	4.6184284061827166
0.0525865361	79.04610409090921	4.5546311180745
0.0528922545	79.8382807272727	4.623999977458906
0.0531979725	74.02248045454549	4.581493159292528
0.0535036903	70.81446854545462	4.652306015236919
0.0538094078	68.77318554545461	4.656338451082676
0.0541151249	77.66508463636349	4.572666286061919
0.0544208418	68.24863127272735	4.611759692213983
0.0547265584	69.52413800000002	4.622767601211547
0.0550322746	60.23112372727269	4.561488468788384
0.0553379905	67.11648727272724	4.675496405111935
0.0556437061	73.32439981818197	4.683009205885276
0.0559494214	71.41975981818177	4.722046074469761
0.0562551364	59.315341909091046	4.61687796841643
0.056560851	69.8774593636363	4.574424871440455
0.0568665654	65.520730818182	4.622178065192028
0.0571722794	64.12108490909091	4.588316413484918
0.0574779931	69.66905190909088	4.606871231652171
0.0577837064	60.22912327272728	4.598524187429881
0.0580894195	56.99169809090925	4.586968311889958
0.0583951322	60.26854436363628	4.5059622131999735
0.0587008445	63.573298363636326	4.63738609760057
0.0590065566	62.77993681818174	4.567644690754773
0.0593122683	64.45069490909113	4.502840998522014
0.0596179796	62.755561090909	4.5966821713421755
0.0599236906	60.381240181818185	4.522369972669027
0.0602294013	60.231033999999894	4.52996791975559
0.0605351117	57.69707754545472	4.514485703698997
0.0608408217	51.98596209090894	4.467124873449501
0.0611465313	58.05253981818183	4.572670050310085
0.0614522406	55.508249545454476	4.45103255997311
0.0617579496	57.23607236363655	4.497887471587053
0.0620636582	64.03413609090919	4.465725956228664
0.0623693664	51.89771490909095	4.493791618459084
0.0626750743	54.61963499999996	4.518383890817074
0.0629807818	48.911780909090936	4.425276037397584
0.063286489	44.557826181818	4.464910174361404
0.0635921958	51.895888545454554	4.4204769439788025
0.0638979023	52.02245699999999	4.357526042822719
0.0642036084	52.733521454545524	4.354945312706815
0.0645093141	52.37599718181826	4.392738632947617
0.0648150195	52.459664272727196	4.432184213376179
0.0651207245	47.55507481818192	4.365526817805599
0.0654264291	52.3962361818181	4.439527881279201
0.0657321333	49.74014454545454	4.378362999132146
0.0660378372	50.63431945454546	4.409789631477476
0.0663435407	44.61148636363646	4.395147747636697
0.0666492438	50.25991545454552	4.314309248465011
0.0669549466	48.79036136363652	4.374408192175155
0.0672606489	58.05511209090895	4.36075644111817
0.0675663509	47.94892527272715	4.390733338034749
0.0678720525	37.70347863636374	4.391181741764591
0.0681777537	49.02186590909082	4.366944564617455
0.0684834546	37.30720027272717	4.3711864648079075
0.068789155	45.01566527272729	4.332757128803365
0.069094855	50.42642109090892	4.377772193316264
0.0694005547	38.07378709090912	4.3078071050196645
0.0697062539	39.49311554545446	4.313822785178687
0.0700119528	53.2542342727271	4.370474486840402
0.0703176513	44.15593390909109	4.287610610099203
0.0706233493	45.458678090909146	4.3166852800961895
0.070929047	36.296575818181935	4.265810028012024
0.0712347442	39.8834098181819	4.33469275416787
0.0715404411	35.68916563636371	4.320149722023384
0.0718461375	43.80587654545444	4.217585065503757
0.0721518336	41.755361090909204	4.274982159944197
0.0724575292	37.116096090909	4.310026191027607
0.0727632244	36.584259999999986	4.317893422855812
0.0730689192	41.920718454545565	4.2720547049465
0.0733746136	33.13064209090918	4.230791640051043
0.0736803076	37.48542036363624	4.270842439197341
0.0739860011	37.536735636363545	4.271152522222078
0.0742916942	33.1536030909092	4.183814801173788
0.0745973869	41.43476472727279	4.234830076928358
0.0749030792	33.127037	4.1840653998349175
0.0752087711	35.66607536363641	4.250953229781383
0.0755144625	34.434464272727325	4.236507541278156
0.0758201535	33.54967500000001	4.166955569476334
0.0761258441	40.32046881818175	4.208678350882272
0.0764315342	30.152398454545448	4.331084500880451
0.0767372239	33.33059645454547	4.4927236750041875
0.0770429132	38.35034581818185	4.422227568520113
0.077348602	28.601895363636416	4.4806451166475
0.0776542904	27.662007727272737	4.499724945295086
0.0779599783	27.486292909090793	4.652625852066773
0.0782656658	28.462572818181826	4.699252036625311
0.0785713529	26.24395972727271	4.610928223648306
0.0788770395	36.33165663636376	4.716922575982519
0.0791827257	29.10797572727276	4.679162760632813
0.0794884114	37.79618872727269	4.82355154768145
0.0797940966	35.4899277272726	4.8020673554659
0.0800997814	33.268042454545466	4.763918632436496
0.0804054658	36.572376363636465	4.857325836468603
0.0807111497	24.270903090909	4.790236333078694
0.0810168331	31.396195090909202	4.82441387892977
0.0813225161	32.85357909090919	4.881543024728813
0.0816281986	29.89938345454526	4.92029900033145
0.0819338806	31.39085581818179	4.992801675199059
0.0822395622	28.688068000000086	4.800380908935427
0.0825452433	28.3220937272727	4.833040934216733
0.082850924	27.874826181818193	4.555226579228469
0.0831566041	38.94191318181818	4.477495818022138
0.0834622838	32.89754336363629	4.494576574718788
0.0837679631	28.300080090909034	4.49188921254375
0.0840736418	25.83683999999998	4.550454606252907
0.0843793201	30.011069090909004	4.414753234747941
0.0846849979	30.17458609090916	4.340749554873798
0.0849906752	27.51347990909096	4.30631110325695
0.085296352	24.787193818181947	4.266784397810245
0.0856020284	30.900233636363694	4.318295678751922
0.0859077042	22.081279363636384	4.258316897309602
0.0862133796	28.32488763636377	4.197314639951318
0.0865190545	26.749486909090834	4.215633181285291
0.0868247289	25.679124545454428	4.181602569699983
0.0871304027	28.577471363636278	4.173887852846072
0.0874360761	28.693873181818148	4.122648761002915
0.087741749	22.003023909090942	4.142080277777965
0.0880474214	24.609076909090888	4.148786259901126
0.0883530933	30.031548818181832	4.155008683485098
0.0886587647	21.65523136363639	4.117533815392536
0.0889644356	23.994927090909073	4.126347966159007
0.089270106	26.60266709090905	4.163505196770685
0.0895757759	26.89756281818184	4.087560810691212
0.0898814453	24.491288363636414	4.109486520496412
0.0901871141	28.82148536363637	4.091485679128313
0.0904927825	25.41167136363633	4.101753651469263
0.0907984503	26.01052545454536	4.113777670767518
0.0911041176	17.06450818181814	4.06507604986368
0.0914097844	26.57484890909089	4.041394078911532
0.0917154507	24.697987181818206	4.0561294843600315
0.0920211165	23.48894836363627	4.126386258694289
0.0923267817	24.498925999999912	4.047998063920807
0.0926324464	18.15732609090908	4.059368544218142
0.0929381106	17.388352636363607	4.0447070662624975
0.0932437742	17.186258363636355	4.063020148613226
0.0935494374	22.732946636363565	4.052350428293788
0.0938550999	22.27458381818174	4.028256981588304
0.094160762	23.685417181818238	3.9954622061997087
0.0944664235	25.15503127272723	4.049581877920396
0.0947720845	18.281927727272702	3.971438387451785
0.095077745	15.954267181818267	4.048039032126985
0.0953834049	24.62573690909089	3.9783288781025665
0.0956890642	17.50306718181811	3.9952842108786397
0.0959947231	18.593447272727346	4.034263002076876
0.0963003813	17.32808481818182	3.944672100923552
0.0966060391	17.376917636363558	4.0314367967373945
0.0969116962	18.523523636363564	4.0016562444246615
0.0972173529	19.324012636363577	4.0190597252046025
0.0975230089	26.71083536363632	3.987692473830942
0.0978286645	19.697951454545404	3.9111232337538535
0.0981343194	22.90730372727282	3.96950224779971
0.0984399738	28.54886481818184	3.9503888642948666
0.0987456277	18.033184636363657	3.9808191773786055
0.099051281	12.709704999999971	3.9104155373431086
0.0993569337	20.25893745454546	3.9284804166029117
0.0996625858	17.57708281818175	3.9191844468811663
0.0999682374	19.392344818181755	3.9196314062471647
0.100273888	14.393600545454532	3.926308620560084
0.100579539	11.710197090909134	3.8842999335454165
0.100885189	19.58607372727272	3.8939574211345356
0.101190838	22.993108818181867	3.853213543718093
0.101496487	19.111046181818168	3.8220419633025786
0.101802135	19.446359909090916	3.8743293983670517
0.102107783	19.535550000000015	3.8743654859461945
0.10241343	13.3052826363636	3.8598422125720337
0.102719076	23.507387818181726	3.8953238113996296
0.103024722	22.28410809090903	3.8753296952538605
0.103330367	15.232521727272825	3.8531362146600747
0.103636012	18.908890363636388	3.793333497925144
0.103941656	18.001921454545524	3.8810738166504786
0.104247299	18.404633000000032	3.8488685709350765
0.104552942	16.700894545454616	3.842046154307042
0.104858584	18.31045763636368	3.826603456074031
0.105164226	19.123061727272628	3.7974567755004762
0.105469867	18.6262357272728	3.8227858468312217
0.105775508	15.379851272727336	3.7631622124130186
0.106081148	10.837274545454463	3.813371695566458
0.106386787	18.862486545454615	3.7885844600288756
0.106692426	18.906235818181827	3.795211128208818
0.106998064	15.29270963636371	3.80484503904493
0.107303701	19.841828909090964	3.7547591473569994
0.107609338	16.51120118181815	3.7723182333594836
0.107914974	17.86224163636348	3.7920551316996765
0.10822061	15.664999818181613	3.7657395521176085
0.108526245	18.686596454545494	3.805748640117118
0.108831879	11.188721363636347	3.826610599337653
0.109137513	21.34609900000001	3.817474591179611
0.109443146	16.32283109090899	3.73645785996229
0.109748779	15.126466727272643	3.77526650237725
0.110054411	12.795825000000036	3.7308583408586777
0.110360042	12.592682363636456	3.7702748970077398
0.110665673	16.784410636363702	3.77344463489726
0.110971303	13.318341818181807	3.7608574984383196
0.111276932	13.966333181818129	3.7699103137208203
0.111582561	18.168939454545594	3.783567570319297
0.111888189	2.9681515454544893	3.7524767304995263
0.112193817	15.297762636363572	3.6928262261228495
0.112499443	13.48142081818196	3.648110703516201
0.11280507	14.371002363636336	3.6631862188371924
0.113110695	11.813955090909118	3.6984473544431298
0.11341632	10.747411272727305	3.722823407623728
0.113721945	17.462589818181797	3.687964793638787
0.114027568	18.74448000000008	3.6747501454314473
0.114333191	12.577516636363697	3.677513858700582
0.114638814	13.884565818181827	3.7152560846365756
0.114944435	17.814074181818285	3.682117945367222
0.115250056	19.84404545454538	3.7236200684656016
0.115555677	19.5868816363636	3.725478303852608
0.115861296	12.3477551818182	3.744795236396869
0.116166916	20.362300909091005	3.644596334221501
0.116472534	9.904615727272699	3.6863962494854183
0.116778152	12.233769090909092	3.689111873840725
0.117083769	11.140133363636124	3.6537919125316014
0.117389385	16.964219454545386	3.6961100464018863
0.117695001	8.574901818181786	3.6474654044896395
0.118000616	14.963713181818221	3.663738830073526
0.11830623	10.242369000000053	3.6446619715572743
0.118611844	15.849318727272887	3.618003966568209
0.118917457	13.696069181818302	3.650949385339582
0.11922307	8.33276263636364	3.628764563062805
0.119528681	10.04241127272735	3.755417744104636
0.119834292	10.217015181818141	3.7833188338038437
0.120139903	8.046036000000143	3.8513619645634902
0.120445513	14.576867818181753	3.8478396359884437
0.120751122	16.36467136363649	3.8710555282800345
0.12105673	11.467861272727333	3.905240340037392
0.121362337	15.787585181818073	3.8899782797953275
0.121667944	8.855169181818212	3.922903644596787
0.121973551	13.157718454545417	3.961463529258162
0.122279156	11.882675545454546	3.994467972422719
0.122584761	10.64278045454543	3.99363943999185
0.122890365	17.171927636363904	4.029483065683062
0.123195969	4.96599509090899	3.934559545262034
0.123501571	12.6380015454545	3.8588132137667666
0.123807173	12.418722181818254	3.830957108293947
0.124112775	11.125114818181743	3.8163779826849864
0.124418375	9.12088763636369	3.8836731308833445
0.124723975	13.835103545454572	3.8371391981883125
0.125029575	16.826601636363563	3.7853325210940723
0.125335173	5.150166999999826	3.7996370460890283
0.125640771	15.99053290909076	3.7608744370348464
0.125946368	13.397212545454593	3.7993646980010496
0.126251964	13.31553909090907	3.762090942966012
0.12655756	13.772388454545563	3.7225147352793546
0.126863155	13.633583454545644	3.7860817518938266
0.127168749	12.70807536363641	3.7509200139393712
0.127474343	11.791012363636284	3.717726987117027
0.127779935	13.099597363636306	3.725559848493714
0.128085528	11.478513272727326	3.7029167864981987
0.128391119	11.652047727272574	3.7285725657295092
0.128696709	10.996489727272731	3.6792464819725734
0.129002299	11.741175636363721	3.7229294433187956
0.129307888	3.4852414545453314	3.6726542717977626
0.129613477	21.017618909090956	3.667286368609223
0.129919064	6.172903363636308	3.655238787506914
0.130224651	14.324348818181818	3.598888486893747
0.130530238	8.961721363636315	3.6616791622512417
0.130835823	9.704688363636294	3.616869790314448
0.131141408	12.399472909090932	3.6071115485485326
0.131446992	7.7641779090910035	3.573869245952663
0.131752575	13.00963081818189	3.5613273149225764
0.132058157	10.472042272727293	3.6025516012743686
0.132363739	12.93726381818189	3.560492565090969
0.13266932	13.428184818181919	3.5443706900710787
0.1329749	20.71502127272737	3.5635458377049636
0.13328048	8.304367181818222	3.534841674924044
0.133586058	7.6157322727272	3.59569310785857
0.133891636	8.777420636363686	3.5065255966034625
0.134197213	2.1162176363636576	3.5717093315682042
0.13450279	3.7102943636364216	3.5370669289625676
0.134808365	6.06882700000007	3.528582461145635
0.13511394	3.820032909090827	3.5407809838488316
0.135419514	4.537060636363606	3.5252230028811993
0.135725088	13.361834454545374	3.5486734831368882
0.13603066	11.985787727272594	3.4986119115333
0.136336232	4.517839363636469	3.494222220848557
0.136641803	14.84994727272742	3.5310784769343426
0.136947373	13.082601000000054	3.5273329829979794
0.137252943	4.198660181818212	3.53304725055102
0.137558511	8.705613545454511	3.4744660477183635
0.137864079	5.203036181818277	3.5196254929788906
0.138169646	6.792324181818472	3.4624698222158914
0.138475213	5.0626923636363586	3.5407134707751857
0.138780778	4.6716866363635745	3.467365848920876
0.139086343	10.560847636363633	3.429085760602951
0.139391907	9.43779245454543	3.473963461213572
0.13969747	14.865734999999916	3.4638064724499285
0.140003032	1.750948909091008	3.470291566248031
0.140308594	11.679284727272545	3.3977459529479566
0.140614155	5.442667909091057	3.3788849396987377
0.140919715	3.9494875454543177	3.474691688248649
0.141225274	7.1207164545454305	3.3994714498982246
0.141530832	6.356281363636285	3.576203995809351
0.14183639	2.8116438181817216	3.592394403755719
0.142141947	11.492028727272725	3.6380451787434085
0.142447503	5.788397181818041	3.693850820663055
0.142753058	10.89323590909089	3.6509317765267166
0.143058612	5.276492272727253	3.7320490602570784
0.143364166	15.489603545454429	3.667126544770827
0.143669718	18.331673636363632	3.7231748926690877
0.14397527	11.631137181818048	3.8287166846259506
0.144280821	4.607095545454598	3.7587238124202065
0.144586372	10.43653154545467	3.7621072005439604
0.144891921	8.757295818181774	3.77208507213157
0.14519747	2.6543766363636223	3.832688332941625
0.145503017	3.8803880909091504	3.8014657345639784
0.145808564	5.4082133636364205	3.8317534285357153
0.146114111	13.454639090909168	3.855928052974737
0.146419656	15.180336181818106	3.80294677135184
0.1467252	11.994579727272736	3.8625107067374893
0.147030744	5.878167727272725	3.8912371584573195
0.147336287	9.267430818181737	3.8657384788441167
0.147641829	8.767864727272752	3.880619881205023
0.14794737	6.9876084545453665	3.9377631737919243
0.14825291	8.8607448181817	3.94448457641983
0.14855845	1.2429478181817188	3.7952873112952243
0.148863988	4.469970090909072	3.714692484132463
0.149169526	5.861309636363714	3.739018270558263
0.149475063	7.706861454545333	3.6566249387256637
0.149780599	8.774201727272626	3.649182876135621
0.150086134	11.032922727272592	3.5677231508877
0.150391668	4.198563363636367	3.5574628951246594
0.150697202	4.190557909090913	3.5197769813041004
0.151002735	8.167966818181966	3.4912278234069634
0.151308266	7.538633727272739	3.537388158984067
0.151613797	3.052191818181882	3.5122197346898303
0.151919327	9.960005909091052	3.5320931989153874
0.152224857	3.2425913636362225	3.460749014541543
0.152530385	14.27893327272713	3.4912366503201664
0.152835912	6.102879181818253	3.4664530904239084
0.153141439	5.0888670909090195	3.4777414975769694
0.153446965	8.369692363636219	3.4352447663384833
0.15375249	3.7436657272726848	3.416010281085462
0.154058014	9.245630727272598	3.488926278630103
0.154363537	7.262549454545351	3.4417080073336703
0.154669059	9.412931090909069	3.419133802622297
0.15497458	7.472370818181844	3.465987670455747
0.155280101	5.526819090909001	3.4207101799501327
0.15558562	6.776531999999946	3.464099247409677
0.155891139	6.64367454545463	3.3985280558211373
0.156196657	4.83876845454553	3.4088889145784886
0.156502174	5.842497090909262	3.417121617210398
0.15680769	2.864701818181672	3.384538388280724
0.157113205	4.912751999999756	3.4269203579869316
0.157418719	3.815481000000034	3.3991936185525335
0.157724233	4.6493493636363326	3.399198741782788
0.158029745	11.431682454545395	3.4037156015486643
0.158335257	4.2594879999999335	3.399805968054178
0.158640767	4.728988363636333	3.4006144027017577
0.158946277	7.089433909090985	3.298987554450717
0.159251786	6.650611181818178	3.33961191711225
0.159557294	6.402148727272632	3.3423392162039085
0.159862801	5.732563636363466	3.365313864072186
0.160168307	12.226664545454469	3.307028036443438
0.160473812	2.299227727272779	3.316570491100339
0.160779317	9.403206545454452	3.3428648458676893
0.16108482	5.861148090908941	3.337669967106355
0.161390323	6.856089636363549	3.3447177406945428
0.161695824	0.6608463636363382	3.3223373096450706
0.162001325	0.7469068181817562	3.3110794168942204
0.162306825	10.54487463636356	3.374864026018589
0.162612324	7.297332727272732	3.307934509568695
0.162917821	4.9657112727272334	3.2797485817603067
0.163223318	9.96913854545447	3.340821378376131
0.163528814	5.0530009090909545	3.3214811708784744
0.16383431	6.206554090908867	3.315656323902427
0.164139804	8.184004000000087	3.2627349230416822
0.164445297	8.536183727272757	3.293123644054811
0.164750789	4.2263127272728696	3.347035393556412
0.165056281	-0.1820988181816574	3.290629329864042
0.165361771	2.0331632727272364	3.3305315828755413
0.165667261	9.118349181818317	3.3179825626820882
0.165972749	4.4608177272727545	3.3256303450682507
0.166278237	10.809371818181859	3.2748310774708416
0.166583724	10.954844090908935	3.311768622314391
0.166889209	9.554188454545312	3.2821489792537877
0.167194694	3.6743205454545347	3.2982592244928592
0.167500178	3.0592457272727813	3.3051266542976387
0.167805661	6.628260909090926	3.263945005955246
0.168111143	6.5508145454546	3.305987817689835
0.168416624	2.703674181818201	3.2825618762705044
0.168722104	6.466456909090823	3.2972589573091824
0.169027583	12.641645090909108	3.2737432160095925
0.169333061	2.758416090909108	3.260026885684728
0.169638538	9.354868636363705	3.279792269182933
0.169944014	-1.8075758181817037	3.251148527610788
0.17024949	5.180177727272834	3.265296185354048
0.170554964	9.482134272727265	3.247717164878605
0.170860437	5.758933181818264	3.266919333922908
0.171165909	5.070069181818155	3.2484952868976364
0.171471381	6.107713454545518	3.233142372509597
0.171776851	5.111136545454613	3.2398539718169546
0.17208232	4.932861181818211	3.2579939132696776
0.172387789	7.564540363636496	3.2303855921382745
0.172693256	3.7085117272727786	3.219985097316534
0.172998723	3.6548330000000107	3.2629934500891364
0.173304188	8.111077636363717	3.257976557493043
0.173609653	10.136558181818174	3.2201840656394545
0.173915116	2.5544272727274375	3.2463307943745123
0.174220579	6.149102909090942	3.2426565778596665
0.17452604	5.300089454545542	3.2340493678583284
0.174831501	6.817419545454584	3.244039366229705
0.17513696	7.20752581818175	3.198364051441644
0.175442419	5.660718000000031	3.235340784311389
0.175747876	1.6933523636362224	3.2158355658738498
0.176053333	5.892550727272621	3.225880352314911
0.176358789	3.6529553636363943	3.202010223692573
0.176664243	13.482362727272772	3.2053857320277612
0.176969697	7.323189818181675	3.1759223123580247
0.177275149	6.101966727272767	3.1164229355004442
0.177580601	4.518757454545437	3.0547055141678054
0.177886051	6.708385999999891	3.1116223499615314
0.178191501	2.065979181818207	3.1149455049967467
0.178496949	4.895318090908987	3.1479291304046795
0.178802397	3.402370545454545	3.1455467315815837
0.179107843	0.017603727272685887	3.1541667567757514
0.179413289	2.2878760000000398	3.138632505143476
0.179718733	6.309250818181624	3.1552408167843367
0.180024177	9.525268000000082	3.1418816846503823
0.180329619	-2.3958532727273507	3.130245845175084
0.18063506	7.413117363636346	3.131924183048655
0.180940501	4.370315999999974	3.1173553682193473
0.18124594	3.0788190000001947	3.146691532542773
0.181551378	7.787620090909044	3.151978456944533
0.181856816	4.805711181818211	3.1143665407492755
0.182162252	5.634308818181637	3.137546759561276
0.182467687	9.587358818181784	3.1427460938913665
0.182773121	6.151573727272748	3.1215782961116982
0.183078554	10.701500000000053	3.1370250027223703
0.183383986	8.762836545454675	3.120404245811392
0.183689417	6.555526636363567	3.1170032055106405
0.183994847	5.496417363636112	3.1479424430043346
0.184300276	2.6378879999998617	3.169951349279607
0.184605704	5.375400909090828	3.1210131965337684
0.184911131	6.479404272727507	3.1143295612139186
0.185216557	6.951965818181733	3.1554259336827344
0.185521982	7.433265636363657	3.126736508589516
0.185827405	6.0883617272727975	3.114778475446034
0.186132828	10.166945636363778	3.0744598808384342
0.18643825	3.293945363636297	3.1124918981196874
0.18674367	4.617838818181852	3.108319490296572
0.18704909	7.58331400000003	3.094498585633638
0.187354508	2.6043970000000627	3.103378259992347
0.187659925	7.107631363636173	3.06923725027435
0.187965342	9.69758899999988	3.1073282222077436
0.188270757	4.089943090909145	3.0663564832841246
0.188576171	4.260670181818256	3.10750268497539
0.188881584	9.122651818181993	3.113168568188836
0.189186996	5.863540363636375	3.062853913645534
0.189492407	8.135450909090807	3.1070902996287293
0.189797817	0.8736461818181596	3.033591648054015
0.190103225	7.027414636363574	3.083603596111271
0.190408633	5.790439272727141	3.0758347682651244
0.19071404	6.841192181818272	3.092181176368652
0.191019445	9.426874909091083	3.0578877272414995
0.19132485	6.783402545454749	3.0759243551646644
0.191630253	5.700943636363505	3.0766372009872542
0.191935655	7.845294818181827	3.070488472419778
0.192241057	4.326061636363718	3.053468886912489
0.192546457	3.1602889090908803	3.0890011433515765
0.192851856	5.339980909090869	3.08432374792853
0.193157254	2.5061554545455067	3.099717158466758
0.19346265	7.108020181818304	3.0436749703225807
0.193768046	5.750011363636318	3.079801548932676
0.194073441	-1.0413707272726924	3.0963466153944443
0.194378834	-1.0239733636363013	3.0357560899154734
0.194684227	6.2890412727274025	3.0841863553867293
0.194989618	4.112569272727242	3.0804521768884414
0.195295008	5.3481492727272695	3.0764462929666596
0.195600397	9.897850818181766	3.076153832816063
0.195905785	4.890497545454551	3.0200671713225202
0.196211172	-0.49192509090907777	2.9968559520067357
0.196516558	4.088224909090954	3.00517750302384
0.196821942	4.999225636363676	3.037099460326995
0.197127326	2.315044727272806	3.0151241176228383
0.197432708	0.8093635454545023	3.015651587271246
0.197738089	5.306779000000077	3.0064392193730445
0.19804347	9.122440181818092	3.016275934493744
0.198348849	2.879247181818201	3.027254345895323
0.198654227	2.445224545454465	3.02535090626886
0.198959603	6.467143090908962	3.027379533165467
0.199264979	3.932512000000088	3.020935505881164
0.199570353	2.300537090909174	3.0541431104010557
0.199875727	-0.3009025454545622	3.0223602835402748
0.200181099	0.9738337272727193	3.003264920194419
0.20048647	5.630943454545445	3.029486129283676
0.20079184	0.9264667272726967	3.0250519168625374
0.201097209	3.4038894545454212	3.038312130748832
0.201402577	6.471971090909108	2.9854028151691123
0.201707943	-1.1405732727273232	3.03680220214918
0.202013309	3.994369636363544	3.001441560625767
0.202318673	5.54483645454539	2.99652443276924
0.202624036	6.408328272727246	3.0157222115996136
0.202929398	6.064484454545465	2.991856315826959
0.203234759	3.8349018181816774	3.007100572587192
0.203540118	5.682884545454598	3.003219519466353
0.203845477	2.9075289090908285	3.0077830387069793
0.204150834	5.0008630000000664	3.001326176169044
0.20445619	2.356934363636327	3.021377673368875
0.204761545	5.820656090909253	3.0025335396281436
0.205066899	3.5478689999998636	3.0120013100689533
0.205372252	5.719423181818115	2.959470443821062
0.205677603	2.9834385454546464	3.0681830519066495
0.205982954	0.6832380909089864	3.1178992329279476
0.206288303	4.059346818181737	3.1674528651791483
0.206593651	6.844290454545359	3.1850630570401033
0.206898998	4.40535436363632	3.1624861551996064
0.207204344	7.951279727272578	3.2395582035706303
0.207509688	4.498068818181906	3.2474601964981202
0.207815031	8.065513818181671	3.267811068260185
0.208120373	6.440798090909041	3.239794364383651
0.208425714	3.693063818181841	3.287889765699391
0.208731054	1.4207585454544613	3.2897210209510663
0.209036393	4.631214181818208	3.2780742365448234
0.20934173	0.662242272727056	3.2592646452401257
0.209647066	4.45227554545454	3.3153065174770986
0.209952401	9.394969545454472	3.300495211493187
0.210257735	1.9363837272726414	3.3067599177693547
0.210563068	4.252935454545437	3.284294377400231
0.210868399	4.450771636363626	3.332832884385461
0.21117373	1.703978545454632	3.3279496015595167
0.211479059	7.032065454545489	3.333889607909371
0.211784386	-1.2461750909091762	3.301949929138649
0.212089713	2.7432988181818274	3.3364137791775828
0.212395039	5.045559999999867	3.3472736358746653
0.212700363	6.455654181818176	3.3473257420024587
0.213005686	3.225057909090907	3.3854622451456047
0.213311008	0.20955463636362026	3.348171662505628
0.213616328	4.131961545454459	3.2482977009762926
0.213921648	3.4054239090908567	3.229944296450314
0.214226966	2.9022339999999502	3.164291781157848
0.214532283	6.225405181818147	3.1107551842673353
0.214837599	3.265812636363634	3.067174908206555
0.215142913	3.399271181818193	3.0480447908603656
0.215448226	7.259207636363669	3.0847221918204157
0.215753538	8.299141909091077	3.0491071113149544
0.216058849	0.9466806363636238	3.0514312475667205
0.216364159	5.149038727272739	3.032729826960309
0.216669467	3.8399657272728405	3.0431651024367836
0.216974775	1.4803397272728347	3.034641256416886
0.217280081	3.4869555454546486	3.0601556062970796
0.217585385	4.2204454545455405	3.034515625466559
0.217890689	1.531034272727183	3.018051909603943
0.218195991	2.0610801818182267	4.2642110363916155
0.218501292	-1.9729441818182636	2.989635381328979
0.218806592	1.329377909090823	3.0228686448865867
0.21911189	3.759683272727372	3.033045081301732
0.219417188	6.061153909090962	3.0003048524555487
0.219722484	0.15623572727278656	3.008191993657616
0.220027778	5.956443818181754	2.9774018062299934
0.220333072	1.4605965454545355	3.0257608198517545
0.220638364	6.611287545454587	2.9766889221439103
0.220943655	6.969359090908966	2.999490330524349
0.221248945	2.8701703636362907	2.9834879123840445
0.221554234	4.101559636363774	2.968826545750443
0.221859521	3.789569545454512	2.99907679396161
0.222164807	9.167524636363638	2.978184377050781
0.222470092	2.4414989090908534	2.9600139500719527
0.222775375	-1.4705435454545324	2.9513613032334014
0.223080657	4.154518636363633	2.970536748962359
0.223385938	8.222975363636351	2.9807471314796032
0.223691218	4.358173181818046	2.9494331582859505
0.223996496	5.593955090909191	2.980392919228278
0.224301774	5.192642272727355	2.9594902586958085
0.224607049	4.947936272727276	2.9680752046394425
0.224912324	0.777440818181816	2.9646131098504096
0.225217597	-0.1552290909090459	2.9657833645872516
0.225522869	3.8171585454546886	2.9377762975449597
0.22582814	0.33328563636366937	2.92798173246343
0.22613341	3.4595303636363894	2.917469341258814
0.226438678	0.5354646363636562	2.9638063731420106
0.226743945	1.2739975454546482	2.942761871318871
0.227049211	4.56614709090907	2.917147682021921
0.227354475	3.436763000000127	2.9160467391481015
0.227659738	2.4374631818180603	2.94529471983106
0.227965	1.5775938181818816	2.9225585478476708
0.22827026	2.9372734545454193	2.944287780461714
0.228575519	4.371930818181866	2.930440615021013
0.228880777	6.655080909090856	2.928595022803745
0.229186034	3.6208426363636903	2.917445910033787
0.229491289	10.391058181818167	2.9258060175255802
0.229796543	7.145183999999887	2.9256390779618178
0.230101796	-2.391484545454432	2.9239784545659764
0.230407047	2.2920783636364206	2.924210686102607
0.230712297	6.4573508181818084	2.9241633836405163
0.231017546	-0.05529418181815515	2.933064641099228
0.231322793	-1.2140630909090078	2.880163742390645
0.23162804	1.596184818181925	2.929767027735302
0.231933284	3.431468727272744	2.8757904020068774
0.232238528	4.705329818181809	2.9137344825580884
0.23254377	6.272142272727237	2.902198090213429
0.232849011	4.820499181818292	2.904012309272467
0.233154251	4.731911272727274	2.9089176419735843
0.233459489	0.8507370000000236	2.8278942154983886
0.233764726	4.5807697272727665	2.8462303306776917
0.234069961	0.733459454545482	2.8628892821458916
0.234375195	2.2985229999999746	2.87232300901775
0.234680428	3.677000454545407	2.849245769192213
0.23498566	1.484729636363653	2.853473104107911
0.23529089	2.46263945454551	2.8605915479272124
0.235596119	4.122630545454555	2.845684215726472
0.235901347	5.336597363636315	2.875420152341859
0.236206573	-1.4635519999999502	2.85974923860084
0.236511798	0.9720410909091726	2.8609750978217385
0.236817021	1.6676538181818046	2.8598017350092504
0.237122244	0.30589099999986047	2.839837795746725
0.237427465	0.7218941818180014	2.863558588536258
0.237732684	0.4828325454545279	2.85291360827351
0.238037902	-2.123371909090892	2.855091945251897
0.238343119	5.565480454545408	2.8477201955749907
0.238648335	5.620943363636428	2.8362156219484573
0.238953549	-4.881386000000063	2.851663175289052
0.239258762	4.407630181818263	2.8481252745122294
0.239563973	3.9859232727272342	2.8228618702444512
0.239869183	5.699964363636241	2.8132188178340756
0.240174392	2.754718909091025	2.822213686839008
0.240479599	2.7605664545455966	2.858588584385302
0.240784805	-0.3923508181817681	2.819503711253226
0.24109001	9.391000545454489	2.846656906024279
0.241395213	2.8234364545455293	2.832101945758341
0.241700415	3.5461303636364505	2.7899528188967575
0.242005615	4.573347363636273	2.7707755391625364
0.242310814	6.788463909091007	2.781373469490391
0.242616012	3.7989300909091384	2.778149064459111
0.242921208	5.313293636363596	2.7843453853061
0.243226403	-1.4867173636363162	2.806115717791235
0.243531597	4.618649818181879	2.804620321578766
0.243836789	2.5192913636362846	2.7794895813660054
0.24414198	10.388587818181776	2.8178369538250148
0.24444717	0.06143681818173263	2.7794378549648284
0.244752358	2.581562999999818	2.8034240183764947
0.245057544	3.424715999999819	2.8169178499417296
0.24536273	4.4084082727273	2.7922237175115603
0.245667914	3.7158920909091364	2.8247220252171523
0.245973096	4.809156999999971	2.7954417750511498
0.246278277	2.283563272727207	2.8284850975511926
0.246583457	7.841113090909104	2.8299400813802347
0.246888635	7.511000818181728	2.799496964400889
0.247193812	2.0216916363636983	2.8091325031368273
0.247498988	2.4798868181817824	2.8191210667873023
0.247804162	-1.0064603636364922	2.8239475297602743
0.248109335	-0.25542600000015625	2.787162437474848
0.248414506	5.080853818181836	2.8003995871071554
0.248719676	0.8629971818182014	2.8103004094301482
0.249024844	3.9734033636362653	2.803321455494922
0.249330011	5.913684090909044	2.805202931389703
0.249635177	2.2061229090908796	2.763218131508776
0.249940341	2.3882406363635766	2.8077263794566476
0.250245504	3.488197636363495	2.7717616490367196
0.250550666	2.4462895454546185	2.785767071995904
0.250855826	4.001158909090918	2.7644713220318673
0.251160984	2.1016631818183384	2.772382894941013
0.251466141	-0.3027951818181407	2.7962828022362136
0.251771297	4.4735144545454375	2.7534842870012426
0.252076451	5.428742636363637	2.7324766237981586
0.252381604	0.4931862727271863	2.734478893594428
0.252686756	2.6370326363636565	2.7460567524042068
0.252991906	3.3103754545454223	2.770495225918848
0.253297054	3.7118040000000008	2.7421294461355856
0.253602201	5.267840272727113	2.7506185392830647
0.253907347	2.469996272727286	2.7315627222728374
0.254212491	4.1674601818181145	2.742146059223794
0.254517634	4.195075272727422	2.7616268530033503
0.254822775	7.912454272727274	2.7389208534585174
0.255127915	1.6797943636363755	2.784053784401152
0.255433054	2.447162181818072	2.7389802799731084
0.255738191	0.27829745454553745	2.7356221030426124
0.256043326	0.4006442727273196	2.759665505390789
0.256348461	-0.3522828181819193	2.739413211343872
0.256653593	1.6486000000000445	2.780172077517478
0.256958725	-2.4061113636363274	2.752771625369965
0.257263854	3.6222288181816964	2.7561069281136885
0.257568983	1.6836566363637218	2.7435592986769297
0.257874109	6.296421363636284	2.7248127285598054
0.258179235	3.5476933636362418	2.74431904346971
0.258484359	3.7031662727273584	2.7257425945830778
0.258789481	4.377255363636365	2.7537039219577752
0.259094602	0.8831820909090027	2.7280913261766857
0.259399722	0.8744859090909074	2.738085417905287
0.25970484	2.2630421818180935	2.734373125065432
0.260009956	1.1254937272727261	2.7058915190254593
0.260315071	2.570658363636369	2.7558336580375626
0.260620185	0.5627690909091143	2.7197295336773237
0.260925297	7.570974363636296	2.7583303384316893
0.261230408	2.9781426363636143	2.727994156227865
0.261535517	2.9806933636363198	2.742541839653134
0.261840625	2.311744363636379	2.73767114040741
0.262145731	4.157070909090876	2.7022772583167405
0.262450836	-2.251346090909081	2.751654656437289
0.262755939	4.216528909090798	2.7203549517254366
0.263061041	1.8056500909091966	2.719284182229971
0.263366141	5.7003488181818796	2.737170087152214
0.26367124	4.859505090908911	2.717652532363477
0.263976337	0.2845487272727354	2.7220600311826653
0.264281433	-0.0651773636363373	2.705685287322046
0.264586527	4.53362536363656	2.7143556038895995
0.26489162	-0.7679599999999454	2.690525842134423
0.265196711	1.062996727272676	2.6968765643467707
0.265501801	0.597810909090839	2.7253935137667655
0.265806889	-0.8168481818181306	2.6880806242075117
0.266111976	0.11602636363633678	2.719209716588561
0.266417061	7.08781527272734	2.702806151938061
0.266722145	5.433812636363697	2.6931835461352134
0.267027227	-0.7241757272727511	2.7321548504499105
0.267332308	5.11910418181813	2.7089284525595754
0.267637387	4.161819272727172	2.712186025116484
0.267942465	0.948318090909055	2.715390914613084
0.268247541	3.0000236363635935	2.7004809579946274
0.268552616	2.9551673636364484	2.6911046478805996
0.268857689	1.1118239090909299	2.6953719954049697
0.269162761	0.7114587272728556	2.7273653881710613
0.269467831	6.430527363636429	2.696053992733659
0.269772899	4.45216345454547	2.710061492359749
0.270077966	3.050956363636246	2.699212529184045
0.270383032	0.6462228181818119	2.6847841031449633
0.270688096	-2.1733705454546026	2.7630906538559468
0.270993158	3.2120078181818457	2.775646515659327
0.271298219	-2.7999755454545294	2.751373135575432
0.271603278	3.844279545454583	2.7652637442633603
0.271908336	2.7937370909091896	2.922715715843936
0.272213392	7.912171545454498	2.977893023677047
0.272518447	4.402836545454534	3.001775080003282
0.2728235	1.4058865454545355	3.0528417775340877
0.273128552	4.665476090909166	3.112206631604117
0.273433602	4.770388363636187	3.148988501515259
0.273738651	2.793762272727278	3.1793702969729773
0.274043698	-0.7385129999999407	3.196646562730168
0.274348743	-0.7155940909090219	3.246722030953966
0.274653787	-3.462597272727166	3.257608672511037
0.274958829	-6.442228272727135	3.287527850690972
0.27526387	2.1042323636363136	3.284518309302806
0.275568909	-0.23351699999999198	3.329529145107074
0.275873947	1.4161126363635645	3.380764318750264
0.276178983	2.4977624545455512	3.324879385387397
0.276484018	4.385624181818031	3.3634647322960243
0.276789051	-1.1364895454546087	3.3599623367721714
0.277094082	0.555661909090972	3.413300557629386
0.277399112	-5.789416636363711	3.3898717649328964
0.27770414	3.779222727272824	3.4214385298214585
0.278009167	3.316260363636445	3.424606823922182
0.278314192	2.621496363636453	3.4376103949164105
0.278619215	0.8457619999999366	3.445960318969185
0.278924237	3.5312140909089607	3.432161736974429
0.279229258	-3.711717818181768	3.483924973893463
0.279534276	2.0801856363635096	3.501485220721352
0.279839294	8.011428636363647	3.5016553551594014
0.280144309	6.657845454545495	3.4956993789698982
0.280449323	-0.22843372727265887	3.5063262556049435
0.280754336	-0.21308927272720268	3.633188925794567
0.281059346	-0.3489515454545966	3.5813245184386098
0.281364356	5.082154727272794	3.5726164914231044
0.281669363	-1.010614090909172	3.621401110094222
0.281974369	3.919182818181781	3.5588922619900827
0.282279374	-5.018835181818133	3.649729984847844
0.282584377	-0.5702579999999813	3.6098329305345245
0.282889378	1.5289276363636617	3.606306184115949
0.283194378	-2.117884272727224	3.6299366445702157
0.283499376	6.331174000000104	3.5726234347610664
0.283804372	3.468798545454561	3.6989746490131097
0.284109367	3.3574203636364075	3.608381601279004
0.28441436	0.5415234545453274	3.692407185379966
0.284719352	-2.1458458181817264	3.714537049250497
0.285024342	5.860721636363735	3.6705534708176577
0.28532933	4.900508363636362	3.7153018076810413
0.285634317	1.7007575454547208	3.669864242484146
0.285939302	0.9777180909090788	3.7680367801789583
0.286244286	5.185061000000033	3.7515754703641764
0.286549268	9.986466181818088	3.7305120939361887
0.286854248	-4.264190090908997	3.7670713136674454
0.287159227	6.432279000000065	3.755574605919121
0.287464204	1.0768360000000854	3.8357244622279953
0.287769179	4.649709272727236	3.796260629776242
0.288074153	5.104650090909146	3.7777179749616603
0.288379125	5.242858181818235	3.8058829355551023
0.288684096	0.1709231818181678	3.858693661286768
0.288989064	2.858431727272759	3.8658509222915654
0.289294032	0.6477062727272198	3.8004099346956965
0.289598997	6.889778999999905	3.8862767460826984
0.289903961	5.299770909090782	3.863994169704265
0.290208924	-1.723275727272764	3.938352976260334
0.290513884	-2.014781363636189	3.9220607283485887
0.290818843	2.706066000000149	3.863175078040051
0.291123801	3.460233727272879	3.899366842967626
0.291428756	-2.564234727272634	3.969397480159207
0.291733711	6.449262727272611	3.9490266813885473
0.292038663	3.7351427272727022	3.9590596023995324
0.292343614	2.905962000000031	3.944765399478545
0.292648563	1.4722546363635303	3.98886639133572
0.29295351	5.616799090909055	3.963566947396804
0.293258456	3.938666000000026	3.999995990930321
0.2935634	0.6955824545454448	4.011082059528788
0.293868343	-8.459329181818234	4.017975596200547
0.294173284	1.1497792727272582	4.071334675179233
0.294478223	3.752272727272725	3.9982000675899787
0.29478316	0.8555140000000705	4.055343864663064
0.295088096	7.045380454545551	4.029873246644897
0.29539303	2.993227454545462	4.13011470728412
0.295697963	1.8858099090908098	4.036330287391369
0.296002893	4.867659454545503	4.136128291023046
0.296307823	6.933521636363693	4.102790495043669
0.29661275	1.526072000000056	4.111656201229842
0.296917676	6.842120818181741	4.173550983403436
0.2972226	-0.35269145454542183	6.122658096140922
0.297527522	-1.794486181818229	4.146427916915155
0.297832443	1.2830757272727311	4.169232128747474
0.298137362	-2.821122909090832	4.164835181917937
0.298442279	1.339782909090843	4.1747538640399044
0.298747195	1.214924363636385	4.206611945425723
0.299052109	4.305641000000264	4.191388309074421
0.299357021	-2.93740554545451	4.199572642422292
0.299661932	5.843124818181806	4.167343347337557
0.299966841	-2.0018033636362986	4.276850244893037
0.300271748	-3.537217727272761	4.292575830505276
0.300576653	8.669636727272731	4.289491091210015
0.300881557	0.8395934545455219	4.282721316038441
0.301186459	4.332986363636309	4.218856506830827
0.30149136	4.1246919999998966	4.3491994799544775
0.301796258	-3.5084574545454927	4.305819623589339
0.302101155	5.943243454545382	4.296400307291293
0.30240605	9.743887363636432	4.321840788021331
0.302710944	5.113191727272621	4.341637350346118
0.303015836	4.128668727272853	4.4351030959893105
0.303320726	5.2937838181819075	4.361061170045597
0.303625614	-1.5918739090908929	4.326509160871083
0.303930501	4.790608999999932	4.3270117978130775
0.304235386	1.3650144545454879	4.4630398028253575
0.304540269	-3.107952909090841	4.417928905741037
0.304845151	-1.3346027272726246	4.423549140629489
0.30515003	7.121986909090907	4.46912316279596
0.305454908	7.436931181818167	4.396316048749376
0.305759785	-3.3264438181818434	4.437832841591804
0.306064659	4.628343454545458	4.418075114557781
0.306369532	2.156771818181795	4.430012616895894
0.306674403	4.452364636363626	4.520529541375185
0.306979273	1.2614567272726873	4.389548378694312
0.30728414	0.751645181818219	4.541195998715645
0.307589006	-4.066244272727317	4.444071425043278
0.30789387	8.865264090909193	4.49598918721616
0.308198733	2.792971090909191	4.518984650026177
0.308503593	4.875460363636535	4.419384242736934
0.308808452	2.0874893636363367	4.4929473585811746
0.309113309	-0.1734558181819068	4.4241392549410765
0.309418165	6.258533727272777	4.54529921608968
0.309723018	-0.04004636363639236	4.556293231241461
0.31002787	-1.7977836363636612	4.504681055841793
0.310332721	-2.4333318181818697	4.554148472100778
0.310637569	2.184338090908966	4.53564617963487
0.310942416	9.25581845454559	4.5904792535059205
0.31124726	9.44068399999992	4.568938096612799
0.311552104	3.261212909090858	4.56544730804242
0.311856945	1.4772348181816852	4.6855295151205825
0.312161785	-2.624331181818107	4.556844743552375
0.312466622	-7.878748181818125	12.414028517401945
0.312771458	3.1509549090908706	4.637750240053131
0.313076293	-2.0490002727272127	4.740678050352927
0.313381125	6.890003000000036	4.753261878073973
0.313685956	13.482649636363675	4.578477000217624
0.313990785	-1.1575423636362103	4.75542176510985
0.314295612	-4.81869090909079	4.706038748064211
0.314600437	8.226177454545294	4.756009104279556
0.314905261	2.1910582727272754	4.833873893279802
0.315210083	-1.3950600909090838	4.738924809783878
0.315514903	3.411155363636311	4.836930557622825
0.315819721	6.786337818181849	4.729631749782095
0.316124538	0.24067863636368259	4.785039519438779
0.316429352	0.37555790909095776	4.856166312531757
0.316734165	-6.245486272727234	4.756455746736448
0.317038976	5.549181818181879	4.995902075097561
0.317343786	6.940140636363452	4.76122143773943
0.317648593	0.7560360909090491	4.9613234508987345
0.317953399	-3.145987909090806	4.909240654593284
0.318258203	8.01400790909085	4.937724488913534
0.318563005	3.6556374545454418	5.020543074277944
0.318867805	-0.3212275454545477	4.818951104696837
0.319172604	5.707426363636259	4.991535965148594
0.319477401	0.6033230909091003	4.9290967264438486
0.319782196	2.879002454545443	4.998386922949623
0.320086989	1.9802879090909897	5.013831699957375
0.32039178	1.040727181818113	5.010988116381927
0.320696569	10.543665727272895	5.0967204590246915
0.321001357	-4.0679053636364415	5.057074309087774
0.321306143	-0.05765818181821203	5.1133946228715965
0.321610927	3.6006364545455227	5.147813958105097
0.321915709	4.436423999999803	5.0691904305516235
0.32222049	11.867095454545549	5.161229184176631
0.322525268	-1.3298538181818742	5.054948046189515
0.322830045	12.494550909091089	5.149092582070841
0.32313482	0.09555300000002376	5.134260912517348
0.323439593	12.012511090909044	5.227576216838267
0.323744364	-1.7547883636363082	5.228125459275902
0.324049133	-3.802133272727275	5.1459145271126125
0.324353901	-9.848980181818092	5.270974287729348
0.324658667	9.551780090909148	5.245353671459422
0.324963431	-1.8046828181816466	5.412523321728305
0.325268193	2.2967515454545406	5.262007907987333
0.325572953	1.7115339090909032	5.25855061856602
0.325877711	5.550884454545439	5.38445090439395
0.326182468	-6.005968090909093	5.270067947676793
0.326487223	-2.3915982727272223	5.4442320968188245
0.326791975	4.300692727272661	5.281661802127867
0.327096726	8.23002236363628	5.4452324399319965
0.327401476	0.36539154545465635	5.48650985007764
0.327706223	8.265625363636389	5.417518586920121
0.328010968	7.533249090909067	5.510796560496139
0.328315712	-0.4014796363637174	5.415091620182154
0.328620454	-2.7334138181817025	5.579366311782818
0.328925193	0.2804874545454794	5.547960744461847
0.329229931	1.7876030909091156	5.5547158369777625
0.329534668	4.269206727272632	5.613089636148592
0.329839402	-4.253481818181868	5.495850758118514
0.330144134	0.5953254545454456	5.6885804887151314
0.330448865	-2.6607650909090808	5.4989868617128534
0.330753594	-0.2513984545455372	5.5268118159097845
0.33105832	-0.20325200000002042	5.696835392594748
0.331363045	2.5114035454544137	5.569735966882977
0.331667768	-1.4776627272726017	5.825618491260184
0.331972489	-8.784588818181689	5.62725014540106
0.332277209	7.154913090909076	5.7822064363509815
0.332581926	2.9656564545454955	5.8144071944719204
0.332886642	-3.646499545454489	5.691075137147871
0.333191355	5.546987090908928	5.820808983262159
0.333496067	-0.04325136363611648	5.701758454249966
0.333800777	6.154154727272783	5.894777218761748
0.334105485	-2.055002454545445	5.860410091393976
0.334410191	1.2370894545454547	5.898941790822521
0.334714895	-0.5318316363638331	5.997943349026293
0.335019598	-3.099216818181816	5.704435319370054
0.335324298	4.666071363636348	6.036616806251488
0.335628997	6.658589090909146	5.935437939643692
0.335933693	3.1744128181818354	5.9491959592193915
0.336238388	12.404246909090801	6.102444607320265
0.336543081	-2.8152187272727502	5.90151136879083
0.336847772	7.315206000000032	6.172601680430125
0.337152461	7.325887090908978	5.902196749969196
0.337457148	4.3545545454544765	6.111653694079621
0.337761833	-1.6422336363637413	6.059560968146074
0.338066516	3.184385363636295	6.063291620459098
0.338371198	0.08968036363640408	6.3097057081907675
0.338675877	8.28775918181826	6.181995980478634
0.338980555	13.891459909090713	6.271585501527429
0.33928523	11.705979181818122	6.168573853428433
0.339589904	7.621718363636418	6.431062662293759
0.339894576	-5.299577272727234	6.389515737332566
0.340199246	3.5062748181816517	6.145309825719266
0.340503914	5.017854727272706	6.442082245542604
0.34080858	2.0750545454544067	6.117960120926719
0.341113244	5.812626545454549	6.3388507187738705
0.341417906	-4.876575545454642	6.284033494612274
0.341722566	11.160246363636332	6.273704165521401
0.342027225	-12.713233818181777	6.493569200738737
0.342331881	-10.59423127272737	6.090018169460626
0.342636535	8.309939727272635	6.366574771704694
0.342941188	-5.177685909090997	6.243782191450201
0.343245838	-2.5587384545453773	6.22590426002907
0.343550487	-5.817631545454489	6.5424402847712395
0.343855134	5.607106181818082	6.088826548887177
0.344159778	-4.3655336363634945	6.427487279050444
0.344464421	-10.678716000000108	6.382423308508135
0.344769062	0.7536337272727422	6.318164092213912
0.345073701	-6.490327909090894	6.570102639446813
0.345378338	-5.260147090909157	6.3510761385404635
0.345682973	10.160362909090779	6.6031096081082605
0.345987606	2.608681636363599	6.344013911897193
0.346292237	1.6839138181817503	6.657105833334014
0.346596866	17.250507727272648	6.527886027581664
0.346901493	5.876784090909055	6.7586612498570195
0.347206118	2.603878181818189	6.743448355283329
0.347510742	8.195510454545456	6.4626058629314
0.347815363	6.738607545454656	6.697034982684267
0.348119982	5.446961727272779	6.752248974813522
0.3484246	6.198554181818281	6.734618997653935
0.348729215	4.609965636363782	7.004607373230593
0.349033828	-14.073463545454388	6.630409098053638
0.34933844	-2.700295545454452	6.839620293669622
0.349643049	-6.159303090909134	6.7224737581642815
0.349947657	13.353235999999953	7.064983735666369
0.350252262	2.8457559090907836	6.897376318706632
0.350556866	1.9181051818181771	6.736020724904398
0.350861467	8.79294818181819	7.125994213800261
0.351166067	0.6125222727273183	6.918938566005134
0.351470664	23.53708900000001	7.231595742104561
0.35177526	6.215663545454433	7.0324479123009915
0.352079853	5.579924545454489	7.23350426763349
0.352384445	5.0291192727272716	7.4388012938537535
0.352689034	5.657763454545446	6.840295807534186
0.352993622	-6.725297454545398	7.368165879720131
0.353298208	-1.8770217272728473	7.163431886350855
0.353602791	11.137686090909042	7.394610144517948
0.353907373	0.44474172727284156	7.440750998947996
0.354211952	3.496482818181761	7.2664249352288675
0.35451653	-2.1922591818182013	7.666454095663509
0.354821106	2.7018003636364796	7.243443802654114
0.355125679	3.1342744545454337	7.93939704986477
0.355430251	10.726656909090977	7.459721964538414
0.35573482	16.062467454545626	7.5622010109237685
0.356039388	6.840447636363578	7.850078352795067
0.356343954	-1.5653322727271757	7.402165591598582
0.356648517	11.429460272727141	8.082949450389954
0.356953079	-11.20534336363633	7.588503430726874
0.357257638	3.978848818181717	7.849012737821601
0.357562196	-2.384978727272724	7.947370931583637
0.357866751	-8.492576090909125	7.839466255720254
0.358171304	-6.943823363636454	8.169734011695681
0.358475856	-8.909394999999947	7.843143066814432
0.358780405	-7.330743818181844	8.247028941847617
0.359084953	18.398300545454518	8.138164071270412
0.359389498	-3.1837974545454983	8.28987283901416
0.359694041	1.5655453636363603	8.629287916770721
0.359998583	-14.026469181818229	7.933608779508079
0.360303122	7.541101636363692	8.617220619915008
0.360607659	6.428700363636395	8.468440096607242
0.360912194	-4.576727363636479	8.487560931671844
0.361216727	6.00299890909092	9.022202125615078
0.361521258	11.28904563636361	8.15280830750768
0.361825787	-11.047073363636386	8.916322388218562
0.362130314	-0.46652818181840416	8.244421030994703
0.362434839	10.145751090908988	8.955408875444862
0.362739362	1.9392270000000167	8.983572668326563
0.363043883	-1.9084749999998252	8.895861287096904
0.363348402	15.078952909090901	9.555958072784339
0.363652919	1.3055352727273117	8.797252961850075
0.363957433	-4.947815636363586	9.334043384254455
0.364261946	7.239446090908999	9.160447637593519
0.364566456	12.410794545454493	9.514281081729482
0.364870965	7.282902181818116	9.851052054663601
0.365175471	-9.492460727272771	9.063759779132237
0.365479976	8.75380881818181	10.433766917984697
0.365784478	12.885297090909091	9.648145162835277
0.366088978	20.153017181818313	10.091561937382036
0.366393477	-0.6525361818182773	9.817362172174477
0.366697973	-1.2185060909089174	9.667579649709513
0.367002467	13.551481181818161	10.50924248611522
0.367306959	2.669998090909118	9.512228885202754
0.367611449	27.825653999999957	10.416582834142755
0.367915936	9.660551090909237	10.169523324784471
0.368220422	-11.647846727272722	10.290340079050857
0.368524906	5.429871454545392	11.608116000487229
0.368829387	3.1272293636363457	10.029203541583996
0.369133867	6.648801545454646	11.023681377507785
0.369438344	-1.037501636363558	10.597816877760707
0.369742819	-22.571352181818156	11.640251287179698
0.370047293	1.3909106363635004	11.905276927682705
0.370351764	-2.068882181818168	10.425957952238509
0.370656233	1.137077636363557	12.123915672157503
0.3709607	-4.279529727272688	10.982476184796885
0.371265165	-11.531084636363715	12.085447348027227
0.371569627	8.433488272727132	11.881149314754047
0.371874088	12.608378363636277	11.981960821679374
0.372178547	6.979684181818158	13.270096781435868
0.372483003	-10.671995181818161	11.194187227733236
0.372787457	21.731134454545398	13.056451803564544
0.37309191	40.59654299999998	12.791953767947263
0.37339636	-18.173494727272796	12.867471150902636
0.373700808	0.9210843636363819	15.092920366776836
0.374005254	3.8516510909091295	11.975898678058153
0.374309698	-12.424369727272904	15.106936592782418
0.374614139	4.845184454545404	12.673451879636183
0.374918579	-1.4439879090909358	14.866396232144169
0.375223016	5.026511636363722	15.264239457456089
0.375527452	0.88580672727268	13.502534675915836
0.375831885	17.218258999999847	17.764563417725483
0.376136316	1.5096363636364174	13.310414336514427
0.376440745	36.1068797272727	18.070499465912285
0.376745172	-8.722662818181774	14.938321925635918
0.377049596	10.19019518181814	15.765146156026075
0.377354019	-6.1672843636363694	20.57982852110786
0.377658439	23.57372799999993	14.127494305729611
0.377962858	3.5052835454545317	20.574490687461658
0.378267274	-7.875372090909067	15.929265255780296
0.378571688	8.45899636363633	23.55873568720657
0.3788761	0.4359596363634921	20.480252967922816
0.37918051	-3.8975084545453598	17.78867939197921
0.379484917	-9.803216363636409	24.07132047839699
0.379789323	-1.3266472727273992	19.426620730548454
0.380093726	-26.098605818181824	26.653224189366995
0.380398127	-35.49677354545466	19.4690561733678
0.380702526	-26.569543272727287	30.719214174823062
0.381006923	-52.19461563636351	33.429948222165486
0.381311318	-9.809338818181814	22.429711069874116
0.38161571	35.84977863636368	33.41890651851098