
0
2 6.32883 0.00205
3 8.62711 0.00530
4 10.69657 0.00896
5 12.60855 0.01281
6 14.38768 0.01666
8 17.63884 0.02381
10 20.57739 0.03118
12 23.27987 0.03875
15 26.99531 0.04783
18 30.40290 0.05321
22 34.58632 0.05956
27 39.37660 0.06523
33 44.64703 0.06922
40 50.29675 0.07348
49 56.96041 0.08015
59 63.76040 0.09511
72 71.89973 0.12287
87 80.53489 0.16233
106 90.53438 0.20934
128 101.06860 0.23746
155 112.83095 0.27202
188 126.14531 0.39257
227 140.80978 0.55854
275 156.69643 0.66882
333 170.95207 0.49729


1
2 6.32447 0.00196
3 8.61283 0.00489
4 10.67139 0.00743
5 12.56981 0.01024
6 14.33341 0.01308
8 17.54960 0.01926
10 20.45215 0.02658
12 23.11959 0.03493
15 26.78719 0.04671
18 30.14941 0.05636
22 34.27558 0.06728
27 38.98926 0.07895
33 44.16669 0.09601
40 49.72175 0.12240
49 56.28054 0.15703
59 62.95879 0.19379
72 70.90951 0.24098
87 79.33849 0.29815
106 89.08561 0.38766
128 99.41306 0.50038
155 110.93518 0.65057
188 123.69635 0.87385
227 137.49983 1.10902
275 152.16434 1.27966
333 165.59155 1.64424


2
2 6.31343 0.00232
3 8.56803 0.00729
4 10.58755 0.01195
5 12.43966 0.01625
6 14.15337 0.02023
8 17.26353 0.02799
10 20.05740 0.03696
12 22.61756 0.04604
15 26.13060 0.05918
18 29.34508 0.07205
22 33.28304 0.09307
27 37.78854 0.12173
33 42.74053 0.15395
40 48.04333 0.18679
49 54.30203 0.22531
59 60.69308 0.26768
72 68.32029 0.31143
87 76.40389 0.37619
106 85.85426 0.46915
128 95.87246 0.58976
155 106.99387 0.69557
188 119.36842 0.81679
227 132.67206 1.08963
275 146.80060 1.52095
333 160.08884 1.64427


3
2 6.30379 0.00171
3 8.53113 0.00569
4 10.51695 0.00979
5 12.33128 0.01341
6 14.00384 0.01699
8 17.02909 0.02466
10 19.73566 0.03382
12 22.20689 0.04366
15 25.58608 0.06064
18 28.67646 0.07877
22 32.46648 0.10192
27 36.80790 0.12737
33 41.57052 0.15396
40 46.67643 0.18687
49 52.70033 0.22226
59 58.83845 0.25586
72 66.13186 0.30389
87 73.84383 0.36139
106 82.81100 0.42119
128 92.37059 0.47027
155 103.09281 0.53336
188 115.01727 0.66267
227 127.51229 0.73923
275 141.17851 0.84934
333 154.04770 0.54955


4
2 6.29962 0.00221
3 8.51373 0.00525
4 10.48281 0.00883
5 12.27547 0.01263
6 13.92400 0.01645
8 16.89268 0.02461
10 19.53974 0.03303
12 21.95423 0.04229
15 25.25640 0.05843
18 28.27127 0.07390
22 31.95538 0.08947
27 36.14805 0.10462
33 40.73410 0.12415
40 45.62491 0.15315
49 51.36928 0.19123
59 57.22925 0.23448
72 64.24084 0.28732
87 71.69392 0.34337
106 80.35602 0.38913
128 89.45766 0.44387
155 99.65874 0.49872
188 110.95552 0.55757
227 122.72996 0.51390
275 135.26053 0.54730
333 146.82138 0.93851


5
2 6.29473 0.00181
3 8.49398 0.00474
4 10.44509 0.00715
5 12.21568 0.01032
6 13.83915 0.01354
8 16.74964 0.02183
10 19.33259 0.03212
12 21.68126 0.04268
15 24.87620 0.05653
18 27.77915 0.06690
22 31.31508 0.07669
27 35.34194 0.08716
33 39.75376 0.10201
40 44.46182 0.11742
49 49.98365 0.12649
59 55.60291 0.12906
72 62.25597 0.14426
87 69.25609 0.15642
106 77.42179 0.16408
128 86.09662 0.15791
155 95.74300 0.22013
188 106.33650 0.39198
227 117.71016 0.49305
275 130.21840 0.59674
333 142.72519 0.85096


6
2 6.29193 0.00237
3 8.48297 0.00552
4 10.42521 0.00852
5 12.18599 0.01194
6 13.79731 0.01544
8 16.68127 0.02267
10 19.23620 0.02968
12 21.55340 0.03685
15 24.69918 0.04684
18 27.54980 0.05476
22 31.01305 0.06348
27 34.94347 0.07543
33 39.22976 0.08897
40 43.80416 0.10366
49 49.17545 0.10803
59 54.64457 0.10346
72 61.17957 0.10462
87 68.03627 0.11367
106 75.93183 0.14171
128 84.36378 0.18863
155 93.79038 0.25506
188 104.14923 0.33691
227 115.42824 0.43564
275 127.62715 0.68926
333 140.02786 1.14974


7
2 6.28779 0.00162
3 8.47089 0.00457
4 10.40094 0.00833
5 12.14486 0.01150
6 13.73766 0.01491
8 16.57759 0.02226
10 19.08220 0.02995
12 21.34591 0.03739
15 24.41905 0.04764
18 27.20544 0.05593
22 30.58580 0.06270
27 34.40872 0.06707
33 38.58289 0.07167
40 43.03640 0.08083
49 48.24768 0.08580
59 53.51551 0.08778
72 59.77137 0.09679
87 66.35486 0.10789
106 73.90266 0.13731
128 81.82539 0.22175
155 90.67809 0.34176
188 100.59004 0.50970
227 111.03291 0.70368
275 122.50071 0.71202
333 133.86714 0.89176


8
2 6.28584 0.00145
3 8.46307 0.00377
4 10.38618 0.00677
5 12.12201 0.00969
6 13.70523 0.01365
8 16.52386 0.02249
10 19.00428 0.03046
12 21.24243 0.03732
15 24.26934 0.04704
18 27.00356 0.05743
22 30.31534 0.06920
27 34.06106 0.07762
33 38.12891 0.08382
40 42.45309 0.09376
49 47.50861 0.09998
59 52.62312 0.11383
72 58.68342 0.13196
87 65.07745 0.14563
106 72.51805 0.15536
128 80.37646 0.18614
155 89.06733 0.23076
188 98.70967 0.30651
227 108.90508 0.31602
275 119.95403 0.42333
333 131.48856 0.77422


9
2 6.28407 0.00249
3 8.45454 0.00692
4 10.36896 0.01160
5 12.09241 0.01598
6 13.66267 0.02009
8 16.45345 0.02709
10 18.90301 0.03340
12 21.10757 0.03948
15 24.08385 0.04810
18 26.77066 0.05689
22 30.02170 0.07096
27 33.68108 0.08788
33 37.64468 0.10575
40 41.83399 0.12439
49 46.74450 0.14923
59 51.69988 0.17968
72 57.57358 0.22093
87 63.75588 0.27328
106 70.89903 0.32566
128 78.41423 0.38052
155 86.79384 0.49207
188 96.21000 0.68079
227 106.30806 0.97948
275 116.75258 1.26735
333 127.99574 1.20285


10
2 6.28321 0.00194
3 8.44873 0.00397
4 10.35630 0.00596
5 12.07056 0.00828
6 13.62943 0.01002
8 16.39374 0.01273
10 18.81667 0.01446
12 20.99337 0.01607
15 23.92663 0.02011
18 26.56619 0.02721
22 29.75837 0.03818
27 33.34949 0.05104
33 37.23414 0.06080
40 41.33538 0.06780
49 46.09753 0.07945
59 50.92644 0.09158
72 56.63477 0.10221
87 62.56934 0.10718
106 69.36897 0.10944
128 76.52904 0.13724
155 84.39934 0.19651
188 93.19031 0.28944
227 102.79808 0.52134
275 113.29889 0.79113
333 124.93053 1.12501


11
2 6.28207 0.00191
3 8.44273 0.00523
4 10.34251 0.00893
5 12.05031 0.01209
6 13.60012 0.01491
8 16.34130 0.02083
10 18.73654 0.02683
12 20.88389 0.03268
15 23.76751 0.04054
18 26.35324 0.05096
22 29.47188 0.06817
27 32.98268 0.08408
33 36.78334 0.10196
40 40.80323 0.12207
49 45.47811 0.14972
59 50.19563 0.17194
72 55.73748 0.21614
87 61.57722 0.27715
106 68.36339 0.33038
128 75.44760 0.37549
155 83.29265 0.41721
188 92.02229 0.55548
227 101.50471 0.73049
275 111.73022 0.92026
333 123.35500 0.99288


12
2 6.28021 0.00224
3 8.43673 0.00557
4 10.33101 0.00886
5 12.03136 0.01257
6 13.57315 0.01636
8 16.29765 0.02389
10 18.67359 0.03091
12 20.80197 0.03700
15 23.66131 0.04516
18 26.22767 0.05304
22 29.31417 0.06451
27 32.78213 0.07662
33 36.52026 0.08962
40 40.46317 0.10395
49 45.05714 0.11822
59 49.69300 0.14504
72 55.13096 0.20350
87 60.82195 0.27621
106 67.37801 0.36447
128 74.28291 0.47412
155 81.87556 0.57360
188 90.34520 0.68773
227 99.71660 0.74690
275 110.28091 0.77185
333 121.08611 1.12811


13
2 6.27755 0.00224
3 8.42785 0.00571
4 10.31611 0.00931
5 12.00748 0.01283
6 13.53963 0.01591
8 16.24058 0.02299
10 18.59023 0.02997
12 20.68840 0.03595
15 23.49701 0.04294
18 26.00686 0.04936
22 29.02005 0.06088
27 32.39564 0.07870
33 36.02849 0.10803
40 39.84829 0.14585
49 44.28827 0.18443
59 48.75019 0.22204
72 53.96188 0.27547
87 59.39531 0.33849
106 65.66885 0.40396
128 72.22622 0.46959
155 79.44831 0.57445
188 87.40036 0.66254
227 96.05436 0.77903
275 106.01045 1.11258
333 117.61909 1.18648


14
2 6.27595 0.00182
3 8.42348 0.00494
4 10.30663 0.00801
5 11.99062 0.01111
6 13.51270 0.01371
8 16.18696 0.01899
10 18.50338 0.02424
12 20.56539 0.03020
15 23.31788 0.03862
18 25.77101 0.04444
22 28.70318 0.04987
27 31.97802 0.05829
33 35.50428 0.07555
40 39.20674 0.09814
49 43.48299 0.13302
59 47.76484 0.16134
72 52.74055 0.19649
87 57.92126 0.21894
106 63.85538 0.23989
128 70.06561 0.29584
155 76.93716 0.38720
188 84.52556 0.46818
227 92.93960 0.54384
275 102.13958 0.79566
333 113.39429 0.95514


15
2 6.27456 0.00261
3 8.41687 0.00685
4 10.29427 0.01159
5 11.97260 0.01586
6 13.48840 0.01975
8 16.15010 0.02661
10 18.45644 0.03220
12 20.50835 0.03858
15 23.24399 0.04876
18 25.68146 0.05795
22 28.59263 0.06605
27 31.83506 0.07289
33 35.31488 0.08498
40 38.95045 0.09978
49 43.13164 0.14008
59 47.30023 0.18987
72 52.13451 0.27097
87 57.16199 0.36520
106 62.92307 0.45409
128 68.99756 0.55799
155 75.73340 0.68905
188 82.96737 0.85083
227 90.86168 0.97773
275 100.28337 0.88576
333 110.92500 0.92773


16
2 6.27455 0.00238
3 8.41665 0.00640
4 10.29281 0.00993
5 11.96782 0.01321
6 13.47861 0.01550
8 16.12654 0.02034
10 18.41188 0.02575
12 20.43928 0.03135
15 23.13733 0.03934
18 25.53551 0.04706
22 28.39767 0.05917
27 31.58838 0.07315
33 35.00419 0.09252
40 38.57677 0.11677
49 42.68820 0.15578
59 46.76478 0.19020
72 51.48595 0.23422
87 56.43217 0.28722
106 62.11319 0.33766
128 68.05476 0.32966
155 74.66573 0.28340
188 82.00006 0.25417
227 90.04327 0.17437
275 99.00183 0.10666
333 109.39022 0.32730


17
2 6.27219 0.00150
3 8.40893 0.00429
4 10.27996 0.00722
5 11.94907 0.00957
6 13.45296 0.01148
8 16.08464 0.01506
10 18.34979 0.01736
12 20.35389 0.01924
15 23.01108 0.02262
18 25.36395 0.02804
22 28.16369 0.03872
27 31.26809 0.05889
33 34.56736 0.09839
40 37.99219 0.15416
49 41.92619 0.22434
59 45.80893 0.29442
72 50.28755 0.39992
87 54.95036 0.52078
106 60.31865 0.68858
128 65.92576 0.83532
155 72.14482 1.01482
188 78.99739 1.18844
227 86.46830 1.37878
275 95.35817 1.56096
333 105.77895 1.58320


18
2 6.27323 0.00238
3 8.41215 0.00536
4 10.28354 0.00764
5 11.95208 0.00961
6 13.45531 0.01113
8 16.08627 0.01469
10 18.35074 0.01979
12 20.35338 0.02831
15 23.00129 0.04554
18 25.33536 0.06152
22 28.10522 0.07823
27 31.17930 0.09911
33 34.46513 0.12738
40 37.88502 0.15638
49 41.80750 0.20839
59 45.67150 0.26982
72 50.10781 0.34755
87 54.70961 0.46972
106 60.01043 0.61713
128 65.44276 0.75056
155 71.33964 0.84555
188 77.82106 0.97825
227 84.90325 1.07529
275 93.49606 1.12737
333 103.77666 0.87689


19
2 6.27167 0.00194
3 8.40641 0.00552
4 10.27201 0.00869
5 11.93346 0.01148
6 13.42868 0.01362
8 16.03498 0.01639
10 18.26808 0.01897
12 20.23614 0.02124
15 22.83065 0.02454
18 25.11750 0.02532
22 27.82507 0.02817
27 30.81984 0.03829
33 33.99420 0.05948
40 37.26411 0.08751
49 41.00407 0.11919
59 44.70135 0.14980
72 48.93685 0.20229
87 53.36080 0.28062
106 58.41604 0.37251
128 63.64936 0.44633
155 69.42721 0.47373
188 75.90361 0.43382
227 82.86671 0.57449
275 91.09782 1.06545
333 101.49160 1.09065


20
2 6.26929 0.00183
3 8.39965 0.00490
4 10.26056 0.00783
5 11.91711 0.01021
6 13.40579 0.01236
8 15.99742 0.01736
10 18.21252 0.02395
12 20.15842 0.03208
15 22.71579 0.04489
18 24.96252 0.05766
22 27.61766 0.07277
27 30.54361 0.09254
33 33.63570 0.12165
40 36.82150 0.15531
49 40.45391 0.19687
59 44.00225 0.24973
72 48.03443 0.33399
87 52.19911 0.44600
106 56.94916 0.59318
128 61.82747 0.69340
155 67.18711 0.80063
188 73.10619 0.97249
227 79.70778 1.17114
275 87.83369 1.20004
333 97.99159 1.25147


21
2 6.26788 0.00307
3 8.39402 0.00734
4 10.24814 0.01122
5 11.89566 0.01525
6 13.37416 0.01878
8 15.94387 0.02634
10 18.13411 0.03482
12 20.05550 0.04340
15 22.57898 0.05503
18 24.78594 0.06554
22 27.38527 0.08240
27 30.24502 0.10480
33 33.24462 0.14338
40 36.29113 0.18978
49 39.70604 0.24508
59 43.02859 0.30277
72 46.78436 0.40394
87 50.70510 0.55023
106 55.21868 0.74243
128 59.77601 0.89820
155 64.82834 1.00453
188 70.54681 1.14731
227 76.86800 1.22956
275 84.74137 1.39071
333 96.09437 1.09116


22
2 6.26698 0.00250
3 8.39089 0.00629
4 10.24344 0.00982
5 11.88878 0.01297
6 13.36389 0.01519
8 15.92042 0.01790
10 18.09044 0.02143
12 19.98793 0.02701
15 22.47073 0.03831
18 24.63875 0.05409
22 27.19211 0.07954
27 29.97729 0.11649
33 32.88808 0.17321
40 35.84045 0.23397
49 39.13808 0.30069
59 42.32541 0.37607
72 45.91614 0.48824
87 49.62730 0.63297
106 53.85397 0.81794
128 58.03988 0.97208
155 62.53799 1.09042
188 67.57812 1.22256
227 73.21772 1.29962
275 80.67208 1.29203
333 91.23013 1.38375


23
2 6.26652 0.00254
3 8.39194 0.00642
4 10.24583 0.00992
5 11.89192 0.01275
6 13.36691 0.01488
8 15.92131 0.01875
10 18.09111 0.02317
12 19.98674 0.03003
15 22.46111 0.04483
18 24.61170 0.06174
22 27.13595 0.08205
27 29.90399 0.10117
33 32.80960 0.12593
40 35.76025 0.15870
49 39.04822 0.19892
59 42.21508 0.24608
72 45.77755 0.32337
87 49.43610 0.43422
106 53.62375 0.58173
128 57.84659 0.67806
155 62.44268 0.76421
188 67.58598 0.99143
227 73.36503 1.07638
275 80.48109 1.06960
333 90.86842 1.30228


24
2 6.26713 0.00230
3 8.39306 0.00671
4 10.24832 0.01135
5 11.89720 0.01521
6 13.37603 0.01858
8 15.93953 0.02525
10 18.11634 0.03221
12 20.01732 0.04023
15 22.49421 0.05386
18 24.64359 0.06706
22 27.15504 0.08269
27 29.88716 0.10583
33 32.73403 0.15516
40 35.59976 0.21908
49 38.77655 0.29653
59 41.86493 0.37096
72 45.34092 0.47597
87 48.91826 0.62424
106 53.04597 0.85281
128 57.16463 1.02787
155 61.64457 1.16427
188 66.55820 1.37587
227 72.10350 1.46382
275 79.42475 1.55770
333 89.41267 1.64560


25
2 6.26556 0.00261
3 8.38614 0.00650
4 10.23371 0.00975
5 11.87310 0.01263
6 13.34296 0.01517
8 15.89055 0.01985
10 18.05231 0.02407
12 19.93994 0.02877
15 22.39673 0.03924
18 24.52912 0.05296
22 27.02393 0.07321
27 29.73528 0.10458
33 32.56570 0.15737
40 35.44164 0.21821
49 38.61774 0.29944
59 41.68270 0.38318
72 45.10291 0.50583
87 48.57914 0.66670
106 52.42574 0.91913
128 56.15427 1.12752
155 60.24183 1.28234
188 64.97280 1.46980
227 70.36259 1.60214
275 77.72279 1.75522
333 88.32792 1.78035


26
2 6.26671 0.00250
3 8.38864 0.00662
4 10.23821 0.01075
5 11.88047 0.01417
6 13.35227 0.01672
8 15.89953 0.02103
10 18.05803 0.02467
12 19.93962 0.02738
15 22.38985 0.03231
18 24.51702 0.03910
22 26.99575 0.05360
27 29.68244 0.08117
33 32.47172 0.13010
40 35.27452 0.19993
49 38.33850 0.28788
59 41.25981 0.36775
72 44.52613 0.47748
87 47.86353 0.62819
106 51.68276 0.85651
128 55.50649 1.03122
155 59.80156 1.15900
188 64.71835 1.33638
227 70.08984 1.51358
275 76.96501 1.87728
333 87.30686 1.84485


27
2 6.26520 0.00262
3 8.38591 0.00656
4 10.23368 0.01059
5 11.87375 0.01404
6 13.34385 0.01636
8 15.88981 0.02062
10 18.04621 0.02553
12 19.92511 0.03165
15 22.37375 0.04430
18 24.49974 0.05943
22 26.98537 0.07598
27 29.68089 0.09131
33 32.48180 0.12547
40 35.31322 0.16730
49 38.42662 0.22922
59 41.40641 0.29544
72 44.74786 0.39200
87 48.19536 0.51539
106 52.18353 0.70847
128 56.06126 0.85445
155 60.32810 0.93419
188 65.28687 1.14308
227 70.68813 1.39213
275 77.57298 1.55615
333 87.42652 1.55918


28
2 6.26589 0.00221
3 8.38580 0.00653
4 10.23291 0.01067
5 11.87116 0.01424
6 13.33841 0.01668
8 15.87819 0.02062
10 18.02777 0.02415
12 19.89951 0.02796
15 22.33418 0.03806
18 24.44481 0.05501
22 26.90965 0.08625
27 29.57531 0.13255
33 32.33822 0.19930
40 35.10769 0.26245
49 38.14889 0.33625
59 41.05062 0.41587
72 44.29726 0.53799
87 47.62804 0.68119
106 51.41517 0.91489
128 55.23736 1.07551
155 59.47472 1.10370
188 64.21276 1.21617
227 69.42619 1.42870
275 76.30504 1.75120
333 86.08419 1.84562


29
2 6.26597 0.00203
3 8.38559 0.00578
4 10.23356 0.00958
5 11.87252 0.01379
6 13.34075 0.01747
8 15.87742 0.02436
10 18.02313 0.02976
12 19.89160 0.03377
15 22.31711 0.04043
18 24.41293 0.04818
22 26.85580 0.06377
27 29.50423 0.10128
33 32.27222 0.16687
40 35.05817 0.23962
49 38.12070 0.32589
59 41.07150 0.39821
72 44.34856 0.51806
87 47.70832 0.67777
106 51.56509 0.91686
128 55.36933 1.04648
155 59.40287 1.12220
188 63.98519 1.32925
227 69.07385 1.51598
275 75.85149 1.66435
333 86.00787 1.64025

