
0
2 6.39792 0.00074
3 8.50437 0.00151
4 10.40790 0.00264
5 12.15506 0.00405
6 13.78180 0.00539
8 16.76652 0.00899
10 19.47615 0.01364
12 21.98124 0.02032
15 25.44393 0.03074
18 28.63999 0.04068
22 32.58482 0.05090
27 37.12192 0.05574
33 42.12178 0.05901
40 47.47134 0.05969
49 53.78337 0.06181
59 60.23179 0.07629
72 67.95534 0.09930
87 76.16021 0.14090
106 85.69124 0.20696
128 95.87294 0.27204
155 107.32225 0.36251
188 119.84408 0.46921
227 133.13168 0.48308
275 147.01462 0.63851
333 160.10321 0.79430


1
2 6.39500 0.00039
3 8.49465 0.00020
4 10.38857 0.00233
5 12.12396 0.00506
6 13.73786 0.00781
8 16.69226 0.01371
10 19.37042 0.01964
12 21.84289 0.02727
15 25.26074 0.04053
18 28.41212 0.05311
22 32.30474 0.06931
27 36.77679 0.08726
33 41.69923 0.11265
40 46.98451 0.14391
49 53.21406 0.18484
59 59.57812 0.22490
72 67.17648 0.24448
87 75.19698 0.24430
106 84.55904 0.26802
128 94.52671 0.33857
155 105.64986 0.41709
188 117.98061 0.47457
227 131.16084 0.55890
275 145.11089 0.81882
333 158.37253 0.92571


2
2 6.38251 0.00077
3 8.45084 0.00233
4 10.30155 0.00492
5 11.98575 0.00783
6 13.54456 0.01100
8 16.38630 0.01630
10 18.95534 0.01988
12 21.32530 0.02286
15 24.59575 0.02708
18 27.60384 0.03117
22 31.30698 0.03834
27 35.55990 0.04677
33 40.25163 0.05330
40 45.27783 0.06219
49 51.18928 0.09045
59 57.22733 0.13315
72 64.42728 0.17982
87 72.04832 0.24046
106 80.86515 0.28527
128 90.14107 0.30475
155 100.48473 0.33410
188 111.78181 0.36000
227 123.93931 0.43356
275 137.42070 0.58970
333 149.99074 0.98009


3
2 6.37513 0.00051
3 8.42220 0.00206
4 10.24039 0.00448
5 11.88924 0.00787
6 13.40973 0.01153
8 16.16938 0.01899
10 18.65542 0.02633
12 20.94342 0.03364
15 24.09279 0.04396
18 26.97898 0.05389
22 30.51392 0.06595
27 34.55430 0.08133
33 38.98734 0.10448
40 43.74019 0.13243
49 49.34605 0.17393
59 55.06047 0.20756
72 61.92052 0.23257
87 69.17998 0.26098
106 77.59330 0.31159
128 86.41708 0.36261
155 96.22957 0.45882
188 107.06624 0.60549
227 118.58579 0.82439
275 131.37418 1.02624
333 144.02956 0.79509


4
2 6.37208 0.00121
3 8.40707 0.00308
4 10.20634 0.00480
5 11.83083 0.00690
6 13.32414 0.00913
8 16.02436 0.01403
10 18.44642 0.01884
12 20.66447 0.02411
15 23.71211 0.03266
18 26.50601 0.04025
22 29.93190 0.04778
27 33.84692 0.05819
33 38.15723 0.07015
40 42.78402 0.08890
49 48.23921 0.10515
59 53.81141 0.11382
72 60.47525 0.12287
87 67.54595 0.12151
106 75.75039 0.12186
128 84.34047 0.11408
155 93.81376 0.11341
188 104.24392 0.18226
227 115.43660 0.35430
275 127.62028 0.59172
333 139.28889 0.46286


5
2 6.36721 0.00064
3 8.38950 0.00215
4 10.16992 0.00408
5 11.77250 0.00678
6 13.23889 0.00983
8 15.87739 0.01650
10 18.23604 0.02423
12 20.39504 0.03160
15 23.35659 0.04489
18 26.06466 0.05996
22 29.37736 0.08169
27 33.16558 0.10341
33 37.33150 0.12822
40 41.77014 0.15154
49 47.00546 0.17047
59 52.34261 0.18192
72 58.69555 0.19568
87 65.36116 0.22568
106 73.03123 0.25963
128 81.02650 0.30936
155 89.83158 0.40407
188 99.58766 0.66447
227 110.23483 0.92320
275 122.45531 1.22384
333 133.73494 1.37030


6
2 6.36463 0.00152
3 8.38232 0.00354
4 10.15741 0.00604
5 11.75197 0.00921
6 13.20955 0.01265
8 15.82742 0.01904
10 18.16051 0.02436
12 20.28978 0.02932
15 23.20358 0.03656
18 25.86640 0.04491
22 29.11950 0.05697
27 32.82911 0.06649
33 36.89574 0.07459
40 41.24749 0.08467
49 46.36041 0.10537
59 51.57545 0.12883
72 57.80885 0.16565
87 64.38413 0.21914
106 71.99023 0.29712
128 79.99806 0.40222
155 88.87396 0.56006
188 98.78085 0.76502
227 109.58549 0.88439
275 121.36687 0.87313
333 132.86978 0.74803


7
2 6.36245 0.00063
3 8.37048 0.00186
4 10.12982 0.00334
5 11.70526 0.00499
6 13.14140 0.00661
8 15.71529 0.01021
10 18.00332 0.01542
12 20.08675 0.02126
15 22.92913 0.03099
18 25.51989 0.04230
22 28.68932 0.05867
27 32.30184 0.07555
33 36.24688 0.09353
40 40.44651 0.10849
49 45.37444 0.13070
59 50.38066 0.16603
72 56.37300 0.22267
87 62.69115 0.29790
106 69.95319 0.42184
128 77.61709 0.52878
155 86.08238 0.60419
188 95.35950 0.75174
227 105.19653 0.89659
275 115.93748 0.98929
333 125.44778 0.80552


8
2 6.36094 0.00038
3 8.36658 0.00158
4 10.12182 0.00280
5 11.69152 0.00415
6 13.12061 0.00560
8 15.67535 0.00832
10 17.94175 0.01189
12 20.00229 0.01530
15 22.80757 0.02091
18 25.35741 0.02798
22 28.45964 0.03744
27 31.98243 0.04913
33 35.81322 0.06120
40 39.88941 0.06185
49 44.67950 0.06364
59 49.55698 0.08319
72 55.38033 0.13841
87 61.49532 0.20447
106 68.51886 0.27135
128 75.87768 0.39234
155 83.93333 0.55931
188 92.99083 0.68031
227 102.98364 0.71923
275 113.92033 0.81717
333 124.72752 0.89831


9
2 6.35791 0.00055
3 8.35597 0.00177
4 10.10356 0.00460
5 11.66562 0.00796
6 13.08758 0.01146
8 15.62967 0.01860
10 17.88367 0.02555
12 19.93117 0.03206
15 22.72032 0.04289
18 25.25257 0.05452
22 28.32582 0.06699
27 31.81105 0.08132
33 35.60176 0.09570
40 39.62451 0.10044
49 44.31268 0.09841
59 49.04578 0.09650
72 54.68268 0.11219
87 60.60761 0.13798
106 67.36877 0.20337
128 74.44103 0.27938
155 82.19673 0.33023
188 90.83093 0.38569
227 100.44877 0.52197
275 111.46969 0.55032
333 121.94651 0.72549


10
2 6.35677 0.00085
3 8.35297 0.00205
4 10.09349 0.00323
5 11.64523 0.00411
6 13.05463 0.00449
8 15.56804 0.00651
10 17.78632 0.00914
12 19.79383 0.01169
15 22.51562 0.01346
18 24.98130 0.01478
22 27.96952 0.01784
27 31.34487 0.02772
33 35.00410 0.04792
40 38.86272 0.07369
49 43.36917 0.11228
59 47.93426 0.14999
72 53.34120 0.20469
87 58.99962 0.26164
106 65.47264 0.30333
128 72.30897 0.31915
155 79.98602 0.35443
188 88.51482 0.37669
227 97.69676 0.49370
275 107.98832 0.72793
333 118.89522 0.46205


11
2 6.35529 0.00099
3 8.34616 0.00183
4 10.07986 0.00277
5 11.62463 0.00386
6 13.02605 0.00566
8 15.52037 0.00855
10 17.72019 0.00988
12 19.70556 0.01088
15 22.39812 0.01514
18 24.83514 0.02445
22 27.78428 0.03950
27 31.10999 0.06121
33 34.70579 0.08111
40 38.47752 0.09912
49 42.87270 0.12539
59 47.31664 0.13810
72 52.61485 0.16621
87 58.17681 0.19426
106 64.60448 0.28293
128 71.36428 0.41961
155 78.82268 0.58260
188 86.98918 0.79111
227 95.79523 0.90689
275 105.57288 0.87436
333 115.88048 0.52769


12
2 6.35256 0.00041
3 8.34032 0.00193
4 10.06938 0.00320
5 11.60794 0.00388
6 13.00227 0.00449
8 15.48062 0.00587
10 17.66509 0.00862
12 19.63895 0.01213
15 22.31058 0.01796
18 24.71897 0.02480
22 27.62665 0.03568
27 30.90758 0.04733
33 34.46899 0.05595
40 38.22795 0.06542
49 42.63174 0.08794
59 47.08912 0.11540
72 52.33768 0.14152
87 57.82716 0.15888
106 64.12797 0.18055
128 70.81794 0.18857
155 78.21067 0.18459
188 86.43188 0.19400
227 95.43922 0.22822
275 105.37112 0.08000
333 115.45852 0.33538


13
2 6.35312 0.00077
3 8.33578 0.00210
4 10.05669 0.00278
5 11.58502 0.00392
6 12.96812 0.00483
8 15.42071 0.00823
10 17.57109 0.01341
12 19.50683 0.01996
15 22.12260 0.02741
18 24.48125 0.03240
22 27.32061 0.03620
27 30.50783 0.04497
33 33.93473 0.05976
40 37.53062 0.07692
49 41.68639 0.09016
59 45.83484 0.09275
72 50.69010 0.10520
87 55.76831 0.13920
106 61.60732 0.18995
128 67.68356 0.29898
155 74.43626 0.46797
188 81.82492 0.67911
227 89.67626 0.82994
275 98.34995 1.01771
333 108.15300 1.17736


14
2 6.35188 0.00096
3 8.33280 0.00251
4 10.05082 0.00397
5 11.57568 0.00620
6 12.95284 0.00893
8 15.38568 0.01459
10 17.51302 0.02075
12 19.42401 0.02640
15 21.99727 0.03412
18 24.30327 0.04243
22 27.07208 0.05606
27 30.17502 0.07322
33 33.50393 0.09207
40 36.99590 0.10376
49 41.03182 0.11447
59 45.08131 0.12438
72 49.83384 0.14640
87 54.77028 0.16669
106 60.40082 0.17436
128 66.29988 0.14348
155 72.84817 0.18116
188 80.14680 0.33149
227 88.02154 0.37056
275 96.83777 0.45908
333 106.71799 0.59105


15
2 6.35159 0.00046
3 8.33101 0.00115
4 10.04594 0.00215
5 11.56675 0.00330
6 12.93939 0.00470
8 15.36222 0.00682
10 17.47685 0.00906
12 19.37148 0.01310
15 21.91674 0.02082
18 24.20399 0.03017
22 26.94308 0.03956
27 30.01332 0.04907
33 33.31581 0.06231
40 36.76853 0.06996
49 40.77946 0.08122
59 44.80894 0.09014
72 49.55433 0.09447
87 54.49360 0.09974
106 60.18631 0.11339
128 66.20103 0.11274
155 72.76204 0.14994
188 80.01414 0.34561
227 87.81149 0.40425
275 96.36399 0.45865
333 105.76692 0.82507


16
2 6.34924 0.00121
3 8.32546 0.00338
4 10.03671 0.00472
5 11.55259 0.00581
6 12.92068 0.00700
8 15.33307 0.00939
10 17.43689 0.01327
12 19.32412 0.01774
15 21.85932 0.02472
18 24.12815 0.03331
22 26.84441 0.04607
27 29.87894 0.05507
33 33.12185 0.06161
40 36.50240 0.06485
49 40.40114 0.07433
59 44.30318 0.08324
72 48.89867 0.08739
87 53.67399 0.07517
106 59.14082 0.05511
128 64.84174 0.03478
155 71.07487 0.16503
188 77.94222 0.30526
227 85.54131 0.34547
275 94.31629 0.58810
333 104.24988 0.71908


17
2 6.34849 0.00077
3 8.32193 0.00188
4 10.02863 0.00337
5 11.53866 0.00490
6 12.89962 0.00628
8 15.29707 0.00965
10 17.38473 0.01141
12 19.25336 0.01393
15 21.76358 0.02016
18 24.00232 0.02554
22 26.67566 0.02790
27 29.65256 0.02937
33 32.82467 0.02671
40 36.12089 0.02872
49 39.90593 0.06052
59 43.69145 0.11215
72 48.11866 0.16845
87 52.67569 0.19873
106 57.86929 0.23431
128 63.30857 0.27060
155 69.34029 0.34060
188 76.11239 0.46568
227 83.59114 0.52910
275 92.08970 0.66762
333 101.86758 1.26132


18
2 6.34790 0.00067
3 8.31907 0.00240
4 10.02372 0.00392
5 11.53226 0.00517
6 12.88988 0.00591
8 15.27780 0.00825
10 17.35426 0.01090
12 19.21070 0.01462
15 21.69596 0.01895
18 23.91498 0.02006
22 26.56126 0.02004
27 29.50107 0.02552
33 32.63723 0.03121
40 35.90661 0.04046
49 39.65879 0.05769
59 43.38611 0.07572
72 47.77172 0.10676
87 52.29847 0.15138
106 57.45756 0.21519
128 62.81968 0.27926
155 68.76278 0.37184
188 75.38687 0.48689
227 82.44108 0.69368
275 91.13364 0.94495
333 100.63892 1.07284


19
2 6.34712 0.00079
3 8.31827 0.00265
4 10.02074 0.00443
5 11.52559 0.00681
6 12.87890 0.00966
8 15.25379 0.01492
10 17.31429 0.02012
12 19.15117 0.02422
15 21.59964 0.02753
18 23.77903 0.02917
22 26.37362 0.03400
27 29.25992 0.04603
33 32.33284 0.05887
40 35.52006 0.06393
49 39.18081 0.05953
59 42.82336 0.05880
72 47.12336 0.07949
87 51.57861 0.10889
106 56.63533 0.16603
128 61.92673 0.25719
155 67.73045 0.43805
188 74.23745 0.69865
227 81.42492 0.82176
275 89.75307 1.02326
333 99.62352 1.15415


20
2 6.34676 0.00126
3 8.31479 0.00283
4 10.01402 0.00457
5 11.51490 0.00650
6 12.86457 0.00859
8 15.23300 0.01090
10 17.28443 0.01084
12 19.11097 0.00947
15 21.54438 0.00842
18 23.70786 0.01138
22 26.28618 0.01933
27 29.13407 0.03108
33 32.13908 0.04050
40 35.23385 0.03709
49 38.77513 0.04223
59 42.28637 0.06275
72 46.37040 0.07029
87 50.60699 0.07356
106 55.42373 0.16534
128 60.46603 0.29880
155 65.92815 0.43662
188 71.91228 0.61391
227 78.66571 0.69817
275 87.01372 0.55863
333 97.35245 0.79225


21
2 6.34514 0.00111
3 8.30992 0.00255
4 10.00334 0.00364
5 11.49570 0.00382
6 12.83434 0.00362
8 15.17258 0.00636
10 17.18580 0.01425
12 18.97137 0.02489
15 21.33778 0.03991
18 23.42992 0.05148
22 25.90195 0.06225
27 28.62564 0.07099
33 31.50218 0.08171
40 34.46569 0.09717
49 37.81954 0.12588
59 41.11259 0.18100
72 44.95665 0.23943
87 48.84235 0.29658
106 53.26317 0.41188
128 57.95192 0.53588
155 62.96665 0.65334
188 68.55740 0.68287
227 74.94509 0.65188
275 82.47172 0.52791
333 91.21110 0.62769


22
2 6.34554 0.00158
3 8.31243 0.00326
4 10.00784 0.00393
5 11.50257 0.00387
6 12.84387 0.00401
8 15.18351 0.00247
10 17.19538 0.00680
12 18.97574 0.01522
15 21.33513 0.02972
18 23.41549 0.04190
22 25.86747 0.05915
27 28.56867 0.08147
33 31.42507 0.10337
40 34.35121 0.12276
49 37.65434 0.15454
59 40.87472 0.18857
72 44.64913 0.22793
87 48.48449 0.27452
106 52.83471 0.37431
128 57.41686 0.48068
155 62.35903 0.54596
188 67.91537 0.62372
227 74.17436 0.57048
275 81.75395 0.56658
333 91.65891 0.71489


23
2 6.34473 0.00105
3 8.31199 0.00231
4 10.00770 0.00394
5 11.50362 0.00523
6 12.84443 0.00625
8 15.18177 0.00979
10 17.18920 0.01664
12 18.96231 0.02517
15 21.30445 0.03771
18 23.36599 0.04694
22 25.79905 0.05637
27 28.48006 0.07157
33 31.29896 0.08308
40 34.16188 0.09616
49 37.38554 0.11932
59 40.55771 0.16619
72 44.26241 0.23669
87 48.02353 0.29448
106 52.29947 0.36351
128 56.77793 0.45014
155 61.64785 0.53471
188 67.09412 0.56523
227 73.11357 0.46755
275 80.82518 0.37488
333 90.54285 0.63415


24
2 6.34397 0.00184
3 8.30818 0.00330
4 10.00142 0.00409
5 11.49438 0.00474
6 12.83345 0.00559
8 15.16933 0.01054
10 17.17735 0.01992
12 18.95179 0.03179
15 21.29860 0.04870
18 23.36570 0.06137
22 25.80222 0.07255
27 28.47469 0.08101
33 31.29195 0.08521
40 34.16541 0.09465
49 37.37789 0.13458
59 40.50767 0.19458
72 44.16803 0.28617
87 47.89079 0.35907
106 52.13388 0.40228
128 56.61056 0.46013
155 61.38890 0.57710
188 66.79796 0.65566
227 72.68733 0.62097
275 79.93835 0.69277
333 89.13521 0.95573


25
2 6.34298 0.00158
3 8.30488 0.00384
4 9.99409 0.00565
5 11.48314 0.00697
6 12.81856 0.00790
8 15.14544 0.01083
10 17.13820 0.01790
12 18.89437 0.02609
15 21.20997 0.03822
18 23.24488 0.04965
22 25.63781 0.06416
27 28.25724 0.08456
33 31.01779 0.10553
40 33.85448 0.12947
49 37.04421 0.16788
59 40.15391 0.21265
72 43.81665 0.25202
87 47.57761 0.27798
106 51.84412 0.34737
128 56.26213 0.42819
155 61.01286 0.54897
188 66.31015 0.60529
227 71.89087 0.53588
275 78.93391 0.51595
333 87.98943 0.71788


26
2 6.34344 0.00131
3 8.30637 0.00366
4 9.99818 0.00661
5 11.49080 0.00929
6 12.82967 0.01150
8 15.16612 0.01592
10 17.16896 0.02023
12 18.93383 0.02660
15 21.25703 0.03808
18 23.29344 0.05072
22 25.67874 0.06555
27 28.29612 0.08325
33 31.04622 0.09438
40 33.85331 0.10835
49 36.99321 0.13947
59 40.03553 0.19609
72 43.60311 0.31627
87 47.23551 0.42369
106 51.36714 0.50047
128 55.69265 0.57762
155 60.33952 0.67100
188 65.55927 0.80581
227 71.23626 0.85888
275 78.39259 0.82031
333 87.49339 1.06906


27
2 6.34439 0.00098
3 8.30944 0.00359
4 10.00402 0.00573
5 11.49779 0.00750
6 12.83847 0.00775
8 15.17573 0.00698
10 17.17943 0.01045
12 18.94344 0.01732
15 21.26525 0.02858
18 23.30499 0.03875
22 25.70291 0.05170
27 28.32386 0.06903
33 31.05613 0.09053
40 33.83914 0.12025
49 36.94974 0.17272
59 39.98952 0.24610
72 43.60892 0.34206
87 47.26193 0.45670
106 51.40365 0.62638
128 55.76767 0.85394
155 60.40692 1.04602
188 65.65763 1.21721
227 71.21605 1.33104
275 78.65750 1.22096
333 87.14784 1.25690


28
2 6.34424 0.00135
3 8.30733 0.00311
4 9.99779 0.00524
5 11.48737 0.00710
6 12.82262 0.00795
8 15.14860 0.00781
10 17.14066 0.00939
12 18.89643 0.01529
15 21.20919 0.02614
18 23.24190 0.03470
22 25.63584 0.04546
27 28.26227 0.06430
33 31.02688 0.08185
40 33.83857 0.09065
49 36.98022 0.11469
59 39.99406 0.16667
72 43.52039 0.29186
87 47.06820 0.39658
106 51.07424 0.45670
128 55.26048 0.50700
155 59.79926 0.61187
188 64.90527 0.72401
227 70.46609 0.71877
275 77.49957 0.98737
333 86.99117 1.31602


29
2 6.34281 0.00135
3 8.30663 0.00237
4 9.99907 0.00376
5 11.49122 0.00467
6 12.82932 0.00555
8 15.16004 0.00866
10 17.15693 0.01674
12 18.91636 0.02680
15 21.23363 0.04185
18 23.26296 0.05490
22 25.64615 0.06484
27 28.25583 0.07654
33 31.00540 0.08853
40 33.81218 0.10281
49 36.96757 0.13200
59 40.03372 0.16926
72 43.60442 0.24696
87 47.17366 0.32362
106 51.18398 0.36325
128 55.33893 0.38417
155 59.70255 0.49617
188 64.62733 0.57961
227 70.01218 0.68944
275 76.99696 0.74767
333 86.33570 0.70863

