
0
2 6.35463 0.00199
3 8.73345 0.00475
4 10.89315 0.00809
5 12.89672 0.01143
6 14.76330 0.01506
8 18.17710 0.02290
10 21.25905 0.03126
12 24.08831 0.03945
15 27.97074 0.04911
18 31.52270 0.05732
22 35.87286 0.07098
27 40.84771 0.09326
33 46.31265 0.12461
40 52.16247 0.16249
49 59.04674 0.20525
59 66.07254 0.25077
72 74.42365 0.30670
87 83.25912 0.36527
106 93.49638 0.46833
128 104.29940 0.56811
155 116.39058 0.65614
188 129.83890 0.80626
227 144.00346 1.00776
275 159.34500 1.23750
333 174.53323 1.59797


1
2 6.35033 0.00155
3 8.71755 0.00317
4 10.86355 0.00520
5 12.85246 0.00736
6 14.70476 0.00928
8 18.08708 0.01374
10 21.13781 0.01896
12 23.93822 0.02468
15 27.78086 0.03379
18 31.29847 0.04493
22 35.60674 0.06123
27 40.53237 0.08090
33 45.93580 0.10276
40 51.72892 0.12886
49 58.56194 0.17614
59 65.54221 0.22551
72 73.86260 0.26879
87 82.67059 0.29383
106 92.87801 0.28716
128 103.76992 0.28265
155 115.98570 0.33181
188 129.35179 0.41993
227 143.54739 0.56848
275 158.71089 0.88925
333 173.19560 1.13460


2
2 6.33585 0.00190
3 8.66709 0.00360
4 10.77061 0.00458
5 12.70801 0.00606
6 14.50350 0.00808
8 17.76236 0.01435
10 20.68755 0.02252
12 23.36399 0.03150
15 27.02891 0.04649
18 30.37564 0.06252
22 34.46534 0.08276
27 39.13218 0.10542
33 44.24834 0.13150
40 49.72363 0.16117
49 56.17583 0.19707
59 62.77013 0.23785
72 70.62120 0.28378
87 78.95467 0.34072
106 88.61549 0.44497
128 98.82461 0.60240
155 110.33913 0.77958
188 123.16799 0.92400
227 136.57602 1.05584
275 150.95651 1.11041
333 164.98026 1.09754


3
2 6.32588 0.00143
3 8.63135 0.00263
4 10.70512 0.00362
5 12.60547 0.00549
6 14.35958 0.00753
8 17.52686 0.01110
10 20.35450 0.01363
12 22.93161 0.01650
15 26.44764 0.01978
18 29.64860 0.02359
22 33.55637 0.03146
27 38.01719 0.04225
33 42.90467 0.05286
40 48.12161 0.06186
49 54.23530 0.07281
59 60.43005 0.09682
72 67.77900 0.13811
87 75.56767 0.18812
106 84.57841 0.23947
128 94.03896 0.27251
155 104.62061 0.35297
188 116.16974 0.57210
227 128.16141 0.79439
275 141.58598 1.03966
333 156.08986 1.19501


4
2 6.31803 0.00112
3 8.60823 0.00269
4 10.66146 0.00446
5 12.53902 0.00576
6 14.26709 0.00664
8 17.37828 0.00886
10 20.14451 0.01326
12 22.65819 0.01890
15 26.08151 0.02775
18 29.19032 0.03494
22 32.97599 0.04177
27 37.29140 0.05080
33 42.00183 0.06257
40 47.00684 0.07681
49 52.86123 0.09911
59 58.79187 0.12590
72 65.84849 0.14959
87 73.29416 0.17461
106 81.85571 0.21924
128 90.88185 0.23635
155 101.06432 0.33410
188 112.36833 0.54264
227 124.41483 0.74002
275 137.78574 0.93755
333 150.81589 1.20831


5
2 6.31252 0.00123
3 8.58784 0.00310
4 10.62128 0.00515
5 12.47570 0.00675
6 14.17818 0.00804
8 17.23271 0.01050
10 19.93708 0.01377
12 22.38514 0.01740
15 25.70491 0.02188
18 28.70728 0.02567
22 32.35299 0.03051
27 36.49005 0.03820
33 40.99611 0.03863
40 45.77767 0.03035
49 51.34619 0.02767
59 56.99705 0.04515
72 63.73491 0.07456
87 70.87449 0.11686
106 79.18169 0.18598
128 88.02244 0.28031
155 97.97046 0.40625
188 108.98573 0.62620
227 120.49976 0.86815
275 133.17038 1.07856
333 145.92778 0.95033


6
2 6.30909 0.00054
3 8.57673 0.00292
4 10.60242 0.00667
5 12.44675 0.01062
6 14.13788 0.01447
8 17.16410 0.02127
10 19.84063 0.02632
12 22.26053 0.03086
15 25.53600 0.03709
18 28.49640 0.04373
22 32.08928 0.05200
27 36.17321 0.05971
33 40.62003 0.06816
40 45.34823 0.08150
49 50.91062 0.10841
59 56.56822 0.14266
72 63.29930 0.18623
87 70.39763 0.24643
106 78.58401 0.33223
128 87.15950 0.43820
155 96.64415 0.54664
188 107.12427 0.66306
227 118.40234 0.82261
275 130.53577 0.88472
333 142.30348 1.24008


7
2 6.30504 0.00101
3 8.56285 0.00292
4 10.57600 0.00598
5 12.40682 0.00893
6 14.08232 0.01196
8 17.07506 0.01757
10 19.71057 0.02305
12 22.08499 0.02922
15 25.28868 0.03731
18 28.18054 0.04683
22 31.68831 0.06191
27 35.66351 0.08261
33 39.98252 0.10702
40 44.56068 0.13596
49 49.91623 0.17394
59 55.32933 0.21089
72 61.72089 0.25015
87 68.38713 0.28193
106 76.00945 0.31435
128 84.05342 0.38537
155 93.01936 0.50915
188 102.91788 0.73564
227 113.43256 1.02760
275 124.91946 1.23107
333 137.47511 1.06189


8
2 6.30304 0.00114
3 8.55607 0.00292
4 10.56274 0.00482
5 12.38434 0.00603
6 14.05048 0.00652
8 17.02006 0.00577
10 19.62718 0.00474
12 21.97091 0.00666
15 25.13047 0.01306
18 27.97689 0.02057
22 31.41664 0.03077
27 35.29543 0.04251
33 39.50578 0.05202
40 43.96488 0.05183
49 49.17351 0.05451
59 54.40960 0.07432
72 60.56896 0.11211
87 67.03430 0.16313
106 74.47194 0.20341
128 82.30518 0.24010
155 91.03393 0.29456
188 100.77817 0.38974
227 111.14677 0.47425
275 122.34448 0.58176
333 134.64494 0.61026


9
2 6.29981 0.00117
3 8.54590 0.00348
4 10.54437 0.00695
5 12.35693 0.01068
6 14.01094 0.01458
8 16.95438 0.02139
10 19.53521 0.02816
12 21.85441 0.03433
15 24.97576 0.04405
18 27.78468 0.05341
22 31.17596 0.06536
27 35.00317 0.07966
33 39.15269 0.09553
40 43.54140 0.11313
49 48.63994 0.14774
59 53.77416 0.20081
72 59.82952 0.26685
87 66.20532 0.34182
106 73.61724 0.45500
128 81.39809 0.60953
155 90.05105 0.79455
188 99.67445 1.01098
227 109.94804 1.17886
275 121.51134 1.42670
333 133.20488 1.73218


10
2 6.29755 0.00103
3 8.53633 0.00454
4 10.52526 0.00960
5 12.32399 0.01521
6 13.96257 0.02149
8 16.87096 0.03378
10 19.41411 0.04606
12 21.69287 0.05801
15 24.75151 0.07366
18 27.49694 0.08771
22 30.80991 0.10209
27 34.55311 0.11371
33 38.60778 0.13026
40 42.88202 0.15176
49 47.85118 0.17396
59 52.85252 0.20421
72 58.70726 0.25174
87 64.81664 0.32858
106 71.85967 0.42700
128 79.22880 0.50800
155 87.56300 0.61034
188 96.87614 0.68721
227 106.66866 0.76636
275 117.65559 0.71285
333 128.78545 0.47852


11
2 6.29600 0.00078
3 8.53014 0.00403
4 10.51432 0.00857
5 12.30866 0.01337
6 13.94150 0.01811
8 16.83207 0.02708
10 19.34903 0.03468
12 21.59891 0.04049
15 24.61203 0.04506
18 27.30713 0.04622
22 30.54574 0.04477
27 34.19501 0.04263
33 38.12661 0.04700
40 42.25792 0.05611
49 47.05152 0.05988
59 51.86617 0.06096
72 57.50245 0.07793
87 63.39000 0.11866
106 70.14339 0.24008
128 77.15687 0.38928
155 85.04097 0.58057
188 93.80412 0.76623
227 103.38197 0.86393
275 113.78519 0.90487
333 125.12522 0.99044


12
2 6.29388 0.00045
3 8.52407 0.00308
4 10.50246 0.00697
5 12.28919 0.01098
6 13.91383 0.01497
8 16.78917 0.02302
10 19.29311 0.03131
12 21.53030 0.04063
15 24.52425 0.05497
18 27.20278 0.06864
22 30.41673 0.08422
27 34.02197 0.10379
33 37.91698 0.12701
40 42.01058 0.15327
49 46.75354 0.19281
59 51.48615 0.25884
72 56.99586 0.34075
87 62.69132 0.44217
106 69.17264 0.61010
128 75.92094 0.83680
155 83.34798 1.09361
188 91.49968 1.30995
227 100.53094 1.48908
275 111.29264 1.48953
333 123.30042 1.39243


13
2 6.29100 0.00113
3 8.51390 0.00483
4 10.48345 0.00922
5 12.25873 0.01342
6 13.87070 0.01787
8 16.71556 0.02669
10 19.18482 0.03577
12 21.38138 0.04453
15 24.30807 0.05640
18 26.92105 0.06664
22 30.06314 0.07860
27 33.59800 0.09486
33 37.39772 0.11579
40 41.38552 0.13608
49 46.00248 0.16747
59 50.61737 0.20336
72 56.01841 0.26806
87 61.65846 0.36122
106 68.07891 0.45090
128 74.78451 0.54937
155 82.14164 0.72895
188 90.20824 0.92137
227 98.78363 1.11962
275 108.71304 1.15016
333 119.41168 0.88605


14
2 6.28849 0.00078
3 8.50436 0.00487
4 10.46676 0.01049
5 12.23478 0.01720
6 13.83748 0.02452
8 16.65704 0.03935
10 19.09359 0.05343
12 21.25516 0.06749
15 24.12350 0.08710
18 26.66974 0.10456
22 29.71160 0.12301
27 33.11347 0.13692
33 36.76560 0.14285
40 40.59175 0.14403
49 45.00575 0.14893
59 49.40491 0.17567
72 54.53382 0.26102
87 59.86387 0.40547
106 65.97151 0.58509
128 72.37706 0.74502
155 79.48431 0.95406
188 87.16380 1.10358
227 95.68916 1.11607
275 105.36150 0.96828
333 115.89857 0.78238


15
2 6.28625 0.00091
3 8.49960 0.00548
4 10.45731 0.01132
5 12.21866 0.01775
6 13.81375 0.02515
8 16.61722 0.04050
10 19.03679 0.05560
12 21.17990 0.07025
15 24.01936 0.09008
18 26.53764 0.10733
22 29.53989 0.12588
27 32.88836 0.14124
33 36.48409 0.15379
40 40.25030 0.16868
49 44.58477 0.19222
59 48.88718 0.22285
72 53.88680 0.30515
87 59.05895 0.42180
106 64.91791 0.57060
128 71.07287 0.76588
155 77.84654 0.99784
188 85.16225 1.18879
227 93.11284 1.32139
275 101.91061 1.35932
333 113.23724 0.91626


16
2 6.28643 0.00160
3 8.49969 0.00668
4 10.45716 0.01295
5 12.21648 0.01962
6 13.80899 0.02676
8 16.60353 0.04238
10 19.00972 0.06030
12 21.13499 0.07840
15 23.94654 0.10353
18 26.43817 0.12572
22 29.41288 0.14975
27 32.74215 0.17187
33 36.32689 0.19776
40 40.08302 0.22205
49 44.39035 0.25065
59 48.65756 0.29223
72 53.62291 0.35945
87 58.70033 0.46137
106 64.38094 0.61737
128 70.20845 0.80497
155 76.63466 1.06124
188 83.81979 1.27832
227 91.76871 1.40948
275 101.28664 1.36024
333 112.39640 1.26538


17
2 6.28392 0.00063
3 8.49220 0.00357
4 10.44303 0.00782
5 12.19562 0.01317
6 13.77910 0.01978
8 16.55273 0.03537
10 18.93365 0.05288
12 21.03045 0.06963
15 23.79433 0.09150
18 26.23330 0.10891
22 29.13886 0.12482
27 32.37730 0.13705
33 35.84303 0.15354
40 39.45554 0.17135
49 43.56393 0.19303
59 47.64761 0.21695
72 52.37072 0.27131
87 57.22282 0.35549
106 62.66401 0.48742
128 68.29053 0.64862
155 74.46986 0.87710
188 81.25982 1.05570
227 88.72606 1.14542
275 97.72002 1.06118
333 107.74577 1.05435


18
2 6.28409 0.00123
3 8.49147 0.00501
4 10.44201 0.01013
5 12.19699 0.01563
6 13.78384 0.02181
8 16.56307 0.03638
10 18.94812 0.05383
12 21.04730 0.07184
15 23.81322 0.09924
18 26.25680 0.12436
22 29.16649 0.15093
27 32.41257 0.17195
33 35.89368 0.18625
40 39.55015 0.19971
49 43.75953 0.21583
59 47.90228 0.26119
72 52.66582 0.36134
87 57.55101 0.48580
106 63.07391 0.66705
128 68.85374 0.91135
155 75.23814 1.19894
188 82.32827 1.48748
227 90.11108 1.65514
275 99.95952 1.72009
333 111.15234 1.73066


19
2 6.28301 0.00099
3 8.48807 0.00423
4 10.43372 0.00949
5 12.17980 0.01526
6 13.75554 0.02210
8 16.50466 0.03757
10 18.85485 0.05357
12 20.91741 0.06858
15 23.62305 0.08841
18 26.00248 0.10672
22 28.82309 0.12773
27 31.96844 0.14774
33 35.32500 0.16494
40 38.82113 0.18986
49 42.81850 0.22089
59 46.77907 0.25212
72 51.30313 0.31688
87 55.92106 0.39929
106 61.11027 0.50895
128 66.54346 0.60063
155 72.68544 0.77547
188 79.46720 1.02206
227 86.70413 1.16967
275 95.12553 1.03202
333 106.19816 0.73024


20
2 6.28159 0.00111
3 8.48275 0.00511
4 10.42501 0.01068
5 12.16605 0.01770
6 13.73525 0.02553
8 16.46922 0.04324
10 18.79855 0.06125
12 20.83603 0.07875
15 23.50178 0.10268
18 25.83821 0.12291
22 28.60765 0.13894
27 31.68750 0.14641
33 34.96813 0.15251
40 38.37107 0.16416
49 42.24330 0.18267
59 46.04588 0.20743
72 50.37693 0.27342
87 54.76152 0.36663
106 59.70217 0.52609
128 64.80730 0.67497
155 70.45239 0.89415
188 76.56450 1.05919
227 83.23474 1.17759
275 91.16528 1.13455
333 101.82820 0.86575


21
2 6.28047 0.00203
3 8.48016 0.00716
4 10.41836 0.01390
5 12.15461 0.02149
6 13.71791 0.02962
8 16.43818 0.04614
10 18.74738 0.06299
12 20.76043 0.07899
15 23.38433 0.09940
18 25.67849 0.11575
22 28.37892 0.13206
27 31.36305 0.14110
33 34.54117 0.14996
40 37.84035 0.17315
49 41.59121 0.20696
59 45.23291 0.23445
72 49.35965 0.31182
87 53.47243 0.43976
106 58.07307 0.64054
128 62.87628 0.85763
155 68.24548 1.13332
188 73.85970 1.34912
227 79.91095 1.53275
275 87.76324 1.61135
333 98.66379 1.38406


22
2 6.28036 0.00129
3 8.47854 0.00646
4 10.41491 0.01334
5 12.14820 0.02096
6 13.70573 0.02933
8 16.40774 0.04618
10 18.69592 0.06228
12 20.68204 0.07671
15 23.25772 0.09458
18 25.49977 0.10785
22 28.14210 0.11729
27 31.06445 0.11639
33 34.16991 0.12021
40 37.40106 0.13538
49 41.08201 0.14613
59 44.66308 0.14848
72 48.74526 0.15047
87 52.83932 0.19489
106 57.33820 0.32447
128 62.05650 0.49985
155 67.30212 0.69595
188 72.96938 0.84674
227 79.11146 1.05678
275 86.94208 1.10795
333 97.70365 1.43954


23
2 6.27869 0.00177
3 8.47551 0.00813
4 10.41206 0.01550
5 12.14631 0.02380
6 13.70464 0.03253
8 16.40561 0.05071
10 18.68802 0.06892
12 20.66710 0.08463
15 23.23158 0.10512
18 25.46335 0.12207
22 28.09119 0.13337
27 30.99137 0.13787
33 34.05794 0.14509
40 37.21839 0.16661
49 40.77673 0.19821
59 44.23942 0.22301
72 48.19663 0.28296
87 52.12357 0.38150
106 56.44168 0.54569
128 60.92301 0.75449
155 65.97616 0.97888
188 71.38295 1.23445
227 77.33409 1.33981
275 85.25330 1.17556
333 96.71642 1.24885


24
2 6.27784 0.00199
3 8.47335 0.00875
4 10.40625 0.01679
5 12.13650 0.02524
6 13.69159 0.03420
8 16.38804 0.05257
10 18.66426 0.07095
12 20.63568 0.08758
15 23.18567 0.10840
18 25.39729 0.12364
22 27.99688 0.13481
27 30.87505 0.13643
33 33.92965 0.13493
40 37.08455 0.13667
49 40.63641 0.13863
59 44.08909 0.18456
72 47.96947 0.29645
87 51.88326 0.42732
106 56.22136 0.61276
128 60.65260 0.81384
155 65.70821 1.10632
188 71.14675 1.30037
227 76.92943 1.43925
275 84.50746 1.33258
333 95.56465 1.29421


25
2 6.27891 0.00205
3 8.47380 0.00763
4 10.40687 0.01482
5 12.13698 0.02297
6 13.69045 0.03083
8 16.38131 0.04594
10 18.65001 0.05974
12 20.60999 0.07041
15 23.14758 0.08198
18 25.35167 0.09050
22 27.93878 0.09742
27 30.78400 0.10253
33 33.79859 0.11438
40 36.91809 0.13188
49 40.43608 0.14863
59 43.84013 0.18838
72 47.59493 0.28633
87 51.33663 0.39989
106 55.50644 0.59918
128 59.83042 0.81424
155 64.56187 1.08218
188 69.51824 1.31969
227 75.15877 1.58508
275 82.26157 1.72090
333 93.59546 1.61574


26
2 6.27867 0.00216
3 8.47209 0.00833
4 10.40351 0.01632
5 12.13172 0.02498
6 13.68517 0.03401
8 16.37518 0.05256
10 18.64404 0.07016
12 20.60874 0.08474
15 23.15012 0.10217
18 25.35622 0.11361
22 27.94677 0.11873
27 30.79614 0.11405
33 33.81705 0.11734
40 36.93273 0.13803
49 40.46745 0.16244
59 43.92852 0.18079
72 47.77427 0.24516
87 51.60190 0.31684
106 55.84735 0.47272
128 60.18749 0.62968
155 65.02273 0.83923
188 70.30342 1.03084
227 76.29723 1.18227
275 84.02202 1.16414
333 95.19585 1.41711


27
2 6.27807 0.00176
3 8.47481 0.00809
4 10.40955 0.01631
5 12.14117 0.02530
6 13.69536 0.03494
8 16.38572 0.05535
10 18.65100 0.07569
12 20.60729 0.09317
15 23.13083 0.11332
18 25.31763 0.13008
22 27.88534 0.14642
27 30.71554 0.15024
33 33.70684 0.15091
40 36.79661 0.16704
49 40.28434 0.17471
59 43.66448 0.19589
72 47.44281 0.28198
87 51.21217 0.42522
106 55.40922 0.64173
128 59.81562 0.87725
155 64.79974 1.11524
188 70.22826 1.32897
227 75.99841 1.60026
275 83.50550 1.66936
333 94.71954 1.75915


28
2 6.27844 0.00238
3 8.47450 0.00898
4 10.40578 0.01727
5 12.13240 0.02628
6 13.68060 0.03583
8 16.35336 0.05457
10 18.59689 0.07224
12 20.53193 0.08797
15 23.02498 0.10861
18 25.18201 0.12571
22 27.71020 0.13926
27 30.50006 0.14332
33 33.45802 0.14996
40 36.51159 0.16937
49 39.97591 0.18496
59 43.34468 0.21523
72 47.06643 0.31306
87 50.73726 0.44599
106 54.75955 0.68152
128 58.95538 0.95743
155 63.79365 1.23873
188 68.87456 1.37950
227 74.46474 1.55763
275 82.18584 1.49396
333 92.90923 1.60130


29
2 6.27755 0.00160
3 8.47110 0.00770
4 10.40266 0.01545
5 12.13108 0.02430
6 13.68321 0.03346
8 16.36947 0.05222
10 18.63089 0.07091
12 20.58353 0.08800
15 23.10612 0.10956
18 25.29838 0.12725
22 27.87624 0.14286
27 30.71698 0.14522
33 33.72051 0.13574
40 36.80598 0.13167
49 40.31811 0.13222
59 43.74098 0.17291
72 47.57418 0.29507
87 51.34808 0.44792
106 55.47323 0.70558
128 59.72039 0.97292
155 64.37123 1.31018
188 69.43223 1.61219
227 75.04893 1.89889
275 82.46056 1.80772
333 93.14713 1.78090

