
0
2 6.34047 0.00109
3 8.68033 0.00185
4 10.79164 0.00333
5 12.74708 0.00431
6 14.57134 0.00535
8 17.89812 0.00826
10 20.90491 0.01173
12 23.65988 0.01465
15 27.43539 0.01918
18 30.89170 0.02306
22 35.13600 0.03034
27 40.01935 0.03950
33 45.30944 0.05161
40 50.84824 0.06507
49 57.26797 0.07752
59 63.70790 0.12308
72 71.51363 0.21230
87 79.84223 0.32196
106 89.57420 0.38588
128 99.08907 0.38657


1
2 6.32541 0.00170
3 8.61949 0.00435
4 10.67484 0.00797
5 12.56145 0.01215
6 14.30954 0.01594
8 17.47038 0.02446
10 20.30450 0.03163
12 22.88649 0.03851
15 26.40079 0.04878
18 29.60428 0.05793
22 33.53835 0.06764
27 38.07444 0.08090
33 43.01536 0.09717
40 48.25092 0.12388
49 54.35006 0.15395
59 60.44683 0.17295
72 67.73141 0.21172
87 75.42242 0.31718
106 84.40735 0.34577
128 93.01907 0.35118


2
2 6.31888 0.00054
3 8.59530 0.00160
4 10.62823 0.00371
5 12.48851 0.00596
6 14.20843 0.00845
8 17.30805 0.01366
10 20.07920 0.01879
12 22.60111 0.02417
15 26.03331 0.03350
18 29.15111 0.04450
22 32.96146 0.05944
27 37.32460 0.07606
33 42.04279 0.10850
40 46.99624 0.15309
49 52.75497 0.19996
59 58.49641 0.23702
72 65.41087 0.24749
87 72.64687 0.27276
106 81.22585 0.42952
128 89.41988 0.54998


3
2 6.31196 0.00065
3 8.56655 0.00110
4 10.57643 0.00205
5 12.40844 0.00334
6 14.09482 0.00511
8 17.11966 0.00915
10 19.80281 0.01498
12 22.22895 0.02097
15 25.51521 0.02744
18 28.49823 0.03404
22 32.13715 0.04256
27 36.29140 0.05428
33 40.74548 0.07519
40 45.40496 0.10331
49 50.81213 0.14836
59 56.22395 0.21219
72 62.78358 0.29635
87 69.84469 0.34216
106 78.42914 0.34425
128 86.71402 0.29436


4
2 6.30499 0.00087
3 8.54515 0.00353
4 10.53721 0.00597
5 12.34715 0.00879
6 14.00833 0.01173
8 16.97781 0.01995
10 19.60791 0.02933
12 21.98318 0.03749
15 25.19673 0.04586
18 28.11836 0.05426
22 31.68355 0.06781
27 35.75038 0.08955
33 40.11074 0.10963
40 44.66894 0.12379
49 49.92697 0.16029
59 55.15437 0.19151
72 61.41544 0.23957
87 68.08788 0.31352
106 76.17156 0.40862
128 83.90026 0.59017


5
2 6.30392 0.00102
3 8.53600 0.00200
4 10.51579 0.00225
5 12.31102 0.00259
6 13.95619 0.00338
8 16.88581 0.00885
10 19.46584 0.01604
12 21.78666 0.02401
15 24.91750 0.03902
18 27.75152 0.05577
22 31.20928 0.07615
27 35.16223 0.09742
33 39.39629 0.11574
40 43.82579 0.13579
49 48.93413 0.16176
59 53.99837 0.19156
72 60.09977 0.22865
87 66.54436 0.25882
106 74.46802 0.37895
128 82.13052 0.68470


6
2 6.30240 0.00078
3 8.52743 0.00231
4 10.49900 0.00380
5 12.28480 0.00500
6 13.91914 0.00621
8 16.82675 0.00784
10 19.38702 0.00817
12 21.68501 0.00989
15 24.77273 0.01733
18 27.55148 0.02798
22 30.92400 0.05034
27 34.77929 0.08559
33 38.93758 0.13099
40 43.26178 0.19085
49 48.25645 0.26954
59 53.22257 0.32017
72 59.21815 0.35950
87 65.67424 0.39395
106 73.41198 0.45197
128 81.07327 0.62967


7
2 6.29862 0.00045
3 8.51445 0.00220
4 10.47479 0.00406
5 12.24753 0.00590
6 13.86580 0.00762
8 16.73593 0.01048
10 19.25644 0.01373
12 21.51569 0.01722
15 24.54921 0.02210
18 27.28334 0.02723
22 30.60847 0.03575
27 34.37835 0.04502
33 38.40656 0.05168
40 42.57629 0.06108
49 47.34964 0.08123
59 52.08610 0.10416
72 57.86516 0.14246
87 64.13229 0.16627
106 71.79029 0.20445
128 79.06935 0.30707


8
2 6.29747 0.00128
3 8.50742 0.00334
4 10.45942 0.00500
5 12.22307 0.00719
6 13.83121 0.00904
8 16.67702 0.01301
10 19.16663 0.01836
12 21.39603 0.02390
15 24.38544 0.03538
18 27.07297 0.05076
22 30.32392 0.07366
27 34.00573 0.09750
33 37.92571 0.11274
40 41.99804 0.10899
49 46.65940 0.10984
59 51.23741 0.13941
72 56.79628 0.18513
87 62.76207 0.23816
106 70.06563 0.29867
128 77.28382 0.38061


9
2 6.29461 0.00130
3 8.50224 0.00248
4 10.44995 0.00357
5 12.20635 0.00520
6 13.80618 0.00720
8 16.63629 0.01154
10 19.11187 0.01670
12 21.32612 0.02275
15 24.29440 0.03030
18 26.96277 0.03753
22 30.19499 0.04824
27 33.86420 0.06279
33 37.77858 0.08079
40 41.81953 0.10556
49 46.44263 0.16964
59 50.97312 0.28853
72 56.46375 0.43490
87 62.37852 0.55512
106 69.60756 0.67365
128 76.83488 0.75552


10
2 6.29653 0.00048
3 8.50527 0.00112
4 10.45464 0.00221
5 12.21271 0.00337
6 13.81395 0.00489
8 16.64315 0.00865
10 19.11593 0.01322
12 21.32330 0.01819
15 24.27945 0.02502
18 26.93503 0.03454
22 30.15770 0.05310
27 33.79584 0.08146
33 37.65875 0.11502
40 41.66341 0.14720
49 46.26115 0.16438
59 50.79901 0.17286
72 56.32795 0.17692
87 62.33954 0.15041
106 69.73854 0.13573
128 77.16081 0.27272


11
2 6.29334 0.00122
3 8.49462 0.00178
4 10.43546 0.00263
5 12.18225 0.00353
6 13.77012 0.00540
8 16.56775 0.01125
10 19.00093 0.01816
12 21.16227 0.02542
15 24.04934 0.03485
18 26.64525 0.04124
22 29.78503 0.04411
27 33.33070 0.04828
33 37.11855 0.07918
40 41.06457 0.12713
49 45.61842 0.18030
59 50.11176 0.23185
72 55.53983 0.30720
87 61.36999 0.33268
106 68.39670 0.39026
128 75.30862 0.47894


12
2 6.29234 0.00094
3 8.49006 0.00311
4 10.42654 0.00509
5 12.16981 0.00755
6 13.75323 0.01028
8 16.54190 0.01509
10 18.96775 0.01851
12 21.12702 0.02135
15 24.01235 0.02904
18 26.60029 0.04238
22 29.71996 0.06765
27 33.22609 0.09425
33 36.94658 0.11249
40 40.79316 0.13422
49 45.19764 0.15289
59 49.57999 0.13590
72 54.88655 0.13625
87 60.55099 0.13472
106 67.52699 0.16810
128 74.67113 0.18648


13
2 6.29061 0.00083
3 8.48717 0.00268
4 10.42205 0.00517
5 12.16130 0.00804
6 13.73991 0.01071
8 16.51795 0.01778
10 18.93174 0.02404
12 21.07814 0.02972
15 23.94536 0.03758
18 26.50895 0.04623
22 29.58753 0.05942
27 33.04574 0.07738
33 36.69083 0.10483
40 40.42619 0.13501
49 44.70870 0.19836
59 48.99825 0.25055
72 54.28940 0.32061
87 60.00384 0.42126
106 67.02895 0.60186
128 74.18434 0.71635


14
2 6.29231 0.00082
3 8.48668 0.00181
4 10.41847 0.00348
5 12.15317 0.00525
6 13.72952 0.00688
8 16.49778 0.00937
10 18.89318 0.00950
12 21.01662 0.00886
15 23.83740 0.01105
18 26.35026 0.01810
22 29.37233 0.03452
27 32.79042 0.06104
33 36.41321 0.09429
40 40.13305 0.13020
49 44.39930 0.16529
59 48.57013 0.17705
72 53.59004 0.17854
87 59.10596 0.19009
106 65.74662 0.26214
128 72.36411 0.36527


15
2 6.29002 0.00098
3 8.48130 0.00293
4 10.40775 0.00558
5 12.13662 0.00941
6 13.70481 0.01323
8 16.45948 0.02170
10 18.84753 0.03043
12 20.96070 0.03784
15 23.76141 0.04360
18 26.25900 0.04378
22 29.26397 0.03630
27 32.63456 0.03789
33 36.17211 0.06306
40 39.81375 0.11761
49 43.95482 0.18138
59 48.03817 0.23548
72 53.03320 0.27691
87 58.53728 0.35354
106 65.24119 0.48455
128 71.78972 0.51086


16
2 6.29113 0.00118
3 8.48036 0.00186
4 10.40597 0.00323
5 12.13373 0.00503
6 13.70096 0.00679
8 16.45331 0.01299
10 18.84142 0.02083
12 20.96299 0.03028
15 23.78950 0.04508
18 26.30971 0.06057
22 29.32705 0.07951
27 32.71275 0.09039
33 36.25717 0.09261
40 39.87980 0.08473
49 44.01748 0.08020
59 48.10825 0.10351
72 53.04915 0.13632
87 58.42427 0.20452
106 65.12660 0.31242
128 71.75912 0.30918


17
2 6.28634 0.00119
3 8.47188 0.00334
4 10.39078 0.00636
5 12.11007 0.00945
6 13.66597 0.01161
8 16.39340 0.01521
10 18.75272 0.01766
12 20.84478 0.02109
15 23.62177 0.03176
18 26.10091 0.04780
22 29.08122 0.07315
27 32.41646 0.10619
33 35.91802 0.13152
40 39.49709 0.15183
49 43.54498 0.18710
59 47.53146 0.22109
72 52.32096 0.25685
87 57.47276 0.34075
106 63.81331 0.41180
128 70.46217 0.57029


18
2 6.28733 0.00064
3 8.47016 0.00226
4 10.38639 0.00421
5 12.10155 0.00636
6 13.65350 0.00924
8 16.36664 0.01613
10 18.70290 0.02340
12 20.76349 0.03124
15 23.49477 0.04358
18 25.92906 0.05733
22 28.84292 0.07752
27 32.11430 0.10598
33 35.56720 0.12300
40 39.10192 0.12470
49 43.11353 0.14740
59 47.00528 0.20084
72 51.72473 0.28431
87 56.76270 0.37909
106 63.03473 0.42377
128 69.54952 0.43031


19
2 6.28632 0.00143
3 8.46552 0.00447
4 10.37578 0.00751
5 12.08302 0.01117
6 13.62609 0.01494
8 16.32066 0.02237
10 18.64545 0.02715
12 20.70001 0.03027
15 23.41953 0.03534
18 25.84191 0.04634
22 28.73836 0.06630
27 31.97330 0.09717
33 35.34074 0.12604
40 38.77483 0.15695
49 42.63932 0.19827
59 46.30468 0.27143
72 50.87994 0.37545
87 55.94303 0.45293
106 62.11545 0.46210
128 68.30949 0.53084


20
2 6.28455 0.00178
3 8.46028 0.00246
4 10.36926 0.00335
5 12.07730 0.00506
6 13.61864 0.00711
8 16.30965 0.01182
10 18.62172 0.01460
12 20.65880 0.01601
15 23.34244 0.01855
18 25.72561 0.01985
22 28.57496 0.03065
27 31.77313 0.05431
33 35.12598 0.08023
40 38.54063 0.08666
49 42.49271 0.07842
59 46.39381 0.05711
72 51.08736 0.07019
87 56.13485 0.11988
106 62.28750 0.23331
128 68.92407 0.23514


21
2 6.28235 0.00094
3 8.45616 0.00422
4 10.36221 0.00782
5 12.06633 0.01164
6 13.60501 0.01598
8 16.28728 0.02456
10 18.59224 0.03218
12 20.62005 0.03903
15 23.29041 0.04904
18 25.64702 0.06011
22 28.45525 0.08245
27 31.58547 0.11840
33 34.84844 0.15596
40 38.15669 0.19134
49 41.83634 0.23093
59 45.42800 0.26376
72 49.78120 0.29773
87 54.57159 0.32347
106 60.77705 0.37221
128 67.36562 0.32007


22
2 6.28411 0.00057
3 8.45690 0.00168
4 10.36043 0.00281
5 12.05916 0.00364
6 13.59035 0.00410
8 16.25518 0.00750
10 18.54032 0.01293
12 20.54856 0.01815
15 23.19441 0.02474
18 25.53420 0.03342
22 28.32170 0.03935
27 31.44645 0.04309
33 34.71816 0.04725
40 38.01112 0.06126
49 41.73013 0.09618
59 45.36987 0.13095
72 49.78344 0.15587
87 54.59159 0.18483
106 60.58602 0.28809
128 67.02997 0.41851


23
2 6.28287 0.00077
3 8.45582 0.00168
4 10.35994 0.00312
5 12.05949 0.00516
6 13.59277 0.00797
8 16.26189 0.01401
10 18.54975 0.01874
12 20.55857 0.02543
15 23.19616 0.03836
18 25.52022 0.05331
22 28.28639 0.08506
27 31.38288 0.13668
33 34.63888 0.19158
40 37.94679 0.24337
49 41.63481 0.31597
59 45.17768 0.38561
72 49.39798 0.41440
87 53.96998 0.42411
106 59.73362 0.51020
128 65.64120 0.54794


24
2 6.28181 0.00092
3 8.44830 0.00226
4 10.34239 0.00324
5 12.02826 0.00403
6 13.54595 0.00541
8 16.18213 0.01003
10 18.43607 0.01650
12 20.41446 0.02252
15 23.01558 0.03132
18 25.30685 0.04361
22 28.02627 0.06805
27 31.04682 0.10443
33 34.19865 0.13869
40 37.42381 0.15989
49 41.03123 0.18250
59 44.48782 0.21722
72 48.71316 0.29560
87 53.41300 0.33065
106 59.34171 0.33305
128 65.50822 0.27570


25
2 6.28066 0.00149
3 8.44678 0.00395
4 10.34110 0.00557
5 12.03074 0.00687
6 13.55457 0.00757
8 16.20407 0.01144
10 18.46924 0.02182
12 20.45141 0.03652
15 23.04994 0.06122
18 25.33881 0.08611
22 28.05080 0.12006
27 31.05891 0.16868
33 34.18111 0.22896
40 37.34783 0.29184
49 40.90355 0.35732
59 44.34542 0.40240
72 48.59844 0.45156
87 53.24802 0.53872
106 58.94200 0.61545
128 65.04704 0.61650


26
2 6.27932 0.00126
3 8.44282 0.00245
4 10.33484 0.00443
5 12.02075 0.00729
6 13.53972 0.00981
8 16.17656 0.01456
10 18.42603 0.01854
12 20.39571 0.02308
15 22.97960 0.03266
18 25.25262 0.04623
22 27.94747 0.07076
27 30.94677 0.10091
33 34.10812 0.12837
40 37.28309 0.14826
49 40.80386 0.19555
59 44.17541 0.23668
72 48.25555 0.24794
87 52.65226 0.26909
106 58.33902 0.39159
128 64.50145 0.39482


27
2 6.28175 0.00111
3 8.44294 0.00214
4 10.33260 0.00262
5 12.01367 0.00369
6 13.52531 0.00556
8 16.14838 0.00967
10 18.38496 0.01607
12 20.33875 0.02533
15 22.89705 0.04109
18 25.14091 0.06085
22 27.80089 0.09219
27 30.74825 0.12960
33 33.82413 0.17367
40 36.92790 0.23501
49 40.41327 0.33213
59 43.85768 0.42182
72 48.04128 0.53871
87 52.54379 0.66891
106 58.25749 0.81296
128 64.19203 0.94546


28
2 6.28136 0.00086
3 8.44469 0.00238
4 10.33513 0.00507
5 12.01806 0.00803
6 13.53173 0.01073
8 16.15750 0.01746
10 18.39988 0.02723
12 20.35987 0.03914
15 22.92888 0.06150
18 25.19139 0.08670
22 27.86811 0.12298
27 30.82380 0.16489
33 33.90040 0.20790
40 37.00396 0.24513
49 40.48335 0.29470
59 43.86034 0.32498
72 47.99448 0.34942
87 52.43237 0.37103
106 58.11158 0.42687
128 64.04737 0.44459


29
2 6.27974 0.00206
3 8.44180 0.00414
4 10.33012 0.00702
5 12.01248 0.01038
6 13.52515 0.01331
8 16.15027 0.02162
10 18.38659 0.03098
12 20.34004 0.03800
15 22.89242 0.05051
18 25.12953 0.07155
22 27.76914 0.10999
27 30.69664 0.17230
33 33.73101 0.24823
40 36.76513 0.31878
49 40.10285 0.39418
59 43.34164 0.49430
72 47.32394 0.64347
87 51.74977 0.76513
106 57.61400 0.92269
128 63.73615 1.07408

