
0
2 6.33382 0.00186
3 8.64281 0.00506
4 10.72647 0.00857
5 12.64803 0.01241
6 14.43668 0.01643
8 17.69920 0.02510
10 20.64193 0.03409
12 23.34504 0.04390
15 27.05368 0.05685
18 30.44758 0.06634
22 34.61720 0.07589
27 39.40222 0.09042
33 44.66444 0.11356
40 50.31077 0.13718
49 56.98057 0.16613
59 63.75483 0.19359
72 71.76725 0.24625
87 80.24532 0.30540
106 90.10320 0.39755
128 100.60499 0.48251
155 112.41703 0.50677
188 125.22162 0.50800
227 138.80855 0.49155
275 153.73340 0.70739
333 167.54810 1.53332


1
2 6.32301 0.00134
3 8.60106 0.00381
4 10.64446 0.00649
5 12.51881 0.00932
6 14.25209 0.01203
8 17.39520 0.01765
10 20.21495 0.02386
12 22.79642 0.03013
15 26.33174 0.03738
18 29.55982 0.04475
22 33.50984 0.05932
27 38.02737 0.08025
33 42.99203 0.10361
40 48.31942 0.13003
49 54.60197 0.16807
59 60.97673 0.21912
72 68.56281 0.28141
87 76.61045 0.34873
106 85.91933 0.41729
128 95.83348 0.45756
155 107.00861 0.57356
188 119.12321 0.82022
227 131.70378 1.01085
275 145.91910 1.16973
333 159.63419 1.32579


2
2 6.31666 0.00106
3 8.57722 0.00311
4 10.59636 0.00521
5 12.44084 0.00726
6 14.14084 0.00934
8 17.21180 0.01323
10 19.95796 0.01762
12 22.46576 0.02337
15 25.88831 0.03259
18 29.00616 0.04293
22 32.81643 0.05853
27 37.16277 0.07769
33 41.93877 0.09599
40 47.05455 0.11434
49 53.07003 0.13723
59 59.15969 0.15981
72 66.40305 0.17467
87 74.12401 0.17000
106 83.16413 0.18318
128 92.77107 0.23680
155 103.67455 0.30657
188 115.57351 0.42554
227 127.90878 0.51928
275 141.88814 0.57423
333 156.00150 0.51013


3
2 6.30948 0.00144
3 8.55111 0.00326
4 10.54501 0.00538
5 12.35851 0.00715
6 14.02237 0.00925
8 17.00746 0.01295
10 19.65468 0.01617
12 22.06195 0.01859
15 25.33964 0.02050
18 28.31839 0.02487
22 31.95080 0.04078
27 36.08551 0.06998
33 40.60246 0.10325
40 45.42183 0.13225
49 51.07471 0.16164
59 56.86335 0.18961
72 63.75508 0.21728
87 71.04778 0.24787
106 79.50298 0.28902
128 88.48066 0.33071
155 98.70390 0.36068
188 109.79978 0.40963
227 121.19220 0.49637
275 134.32559 0.79717
333 148.04080 1.03555


4
2 6.30114 0.00113
3 8.51951 0.00342
4 10.48564 0.00481
5 12.26577 0.00606
6 13.89185 0.00779
8 16.79403 0.01411
10 19.35507 0.02294
12 21.67407 0.03085
15 24.81706 0.04147
18 27.66862 0.05081
22 31.14546 0.06137
27 35.10205 0.07297
33 39.42343 0.08987
40 44.04226 0.11479
49 49.47758 0.15000
59 54.98642 0.19698
72 61.49434 0.26306
87 68.35766 0.33055
106 76.30656 0.41836
128 84.81266 0.52969
155 94.55981 0.68568
188 105.09009 0.82303
227 115.90701 0.92055
275 128.90952 0.92658
333 143.50081 0.95250


5
2 6.29562 0.00155
3 8.49382 0.00463
4 10.43239 0.00713
5 12.17768 0.00979
6 13.76342 0.01272
8 16.57313 0.02078
10 19.03163 0.02907
12 21.24392 0.03637
15 24.22885 0.04892
18 26.92173 0.06403
22 30.19564 0.08645
27 33.92392 0.11327
33 37.99519 0.14249
40 42.33199 0.16733
49 47.41246 0.19485
59 52.54019 0.23246
72 58.57584 0.28349
87 64.92632 0.33315
106 72.35601 0.41674
128 80.39883 0.55274
155 89.56129 0.68363
188 99.34087 0.84846
227 109.42403 0.92861
275 122.12115 1.08397
333 136.67609 1.28404


6
2 6.28827 0.00077
3 8.46939 0.00305
4 10.38725 0.00541
5 12.10719 0.00839
6 13.66318 0.01169
8 16.40312 0.02156
10 18.78801 0.03169
12 20.92649 0.03873
15 23.80621 0.04699
18 26.39385 0.05542
22 29.51440 0.07100
27 33.02734 0.09326
33 36.81620 0.12143
40 40.79820 0.16677
49 45.44981 0.22206
59 50.17112 0.28315
72 55.73339 0.36449
87 61.51038 0.49925
106 68.32183 0.70898
128 75.84650 0.98189
155 84.40135 1.34833
188 93.33888 1.78525
227 102.66673 2.02337
275 114.73523 2.01796
333 128.56110 1.71805


7
2 6.28554 0.00045
3 8.45210 0.00250
4 10.35019 0.00543
5 12.04706 0.00927
6 13.57614 0.01326
8 16.25267 0.02228
10 18.56377 0.02899
12 20.62521 0.03069
15 23.39013 0.03117
18 25.86357 0.03908
22 28.82322 0.06853
27 32.12360 0.11167
33 35.65553 0.15315
40 39.32545 0.20199
49 43.57410 0.27567
59 47.90086 0.35766
72 53.00072 0.43966
87 58.20008 0.58177
106 64.31030 0.78558
128 71.10306 1.07036
155 78.49446 1.47285
188 85.89919 2.01281
227 93.92933 2.30168
275 105.04221 2.30304
333 119.06697 2.07395


8
2 6.27812 0.00155
3 8.43261 0.00368
4 10.31441 0.00704
5 11.99176 0.01107
6 13.49908 0.01546
8 16.13148 0.02466
10 18.39819 0.03292
12 20.41562 0.03812
15 23.11003 0.04304
18 25.51565 0.04784
22 28.38701 0.06608
27 31.58569 0.09751
33 34.99545 0.13057
40 38.52351 0.17208
49 42.58329 0.23252
59 46.68419 0.30522
72 51.43851 0.39196
87 56.29067 0.53770
106 62.02600 0.73892
128 68.36202 0.98195
155 75.23742 1.29008
188 81.96759 1.76489
227 89.56326 2.02948
275 100.36784 1.99509
333 113.96428 1.45369


9
2 6.27598 0.00124
3 8.42267 0.00372
4 10.29209 0.00775
5 11.95478 0.01261
6 13.44463 0.01784
8 16.03430 0.02906
10 18.25296 0.03828
12 20.22649 0.04216
15 22.86702 0.03899
18 25.22347 0.03182
22 28.04322 0.02859
27 31.18127 0.04576
33 34.52188 0.07834
40 37.94451 0.13360
49 41.87440 0.20754
59 45.82602 0.29883
72 50.42377 0.37637
87 55.09368 0.47802
106 60.49175 0.65509
128 66.37750 0.82115
155 72.85769 1.11970
188 79.14284 1.52844
227 86.23244 1.75756
275 96.82661 2.05923
333 110.99306 2.03755


10
2 6.27288 0.00154
3 8.41498 0.00371
4 10.27888 0.00789
5 11.93443 0.01284
6 13.41522 0.01864
8 15.98426 0.03208
10 18.18008 0.04597
12 20.12681 0.05638
15 22.71404 0.06530
18 25.01839 0.06679
22 27.76438 0.06583
27 30.79885 0.07277
33 34.01929 0.09612
40 37.33453 0.15044
49 41.12085 0.23492
59 44.90868 0.34111
72 49.23595 0.41915
87 53.60714 0.49125
106 58.66057 0.62874
128 64.29766 0.78054
155 70.52039 1.02162
188 76.50065 1.38499
227 83.05305 1.63060
275 92.98660 1.69858
333 106.88155 1.46684


11
2 6.27246 0.00118
3 8.40916 0.00276
4 10.26627 0.00597
5 11.91410 0.00977
6 13.38658 0.01456
8 15.93392 0.02575
10 18.10448 0.03628
12 20.02142 0.04217
15 22.56656 0.04758
18 24.82899 0.04896
22 27.51278 0.05089
27 30.47225 0.06284
33 33.60678 0.08940
40 36.83024 0.11517
49 40.49781 0.17083
59 44.14307 0.25948
72 48.32006 0.33468
87 52.53481 0.41920
106 57.40767 0.57829
128 62.83462 0.73703
155 68.92110 1.02293
188 74.90878 1.45993
227 81.54989 1.68791
275 91.79879 1.69532
333 106.32738 1.22611


12
2 6.26609 0.00083
3 8.38634 0.00459
4 10.22271 0.00972
5 11.84782 0.01516
6 13.29705 0.02149
8 15.79414 0.03581
10 17.91380 0.05042
12 19.78251 0.06030
15 22.24788 0.06818
18 24.42745 0.07130
22 27.00445 0.07397
27 29.83047 0.07626
33 32.81295 0.09170
40 35.86442 0.12193
49 39.29621 0.20841
59 42.71918 0.34511
72 46.59940 0.48223
87 50.49984 0.60241
106 54.98235 0.78557
128 60.12925 0.92288
155 65.99680 1.06795
188 71.88698 1.28730
227 78.34253 1.28660
275 88.06034 1.39559
333 102.20432 1.21757


13
2 6.26245 0.00056
3 8.37177 0.00359
4 10.19232 0.00658
5 11.79939 0.01043
6 13.22652 0.01500
8 15.67370 0.02762
10 17.73901 0.04397
12 19.55308 0.05756
15 21.94809 0.07334
18 24.06758 0.08882
22 26.56933 0.11050
27 29.31308 0.14433
33 32.20129 0.18859
40 35.14577 0.22875
49 38.45820 0.29135
59 41.70051 0.39974
72 45.33800 0.52454
87 49.03851 0.63879
106 53.32037 0.74693
128 58.26617 0.79030
155 64.02140 0.84642
188 69.99966 0.95244
227 76.42860 0.94054
275 85.73124 0.91021
333 98.14522 0.79550


14
2 6.25640 0.00153
3 8.35460 0.00468
4 10.16127 0.00760
5 11.75306 0.01158
6 13.16453 0.01444
8 15.57807 0.02210
10 17.60777 0.03436
12 19.38781 0.04743
15 21.73248 0.06159
18 23.80086 0.07699
22 26.23368 0.09419
27 28.89504 0.11419
33 31.68813 0.13711
40 34.57062 0.16975
49 37.78545 0.22377
59 40.95125 0.30562
72 44.53485 0.40713
87 48.18221 0.51933
106 52.46507 0.61524
128 57.40528 0.64334
155 63.22571 0.67827
188 69.06597 0.80599
227 75.64835 0.78870
275 84.91890 0.73813
333 97.19307 0.84159


15
2 6.25563 0.00193
3 8.34684 0.00584
4 10.14302 0.00969
5 11.72193 0.01465
6 13.11911 0.01890
8 15.50375 0.02732
10 17.50355 0.03515
12 19.24949 0.04247
15 21.53841 0.04912
18 23.55290 0.06129
22 25.92472 0.07755
27 28.51689 0.10100
33 31.24452 0.12424
40 34.05175 0.14862
49 37.17019 0.18908
59 40.23117 0.26696
72 43.70977 0.38035
87 47.25991 0.49703
106 51.39524 0.62728
128 56.23878 0.66522
155 61.97526 0.66293
188 67.74348 0.61258
227 74.04128 0.51540
275 83.48039 0.49937
333 96.10618 0.85185


16
2 6.25388 0.00197
3 8.34160 0.00542
4 10.13627 0.00861
5 11.71326 0.01314
6 13.10809 0.01607
8 15.48319 0.02341
10 17.47111 0.03284
12 19.20515 0.04412
15 21.47552 0.06167
18 23.47574 0.08553
22 25.83791 0.11457
27 28.42721 0.14720
33 31.15864 0.17376
40 33.98019 0.18906
49 37.11806 0.19597
59 40.19064 0.21611
72 43.67423 0.26554
87 47.19552 0.38708
106 51.32327 0.51928
128 56.11893 0.57019
155 61.74152 0.60229
188 67.58003 0.70534
227 73.86310 0.92691
275 83.28523 1.26435
333 96.81596 1.17039


17
2 6.25189 0.00186
3 8.33352 0.00607
4 10.12093 0.01015
5 11.69118 0.01564
6 13.08039 0.02063
8 15.44524 0.03183
10 17.41975 0.04596
12 19.13665 0.06130
15 21.37461 0.07995
18 23.34407 0.09830
22 25.66368 0.11808
27 28.18620 0.14275
33 30.82645 0.16690
40 33.53384 0.19661
49 36.54517 0.24083
59 39.51941 0.28462
72 42.92616 0.33651
87 46.40350 0.39317
106 50.49162 0.45890
128 55.15882 0.47787
155 60.74171 0.52022
188 66.57680 0.52015
227 72.95001 0.53061
275 81.65795 0.75404
333 93.97721 1.31182


18
2 6.24869 0.00204
3 8.32328 0.00607
4 10.10065 0.01040
5 11.65849 0.01602
6 13.03289 0.02135
8 15.36612 0.03243
10 17.30662 0.04297
12 18.98981 0.05433
15 21.17980 0.06983
18 23.10491 0.08705
22 25.37990 0.10726
27 27.86115 0.13611
33 30.45246 0.15830
40 33.09626 0.17279
49 36.02285 0.19055
59 38.89165 0.21147
72 42.16935 0.23667
87 45.48763 0.35063
106 49.39012 0.55225
128 53.94738 0.74099
155 59.37819 0.86663
188 64.98103 0.83881
227 70.95712 0.74764
275 79.82816 0.70824
333 92.91633 0.67789


19
2 6.24548 0.00136
3 8.31077 0.00494
4 10.07724 0.00888
5 11.62363 0.01343
6 12.98537 0.01732
8 15.28517 0.02616
10 17.18565 0.03558
12 18.82470 0.04498
15 20.95092 0.05736
18 22.82459 0.07226
22 25.04449 0.09373
27 27.47826 0.13277
33 30.01407 0.16110
40 32.60581 0.17917
49 35.50712 0.19389
59 38.29881 0.20336
72 41.45987 0.22181
87 44.71130 0.29552
106 48.64973 0.41343
128 53.07965 0.48221
155 58.14201 0.51266
188 63.38697 0.36316
227 69.07505 0.39617
275 77.29302 0.42823
333 89.50841 0.74910


20
2 6.24402 0.00174
3 8.30474 0.00459
4 10.06558 0.00879
5 11.60453 0.01386
6 12.95756 0.01946
8 15.23315 0.03217
10 17.10488 0.04265
12 18.71491 0.05071
15 20.79900 0.06275
18 22.63096 0.07563
22 24.79393 0.09420
27 27.16784 0.12678
33 29.64006 0.16091
40 32.15024 0.19351
49 34.98146 0.22228
59 37.76207 0.21454
72 40.95458 0.25651
87 44.25195 0.41171
106 48.17292 0.59056
128 52.55984 0.72070
155 57.72704 0.79927
188 63.00871 0.77318
227 68.56648 0.81449
275 77.02000 0.94465
333 88.99416 1.23368


21
2 6.24279 0.00199
3 8.30056 0.00387
4 10.05816 0.00630
5 11.59292 0.01018
6 12.94267 0.01435
8 15.21321 0.02685
10 17.08007 0.04205
12 18.68270 0.05595
15 20.75652 0.07012
18 22.58183 0.07761
22 24.74305 0.09080
27 27.13104 0.12335
33 29.62468 0.15140
40 32.15461 0.18204
49 34.98616 0.19458
59 37.73545 0.17875
72 40.87051 0.22868
87 44.11136 0.38781
106 47.98193 0.58924
128 52.37393 0.78529
155 57.36018 0.95203
188 62.46453 1.01530
227 67.82990 1.08764
275 75.73782 1.15150
333 88.30733 1.53050


22
2 6.24244 0.00167
3 8.29818 0.00497
4 10.05172 0.00827
5 11.58196 0.01180
6 12.92530 0.01489
8 15.17744 0.02472
10 17.02061 0.03876
12 18.59774 0.05209
15 20.63541 0.06688
18 22.42884 0.07828
22 24.54341 0.09418
27 26.86268 0.12767
33 29.27189 0.16028
40 31.71671 0.21024
49 34.47822 0.24447
59 37.15321 0.21953
72 40.20076 0.20860
87 43.37748 0.31837
106 47.25610 0.47108
128 51.61096 0.58215
155 56.48350 0.60401
188 61.43923 0.51832
227 66.81969 0.54696
275 74.42348 0.50316
333 85.67917 0.86869


23
2 6.23939 0.00083
3 8.29030 0.00302
4 10.03969 0.00627
5 11.56484 0.00987
6 12.90204 0.01314
8 15.13745 0.02050
10 16.95614 0.02703
12 18.50743 0.03432
15 20.50771 0.04924
18 22.26765 0.06763
22 24.35454 0.09492
27 26.66155 0.13419
33 29.06860 0.17748
40 31.48688 0.23099
49 34.19677 0.27769
59 36.78366 0.27635
72 39.72164 0.29618
87 42.86861 0.38066
106 46.76462 0.50531
128 51.10013 0.62442
155 55.81480 0.68797
188 60.67899 0.62601
227 66.01047 0.76102
275 73.57061 0.95966
333 85.97729 1.42700


24
2 6.23923 0.00169
3 8.28652 0.00433
4 10.02845 0.00698
5 11.54517 0.00961
6 12.87376 0.01170
8 15.09339 0.01652
10 16.90044 0.02373
12 18.44159 0.03238
15 20.42854 0.04634
18 22.17432 0.06447
22 24.24075 0.09552
27 26.52238 0.14046
33 28.88353 0.18833
40 31.25312 0.25079
49 33.89402 0.29317
59 36.43400 0.28291
72 39.30271 0.29212
87 42.29123 0.41800
106 46.03359 0.60747
128 50.25916 0.78494
155 54.89389 0.99943
188 59.39254 1.17806
227 64.47115 1.38194
275 72.07076 1.70627
333 83.98037 2.10277


25
2 6.23774 0.00212
3 8.28292 0.00571
4 10.02245 0.01030
5 11.53476 0.01576
6 12.85719 0.02146
8 15.05862 0.03454
10 16.83892 0.04891
12 18.35023 0.06286
15 20.29761 0.08433
18 22.01392 0.10978
22 24.05037 0.14928
27 26.29648 0.20277
33 28.61558 0.26930
40 30.94150 0.34934
49 33.56613 0.39869
59 36.06646 0.38410
72 38.88707 0.38568
87 41.83657 0.45350
106 45.55142 0.51912
128 49.79538 0.63386
155 54.53508 0.77222
188 59.17197 0.97584
227 64.33488 1.10591
275 71.85754 1.25668
333 83.55208 1.57701


26
2 6.23661 0.00172
3 8.27822 0.00424
4 10.01199 0.00768
5 11.51672 0.01166
6 12.82889 0.01472
8 15.00918 0.01982
10 16.76680 0.02943
12 18.25486 0.04320
15 20.16862 0.06941
18 21.84632 0.10237
22 23.82821 0.15041
27 26.00583 0.21198
33 28.26346 0.28203
40 30.53121 0.37426
49 33.06069 0.44175
59 35.48486 0.44581
72 38.21822 0.44508
87 41.09814 0.48759
106 44.75941 0.50703
128 48.84911 0.61722
155 53.24705 0.81792
188 57.48220 1.14989
227 62.29830 1.39843
275 69.08120 1.81373
333 80.60889 2.27452


27
2 6.23442 0.00147
3 8.27177 0.00549
4 9.99972 0.01003
5 11.49922 0.01420
6 12.80769 0.01744
8 14.97597 0.02462
10 16.71855 0.03684
12 18.19258 0.05352
15 20.08441 0.08756
18 21.74425 0.13017
22 23.70215 0.19001
27 25.86268 0.25932
33 28.09514 0.32603
40 30.34570 0.40662
49 32.83950 0.45481
59 35.20460 0.45230
72 37.83265 0.46877
87 40.59779 0.54974
106 44.16569 0.62563
128 48.17016 0.81451
155 52.47620 1.08949
188 56.49699 1.48202
227 61.15370 1.72073
275 67.82905 2.06283
333 79.33622 2.08029


28
2 6.23387 0.00178
3 8.26826 0.00654
4 9.99192 0.01259
5 11.48701 0.01832
6 12.78974 0.02291
8 14.94582 0.03276
10 16.67657 0.04890
12 18.14009 0.07040
15 20.01984 0.10593
18 21.66742 0.14471
22 23.60334 0.19705
27 25.72595 0.26748
33 27.92118 0.34861
40 30.13011 0.44506
49 32.58445 0.50323
59 34.87120 0.50177
72 37.43904 0.50162
87 40.11661 0.53239
106 43.62724 0.55987
128 47.61886 0.73758
155 51.81231 0.99883
188 55.75658 1.44470
227 60.34968 1.67574
275 66.63511 1.94207
333 76.79051 2.39611


29
2 6.23183 0.00165
3 8.26244 0.00505
4 9.98321 0.01124
5 11.47424 0.01812
6 12.77385 0.02653
8 14.91987 0.04555
10 16.63834 0.06797
12 18.09488 0.09324
15 19.97228 0.13662
18 21.61946 0.18339
22 23.55684 0.24657
27 25.67269 0.32456
33 27.84420 0.40820
40 29.99929 0.50543
49 32.34702 0.57512
59 34.50077 0.56898
72 36.88428 0.55116
87 39.41405 0.60261
106 42.83918 0.62038
128 46.68837 0.81295
155 50.65825 1.18558
188 54.16421 1.71308
227 58.59138 1.92961
275 64.61221 2.25426
333 76.12069 2.68308

