
0
2 6.33010 0.00198
3 8.63648 0.00587
4 10.71540 0.01160
5 12.63282 0.01838
6 14.41591 0.02623
8 17.67015 0.04191
10 20.60714 0.05655
12 23.30746 0.07064
15 27.01829 0.09244
18 30.40906 0.11437
22 34.55996 0.14185
27 39.31786 0.17314
33 44.54678 0.20350
40 50.15558 0.22584
49 56.75651 0.23011
59 63.48384 0.23265
72 71.50389 0.24002
87 80.01318 0.24227
106 89.99266 0.26979
128 100.58456 0.32345
155 112.32542 0.41538
188 125.06956 0.56100
227 138.29443 0.66975
275 152.78479 0.58301
333 166.70212 0.54591


1
2 6.31495 0.00115
3 8.57293 0.00242
4 10.59250 0.00382
5 12.43861 0.00536
6 14.14155 0.00723
8 17.21713 0.01025
10 19.96586 0.01172
12 22.47873 0.01324
15 25.91646 0.01983
18 29.05032 0.02965
22 32.88181 0.04651
27 37.27419 0.07223
33 42.09066 0.10471
40 47.24261 0.13765
49 53.32544 0.17643
59 59.52453 0.20783
72 66.91199 0.24888
87 74.76353 0.31150
106 83.88330 0.40077
128 93.60555 0.49760
155 104.54578 0.60406
188 116.52710 0.71623
227 128.96713 0.87620
275 142.79779 1.05968
333 155.97472 1.19203


2
2 6.31102 0.00147
3 8.55332 0.00327
4 10.55100 0.00586
5 12.37047 0.00849
6 14.04204 0.01096
8 17.04769 0.01539
10 19.72217 0.02030
12 22.16037 0.02570
15 25.48675 0.03462
18 28.51455 0.04425
22 32.20927 0.06184
27 36.43232 0.08857
33 41.05476 0.12096
40 45.98234 0.15753
49 51.78353 0.19208
59 57.68839 0.21716
72 64.71696 0.22855
87 72.20634 0.22856
106 80.97012 0.25051
128 90.26042 0.26601
155 100.69984 0.29514
188 112.06226 0.37354
227 123.72346 0.45097
275 136.70248 0.46396
333 149.75203 0.76155


3
2 6.30461 0.00136
3 8.52904 0.00291
4 10.50467 0.00453
5 12.29648 0.00573
6 13.93651 0.00668
8 16.87401 0.00843
10 19.47472 0.01075
12 21.83578 0.01531
15 25.04700 0.02359
18 27.96065 0.03271
22 31.50642 0.04480
27 35.55146 0.05636
33 39.95530 0.07145
40 44.64208 0.08894
49 50.14754 0.10929
59 55.74476 0.12283
72 62.42141 0.11977
87 69.51003 0.10625
106 77.77981 0.07791
128 86.61890 0.08728
155 96.53015 0.18385
188 107.31472 0.36026
227 118.23688 0.52505
275 130.71161 0.50720
333 144.08614 0.40942


4
2 6.29844 0.00082
3 8.50644 0.00140
4 10.45991 0.00236
5 12.22568 0.00382
6 13.83630 0.00477
8 16.70639 0.00549
10 19.23793 0.00613
12 21.53133 0.00957
15 24.64087 0.01648
18 27.45428 0.02632
22 30.86376 0.04247
27 34.73953 0.06144
33 38.96303 0.08158
40 43.45666 0.10001
49 48.73680 0.11351
59 54.08482 0.12298
72 60.41876 0.14228
87 67.13457 0.14774
106 74.91753 0.16424
128 83.22903 0.23074
155 92.63213 0.31355
188 102.76591 0.37096
227 113.30442 0.55842
275 125.17277 0.85523
333 138.32674 0.76838


5
2 6.29563 0.00095
3 8.49428 0.00298
4 10.43628 0.00523
5 12.18641 0.00731
6 13.78015 0.00957
8 16.61209 0.01193
10 19.09947 0.01357
12 21.34334 0.01527
15 24.36751 0.01829
18 27.08921 0.02547
22 30.37997 0.03561
27 34.11237 0.04849
33 38.17768 0.06057
40 42.48866 0.07067
49 47.53088 0.08685
59 52.63617 0.10428
72 58.66218 0.14423
87 65.04425 0.19530
106 72.45607 0.27857
128 80.42633 0.39379
155 89.51706 0.58295
188 99.19796 0.78974
227 109.28220 0.91658
275 120.59629 0.87121
333 132.27495 0.57244


6
2 6.29235 0.00053
3 8.48011 0.00123
4 10.40825 0.00249
5 12.14166 0.00391
6 13.71566 0.00556
8 16.50428 0.00713
10 18.94381 0.00893
12 21.13779 0.01115
15 24.08742 0.01354
18 26.73317 0.01366
22 29.92101 0.01957
27 33.52805 0.03984
33 37.44297 0.06627
40 41.58820 0.09400
49 46.41339 0.12994
59 51.27448 0.16036
72 57.02097 0.19507
87 63.09803 0.25152
106 70.12160 0.31928
128 77.74937 0.38974
155 86.34245 0.49363
188 95.48594 0.64664
227 104.92635 0.91166
275 115.85280 1.15067
333 127.98500 1.01284


7
2 6.28914 0.00056
3 8.47254 0.00268
4 10.39564 0.00498
5 12.12248 0.00759
6 13.68706 0.00986
8 16.44734 0.01381
10 18.85279 0.01688
12 21.01135 0.02014
15 23.91118 0.02497
18 26.51655 0.03374
22 29.65343 0.04879
27 33.19327 0.06834
33 37.01507 0.08785
40 41.03520 0.09517
49 45.70059 0.10440
59 50.38661 0.11033
72 55.88770 0.11826
87 61.70894 0.14334
106 68.41737 0.19249
128 75.57104 0.21368
155 83.77539 0.23669
188 92.75413 0.33290
227 102.00304 0.34646
275 112.12434 0.32098
333 123.30273 0.41191


8
2 6.28713 0.00105
3 8.46241 0.00195
4 10.37531 0.00301
5 12.09080 0.00487
6 13.64303 0.00723
8 16.37926 0.01344
10 18.75989 0.02063
12 20.88885 0.02636
15 23.73623 0.03037
18 26.27442 0.03027
22 29.31473 0.03411
27 32.73954 0.04957
33 36.44431 0.07351
40 40.34246 0.09225
49 44.85308 0.11404
59 49.38878 0.14966
72 54.75430 0.20342
87 60.47889 0.27550
106 67.15283 0.36005
128 74.31468 0.47996
155 82.39472 0.66555
188 90.97451 0.86231
227 99.84991 1.05903
275 109.73988 1.15973
333 121.06960 1.10242


9
2 6.28584 0.00070
3 8.45773 0.00149
4 10.36589 0.00263
5 12.07581 0.00430
6 13.62232 0.00585
8 16.34524 0.00846
10 18.70771 0.01176
12 20.81548 0.01541
15 23.63280 0.02256
18 26.14944 0.03218
22 29.17296 0.04519
27 32.57543 0.06630
33 36.23814 0.09207
40 40.07623 0.11990
49 44.49121 0.15200
59 48.89147 0.18528
72 54.07478 0.21513
87 59.56510 0.24109
106 65.89394 0.29285
128 72.66319 0.35699
155 80.28193 0.46087
188 88.51113 0.55375
227 97.09587 0.65949
275 106.95795 0.71167
333 118.79010 0.69800


10
2 6.28549 0.00113
3 8.45440 0.00290
4 10.35962 0.00524
5 12.06470 0.00775
6 13.60540 0.01008
8 16.31445 0.01468
10 18.66272 0.01916
12 20.75708 0.02388
15 23.55327 0.03220
18 26.04805 0.03973
22 29.03872 0.05147
27 32.39612 0.07012
33 36.00858 0.09511
40 39.79593 0.11595
49 44.17152 0.15177
59 48.52678 0.18969
72 53.64914 0.22858
87 59.06493 0.28139
106 65.36531 0.34587
128 72.13316 0.47777
155 79.67961 0.72127
188 87.69476 0.91964
227 96.13837 1.01631
275 105.87112 1.01781
333 117.75874 0.86922


11
2 6.28403 0.00076
3 8.45012 0.00239
4 10.35137 0.00396
5 12.05102 0.00581
6 13.58522 0.00830
8 16.27878 0.01437
10 18.60958 0.02208
12 20.68324 0.02946
15 23.44676 0.04017
18 25.90207 0.05037
22 28.83392 0.06369
27 32.11554 0.08331
33 35.65031 0.11143
40 39.36243 0.14453
49 43.63754 0.19548
59 47.89008 0.23390
72 52.86118 0.26962
87 58.07667 0.30070
106 64.04368 0.31906
128 70.44194 0.34138
155 77.63225 0.36756
188 85.30696 0.39868
227 93.42188 0.45243
275 102.92558 0.63354
333 114.54472 1.08284


12
2 6.28179 0.00103
3 8.44258 0.00242
4 10.33368 0.00446
5 12.02207 0.00759
6 13.54322 0.01115
8 16.20658 0.01975
10 18.50293 0.02985
12 20.54101 0.04074
15 23.24893 0.05702
18 25.65513 0.07302
22 28.52629 0.09341
27 31.73769 0.11244
33 35.17868 0.12590
40 38.77600 0.13358
49 42.92086 0.14897
59 47.01651 0.16734
72 51.74203 0.18911
87 56.64958 0.21931
106 62.23666 0.28700
128 68.22466 0.35248
155 74.93298 0.43393
188 82.09297 0.52359
227 89.54616 0.51776
275 98.39291 0.69404
333 110.00926 0.84406


13
2 6.27992 0.00104
3 8.43557 0.00187
4 10.32256 0.00233
5 12.00511 0.00323
6 13.51924 0.00462
8 16.16711 0.00829
10 18.44389 0.01330
12 20.45874 0.01795
15 23.12405 0.02480
18 25.48242 0.03562
22 28.28539 0.05694
27 31.40609 0.08698
33 34.74693 0.11575
40 38.23521 0.15249
49 42.24810 0.19425
59 46.22968 0.22148
72 50.88047 0.24219
87 55.76089 0.26935
106 61.35384 0.34475
128 67.38539 0.40319
155 74.23999 0.45414
188 81.48111 0.46547
227 88.98741 0.48679
275 97.79259 0.61435
333 109.08701 0.80236


14
2 6.27847 0.00039
3 8.43183 0.00118
4 10.31509 0.00271
5 11.99211 0.00422
6 13.49832 0.00590
8 16.12539 0.00980
10 18.37488 0.01456
12 20.35862 0.02010
15 22.97756 0.02989
18 25.28928 0.04189
22 28.03832 0.05648
27 31.10877 0.07169
33 34.37908 0.08289
40 37.77600 0.10348
49 41.69288 0.14070
59 45.56181 0.16214
72 50.08396 0.18597
87 54.80154 0.22874
106 60.16332 0.29637
128 65.84415 0.37992
155 72.16125 0.47622
188 78.89415 0.56007
227 85.89687 0.77363
275 94.38707 1.00361
333 105.00218 1.06601


15
2 6.27717 0.00083
3 8.42452 0.00211
4 10.30136 0.00372
5 11.97177 0.00620
6 13.47237 0.00943
8 16.08378 0.01769
10 18.31478 0.02736
12 20.27782 0.03830
15 22.86041 0.05493
18 25.13162 0.07035
22 27.81516 0.08875
27 30.79082 0.10488
33 33.95521 0.11552
40 37.23304 0.11544
49 40.97749 0.11870
59 44.65307 0.12429
72 48.91744 0.12669
87 53.32723 0.17405
106 58.29435 0.24200
128 63.52771 0.32565
155 69.31776 0.43133
188 75.54189 0.52701
227 81.97489 0.57630
275 90.22221 0.65373
333 101.01468 0.74023


16
2 6.27694 0.00039
3 8.42192 0.00253
4 10.29609 0.00447
5 11.96336 0.00710
6 13.46027 0.00964
8 16.06223 0.01659
10 18.28067 0.02516
12 20.22824 0.03441
15 22.78922 0.04790
18 25.04573 0.06296
22 27.71509 0.08670
27 30.65904 0.11377
33 33.78770 0.13554
40 37.03571 0.15282
49 40.69897 0.17935
59 44.26206 0.21757
72 48.40305 0.25165
87 52.67546 0.30765
106 57.48189 0.37139
128 62.61215 0.45648
155 68.27654 0.55755
188 74.46996 0.71027
227 80.62488 0.83749
275 88.65509 0.87727
333 99.66365 0.94368


17
2 6.27517 0.00062
3 8.41990 0.00137
4 10.29182 0.00319
5 11.95554 0.00568
6 13.44647 0.00910
8 16.03442 0.01861
10 18.23602 0.02736
12 20.16577 0.03335
15 22.69414 0.04027
18 24.91398 0.05223
22 27.53053 0.07837
27 30.41895 0.11264
33 33.48794 0.14976
40 36.67554 0.18729
49 40.28247 0.24008
59 43.81713 0.28210
72 47.93179 0.32788
87 52.14672 0.38086
106 56.88441 0.43732
128 61.92250 0.49215
155 67.48555 0.56984
188 73.34582 0.58523
227 79.19447 0.51484
275 86.87144 0.40711
333 97.63979 0.28031


18
2 6.27531 0.00099
3 8.41775 0.00267
4 10.28524 0.00426
5 11.94368 0.00614
6 13.42812 0.00905
8 16.00307 0.01790
10 18.19102 0.02726
12 20.10674 0.03501
15 22.61126 0.04310
18 24.79748 0.05165
22 27.36338 0.06783
27 30.18403 0.08846
33 33.15696 0.10412
40 36.20844 0.11150
49 39.64534 0.14286
59 42.99937 0.15607
72 46.87131 0.15812
87 50.83348 0.18804
106 55.29702 0.26595
128 60.06032 0.38017
155 65.39992 0.51986
188 71.13850 0.54837
227 76.99331 0.54920
275 84.13161 0.55950
333 95.29829 0.61163


19
2 6.27247 0.00077
3 8.41132 0.00246
4 10.27634 0.00403
5 11.93041 0.00648
6 13.40923 0.01008
8 15.96389 0.02028
10 18.12568 0.03466
12 20.00724 0.05021
15 22.44679 0.06920
18 24.56484 0.08396
22 27.04702 0.10076
27 29.77178 0.12046
33 32.63137 0.13814
40 35.58038 0.15024
49 38.90034 0.18552
59 42.13188 0.22725
72 45.86980 0.26960
87 49.62151 0.33960
106 53.78754 0.40269
128 58.05095 0.49738
155 62.71285 0.61578
188 67.72179 0.72202
227 73.09959 0.72135
275 80.08534 0.81202
333 91.85722 1.02465


20
2 6.27208 0.00171
3 8.40862 0.00348
4 10.26879 0.00549
5 11.91648 0.00770
6 13.38752 0.01064
8 15.92545 0.02036
10 18.06572 0.03444
12 19.92435 0.04946
15 22.33225 0.06880
18 24.41893 0.08498
22 26.84639 0.10507
27 29.48399 0.12652
33 32.23331 0.13836
40 35.06370 0.14019
49 38.23608 0.17195
59 41.29609 0.22273
72 44.80146 0.28677
87 48.32423 0.37562
106 52.20764 0.45213
128 56.26159 0.58481
155 60.67279 0.77047
188 65.34515 0.94530
227 70.32680 0.92639
275 77.18259 1.05442
333 87.88729 0.90912


21
2 6.27088 0.00110
3 8.40347 0.00277
4 10.26095 0.00536
5 11.90586 0.00906
6 13.37365 0.01444
8 15.90351 0.02867
10 18.03651 0.04666
12 19.88844 0.06333
15 22.28384 0.08365
18 24.36396 0.09732
22 26.79696 0.11265
27 29.43242 0.12707
33 32.16561 0.13117
40 34.94546 0.12702
49 38.04567 0.15302
59 41.02141 0.21952
72 44.40774 0.30582
87 47.82949 0.38300
106 51.55925 0.42446
128 55.32927 0.44143
155 59.46935 0.49268
188 63.90009 0.50214
227 68.45906 0.59685
275 74.75310 0.71923
333 85.55428 0.77343


22
2 6.26944 0.00110
3 8.40248 0.00254
4 10.26031 0.00564
5 11.90706 0.01000
6 13.37639 0.01525
8 15.90766 0.02862
10 18.03549 0.04371
12 19.87683 0.05637
15 22.24944 0.06808
18 24.29770 0.07319
22 26.67855 0.07583
27 29.26026 0.07323
33 31.93582 0.06390
40 34.65096 0.06059
49 37.68085 0.06999
59 40.63561 0.09364
72 44.02416 0.15814
87 47.36922 0.23587
106 51.00126 0.29980
128 54.77316 0.39594
155 58.92312 0.48288
188 63.58243 0.55867
227 68.52468 0.59968
275 74.90289 0.65555
333 84.99025 0.46566


23
2 6.26960 0.00124
3 8.40373 0.00280
4 10.26110 0.00546
5 11.90555 0.01017
6 13.37101 0.01680
8 15.89013 0.03349
10 18.00076 0.05174
12 19.82032 0.06885
15 22.15754 0.08793
18 24.16838 0.10086
22 26.50069 0.11487
27 29.01522 0.13218
33 31.61011 0.14418
40 34.22231 0.16420
49 37.11079 0.20612
59 39.90266 0.26562
72 43.11172 0.35995
87 46.28009 0.50538
106 49.78143 0.65748
128 53.40358 0.84965
155 57.33680 1.06421
188 61.54256 1.29636
227 66.14114 1.38065
275 72.34865 1.23817
333 83.07466 1.36622


24
2 6.26946 0.00097
3 8.40093 0.00258
4 10.25588 0.00641
5 11.89689 0.01151
6 13.35797 0.01829
8 15.86502 0.03382
10 17.96393 0.04951
12 19.77096 0.06280
15 22.08657 0.07597
18 24.07563 0.08496
22 26.37959 0.10013
27 28.87249 0.11959
33 31.45421 0.13770
40 34.05106 0.16467
49 36.92283 0.21769
59 39.68826 0.27791
72 42.84650 0.34233
87 45.98029 0.44538
106 49.38316 0.52235
128 52.84858 0.58235
155 56.52908 0.77924
188 60.63702 0.99098
227 65.16172 1.13804
275 71.20789 1.29015
333 81.96681 1.15247


25
2 6.26785 0.00151
3 8.39662 0.00349
4 10.24816 0.00715
5 11.88541 0.01204
6 13.34182 0.01874
8 15.84054 0.03539
10 17.93126 0.05233
12 19.72659 0.06490
15 22.01654 0.07554
18 23.97291 0.08170
22 26.22964 0.09230
27 28.65198 0.11756
33 31.12731 0.14653
40 33.60466 0.16625
49 36.36783 0.19474
59 39.08120 0.21608
72 42.13250 0.26412
87 45.10553 0.37036
106 48.34025 0.49486
128 51.63003 0.63285
155 55.13107 0.79628
188 58.97367 0.99804
227 63.14976 0.99953
275 68.49219 0.83917
333 79.01752 0.18949


26
2 6.26839 0.00142
3 8.39659 0.00397
4 10.24735 0.00840
5 11.88414 0.01404
6 13.34037 0.02111
8 15.83582 0.03635
10 17.91376 0.05026
12 19.69043 0.06029
15 21.94705 0.06604
18 23.86470 0.06354
22 26.06850 0.06107
27 28.43460 0.07580
33 30.84602 0.10281
40 33.23105 0.12968
49 35.85241 0.15010
59 38.41029 0.17269
72 41.28090 0.25107
87 44.09086 0.38387
106 47.02481 0.49738
128 49.97280 0.63582
155 53.06783 0.86871
188 56.52985 1.14297
227 60.45936 1.29630
275 65.84599 1.40908
333 76.35278 1.25102


27
2 6.26635 0.00122
3 8.39165 0.00355
4 10.23727 0.00643
5 11.86524 0.00998
6 13.31157 0.01443
8 15.78232 0.02564
10 17.83451 0.03664
12 19.58775 0.04343
15 21.81226 0.04604
18 23.70608 0.04866
22 25.87731 0.06565
27 28.19458 0.09920
33 30.53387 0.13930
40 32.83531 0.17877
49 35.35154 0.21269
59 37.80035 0.21298
72 40.55673 0.25636
87 43.20231 0.37787
106 46.07156 0.49695
128 48.86787 0.65780
155 51.87672 0.87968
188 55.23808 1.08560
227 59.07787 1.18353
275 64.28831 1.18876
333 74.38710 0.89565


28
2 6.26724 0.00224
3 8.39417 0.00501
4 10.24360 0.01075
5 11.87565 0.01776
6 13.32529 0.02591
8 15.79900 0.04249
10 17.84599 0.05620
12 19.58461 0.06384
15 21.77939 0.06217
18 23.63322 0.05215
22 25.74925 0.04413
27 28.00334 0.06041
33 30.26281 0.08886
40 32.46140 0.12934
49 34.85775 0.16564
59 37.21062 0.14778
72 39.85909 0.15272
87 42.37962 0.24425
106 45.08645 0.31995
128 47.79546 0.44012
155 50.67695 0.71902
188 53.91069 0.97042
227 57.60516 0.97662
275 62.50942 0.90358
333 72.62780 0.45532


29
2 6.26533 0.00208
3 8.38855 0.00431
4 10.23448 0.00796
5 11.86394 0.01242
6 13.31083 0.01810
8 15.77892 0.03147
10 17.81886 0.04316
12 19.55235 0.05031
15 21.73654 0.04804
18 23.58031 0.03665
22 25.68892 0.01753
27 27.93104 0.03764
33 30.18614 0.07678
40 32.36899 0.11738
49 34.71787 0.14061
59 37.03997 0.11640
72 39.63741 0.15799
87 42.06569 0.28957
106 44.63074 0.37248
128 47.13976 0.52305
155 49.78835 0.76872
188 52.76402 0.98891
227 56.51727 1.03548
275 61.17489 1.12621
333 70.92635 1.04059

