0.00365322	73.75454545453977	361.7250548528494
0.00395185	-160.54545454546314	222.09765766945634
0.00425048	296.04545454545587	161.98717372961792
0.00454911	120.29999999998836	133.89673840733354
0.00484773	254.8545454545456	114.62265737096543
0.00514636	196.7545454545325	95.59121299181191
0.00544499	285.2381818181675	86.17200104793966
0.00574362	334.63363636363283	74.11234456032619
0.00604225	124.35818181817922	68.73612512902616
0.00634088	213.4327272727296	59.49551433160305
0.0066395	197.16818181816961	54.258801072849536
0.00693813	189.65272727271895	48.26572410906091
0.00723676	147.96454545454253	44.749795920446054
0.00753539	143.3672727272733	41.47296423169677
0.00783402	281.6363636363576	36.60038943187968
0.00813264	132.88818181817987	34.9018672765525
0.00843127	183.06636363636244	31.435484398110386
0.0087299	199.93272727272597	29.457055553022514
0.00902853	193.24272727273183	27.529258390020935
0.00932716	156.35363636363536	25.231976734281915
0.00962579	203.63454545454715	24.306769256565644
0.00992441	189.0381818181845	22.400468709218142
0.010223	174.71454545454435	21.05843139734901
0.0105217	181.87181818182125	19.840336492545113
0.0108203	180.4519090909082	18.682302295364416
0.0111189	146.33345454545633	17.92263011922579
0.0114176	183.955454545453	16.94602720759233
0.0117162	172.47309090909198	15.96996703420797
0.0120148	184.86727272727535	15.263454653732516
0.0123134	143.73754545454403	14.566802286251935
0.0126121	174.39290909090914	14.003156771994586
0.0129107	163.70172727272802	13.099988564512767
0.0132093	156.08118181818213	12.874415569607727
0.013508	176.2618181818175	12.141647290977176
0.0138066	166.77472727272686	11.664421100555495
0.0141052	137.2022727272713	11.09323515909278
0.0144038	176.81118181818135	10.784834940285632
0.0147025	179.7598181818165	10.466537569021718
0.0150011	172.21190909090978	9.997129082845785
0.0152997	150.8308181818188	9.69304863642996
0.0155984	170.91000000000008	9.185239455980405
0.015897	162.53472727272708	9.023746170842566
0.0161956	147.57463636363696	8.813489807899805
0.0164942	155.36209090909097	8.353289339715225
0.0167929	160.26190909090928	8.259952867887913
0.0170915	160.37899999999922	7.89846836019501
0.0173901	152.34009090909183	7.701898306862649
0.0176888	151.55727272727347	7.5079928484649505
0.0179874	144.6392727272726	7.292940601023105
0.018286	154.72463636363642	7.484820818560412
0.0185846	145.77427272727277	7.214723583145216
0.0188833	161.24409090909154	7.271473659184843
0.0191819	152.98027272727268	7.097375779818579
0.0194805	145.29736363636317	6.8615271747163
0.0197791	143.57027272727294	6.97883272411122
0.0200778	142.58854545454597	6.669462958167765
0.0203764	160.20918181818217	6.68394659497177
0.020675	145.5747272727274	6.579472936341702
0.0209737	139.46600000000018	6.606211229400357
0.0212723	143.8179999999997	6.710268285447324
0.0215709	161.17318181818177	6.564175198148164
0.0218695	126.47300000000001	6.642111256813549
0.0221682	145.49554545454555	6.503493174136534
0.0224668	134.701818181818	6.519006458073637
0.0227654	131.9932727272726	6.5431163292032295
0.0230641	146.22590909090889	6.224539125540019
0.0233627	141.3911818181819	6.129512725821274
0.0236613	149.58309090909125	5.930949900970528
0.0239599	140.68100000000015	5.9081461591575914
0.0242586	142.20154545454562	5.783158400358652
0.0245572	135.3170909090909	5.626709863550974
0.0248558	122.77745454545453	5.580804991837041
0.0251545	135.1411818181819	5.553202957010002
0.0254531	129.2112727272729	5.408315234920456
0.0257517	130.27363636363617	5.373123279762414
0.0260503	139.1756363636364	5.277671520697064
0.026349	130.51672727272717	5.219168638590467
0.0266476	123.63381818181807	5.145096387208195
0.0269462	130.39154545454537	5.044291286965022
0.0272449	129.82590909090916	4.991273875411991
0.0275435	133.98245454545474	5.008049624168298
0.0278421	132.1960909090906	4.823293499452628
0.0281407	121.02100000000007	4.850391653438713
0.0284394	123.51709090909097	4.683931152985873
0.028738	120.38245454545418	4.712856971346512
0.0290366	128.09318181818142	4.697876364107035
0.0293353	131.41427272727242	4.528788465146023
0.0296339	119.96081818181793	4.582616109921356
0.0299325	117.57381818181827	4.450087871635871
0.0302311	127.10781818181786	4.462464568300669
0.0305298	116.06972727272733	4.400339870043041
0.0308284	123.07118181818154	4.360348662224949
0.031127	118.85945454545464	4.383569431753725
0.0314257	125.86963636363635	4.3164916446251524
0.0317243	125.85209090909075	4.271880142533828
0.0320229	115.059090909091	4.213817429670913
0.0323215	113.77063636363644	4.2290326528206155
0.0326202	115.68263636363639	4.25156523629817
0.0329188	112.66999999999996	4.176341188311021
0.0332174	113.12681818181815	4.115694685789442
0.0335161	105.52772727272725	4.1305946204813075
0.0338147	107.85136363636369	4.103529453898532
0.0341133	105.89009090909073	4.112050206185453
0.0344119	107.99600000000041	4.031051913089547
0.0347106	109.56136363636332	4.0291392256199
0.0350092	105.69954545454564	4.025095431547252
0.0353078	99.81072727272718	3.992945869633129
0.0356064	106.41869090909097	3.974460463591895
0.0359051	104.73909090909075	3.909381793316122
0.0362037	101.42854545454512	3.9457812503017204
0.0365023	94.63741818181845	3.9206349513448457
0.036801	100.3950818181822	3.871070455749005
0.0370996	98.07124545454528	3.8565486943878433
0.0373982	100.77125454545467	3.826538041054307
0.0376968	100.14938181818195	3.871034598576935
0.0379955	98.59769999999997	3.787584794837957
0.0382941	97.78749090909102	3.7731101700421013
0.0385927	93.01244545454537	3.7817058771470773
0.0388914	95.38710909090923	3.7666962281411367
0.03919	94.25251818181849	3.762294914977014
0.0394886	90.31060909090883	3.679795503260512
0.0397872	87.24831818181812	3.699396630455907
0.0400859	88.09509090909089	3.705688218570169
0.0403845	92.48111818181812	3.6766740946957492
0.0406831	96.22213636363625	3.6649374531334185
0.0409818	88.69287272727291	3.6369992064151164
0.0412804	83.63706363636368	3.6324781463169065
0.041579	88.2752818181821	3.6155596404856976
0.0418776	87.80860909090876	3.568998841905597
0.0421763	85.35749090909079	3.6781224535769734
0.0424749	88.82819090909109	3.699234674968379
0.0427735	86.8661727272729	3.7697439331482734
0.0430722	83.83065454545473	3.7501871991220015
0.0433708	83.40153636363652	3.7774169050078927
0.0436694	71.9819181818184	3.7752085928011465
0.043968	82.64731818181829	3.8260115307094984
0.0442667	81.84943636363627	3.8371544933128954
0.0445653	83.07772727272734	3.794089607242027
0.0448639	78.93168181818197	3.834529463813098
0.0451626	82.40255454545476	3.839493559698682
0.0454612	84.6527090909089	3.847831947657137
0.0457598	83.72931818181812	3.8383041064236414
0.0460584	79.554990909091	3.860032624808775
0.0463571	77.41713636363642	3.8726417474194004
0.0466557	83.54022727272749	3.868295813950955
0.0469543	76.43745454545439	3.8372828850601293
0.047253	76.83487272727277	3.837937738314162
0.0475516	67.91069090909104	3.8291090003124935
0.0478502	68.78485454545455	3.85207967180376
0.0481488	78.50621818181821	3.808290944250742
0.0484475	70.32984545454568	3.841771835138555
0.0487461	71.95281818181826	3.801816286726616
0.0490447	76.24984545454538	3.792975459649837
0.0493434	63.75618181818183	3.822881602978062
0.049642	68.98673636363654	3.755176971568541
0.0499406	69.46795454545452	3.815459401709382
0.0502392	66.04643636363619	3.782764506878364
0.0505379	65.40910909090911	3.770261857779091
0.0508365	73.13681818181834	3.7538904009050627
0.0511351	69.90414545454556	3.740823494482704
0.0514337	61.35241818181811	3.7509773361553043
0.0517324	58.789700000000096	3.730991398381579
0.052031	65.41438181818165	3.7345080928835674
0.0523296	67.36824545454553	3.7399609984627284
0.0526283	66.2354636363635	3.7194510459559886
0.0529269	72.34441818181836	3.7246301696825883
0.0532255	62.354954545454575	3.7076047615184042
0.0535241	64.08657272727268	3.69708646746381
0.0538228	65.09889090909056	3.6916138385447335
0.0541214	60.24988181818202	3.6954322263129646
0.05442	61.814481818181974	3.684138549881834
0.0547187	61.3709727272726	3.658312083616664
0.0550173	59.37772727272758	3.7053490457296006
0.0553159	62.73444545454552	3.6414433386767353
0.0556145	60.32000000000011	3.678502837076232
0.0559132	59.511554545454715	3.643464414633699
0.0562118	61.67302727272741	3.6248452061532483
0.0565104	61.183054545454496	3.6285045279384214
0.0568091	57.414745454545226	3.6358611383466832
0.0571077	56.64685454545477	3.611401941478812
0.0574063	60.14127272727265	3.6051490328877875
0.0577049	61.485490909090856	3.6221434127248426
0.0580036	50.75788181818197	3.611773712687654
0.0583022	58.410918181818374	3.586402015054234
0.0586008	57.33441818181802	3.595309879405746
0.0588995	50.17190909090914	3.577144349302192
0.0591981	58.276845454545594	3.578575698066251
0.0594967	55.36141818181818	3.587248053188662
0.0597953	53.713263636363706	3.525303917600441
0.060094	51.88239999999993	3.562529390940597
0.0603926	52.51915454545468	3.5562963436143082
0.0606912	53.28489999999988	3.546329716811057
0.0609899	54.63304545454548	3.538516449004767
0.0612885	53.599372727272794	3.5078369732423975
0.0615871	49.84270000000009	3.555139470102178
0.0618857	46.2178636363636	3.510526802817867
0.0621844	47.18407272727262	3.49759357965842
0.062483	43.66741818181808	3.5471257942063676
0.0627816	48.6165454545457	3.456109025762883
0.0630803	51.973936363636284	3.524863850374245
0.0633789	46.43560909090908	3.4809376683049846
0.0636775	45.50288181818203	3.473088075035431
0.0639761	50.62139090909085	3.47780356935542
0.0642748	45.22470909090899	3.4660001062598544
0.0645734	44.356790909090904	3.482961182579654
0.064872	45.03200000000007	3.4332827515312596
0.0651707	44.577990909090914	3.4745485255549595
0.0654693	40.57392727272713	3.449136280800319
0.0657679	49.888972727272716	3.435136064340556
0.0660665	44.50927272727256	3.4469885662124815
0.0663652	46.89142727272724	3.407778343098671
0.0666638	40.31472727272728	3.43241854156034
0.0669624	44.08140000000003	3.4205637091983876
0.067261	41.857436363636396	3.410134556614036
0.0675597	42.972036363636334	3.4415108035657216
0.0678583	41.4437181818181	3.3684707801074505
0.0681569	40.56795454545437	3.409858425511565
0.0684556	45.71429999999978	3.3630703617478606
0.0687542	39.36643636363641	3.407796351597283
0.0690528	40.52973636363646	3.3766091797880216
0.0693514	41.34408181818188	3.3581430020164174
0.0696501	37.90388181818173	3.3908065759364527
0.0699487	39.954136363636366	3.3349570849347048
0.0702473	36.56441818181804	3.371599150414239
0.070546	39.61653636363636	3.34452493003149
0.0708446	31.487918181818344	3.354101893030471
0.0711432	33.77925454545448	3.3466321081850507
0.0714418	33.815481818181894	3.295011821503078
0.0717405	45.039409090909146	3.3697361825556236
0.0720391	37.87117272727272	3.3250290179383866
0.0723377	43.62079999999992	3.3169488001095138
0.0726364	37.43660909090934	3.3253395597233277
0.072935	41.77868181818184	3.2880934823336236
0.0732336	35.2618272727274	3.310383849417024
0.0735322	35.969081818181934	3.2943029188118844
0.0738309	31.550981818181754	3.296257485292376
0.0741295	38.210063636363856	3.293405706236972
0.0744281	37.90701818181816	3.289900851167204
0.0747268	40.31411818181823	3.29216374141735
0.0750254	36.12466363636386	3.2530920439301503
0.075324	34.30424545454514	3.2823324344755473
0.0756226	36.02062727272724	3.268897198833614
0.0759213	30.28331818181826	3.2703774603382074
0.0762199	34.9016909090912	3.2582850813643223
0.0765185	38.22782727272724	3.233238930591976
0.0768172	31.306390909090993	3.2667943282909344
0.0771158	29.9722909090913	3.25141199500316
0.0774144	41.42773636363643	3.229917119123029
0.077713	36.79553636363636	3.2261710635089997
0.0780117	38.93611818181839	3.2039176909423257
0.0783103	28.3056454545455	3.252805256237253
0.0786089	33.10909999999993	3.1970071703478937
0.0789076	37.102490909090875	3.2210243932720233
0.0792062	42.269836363636415	3.2541937504788794
0.0795048	32.81310909090905	3.2191516108199147
0.0798034	35.15299999999982	3.2202836631995124
0.0801021	32.14458181818159	3.157291552919626
0.0804007	28.740045454545395	3.189335652888388
0.0806993	26.41601818181826	3.193815813516773
0.080998	28.592254545454523	3.1800508503550433
0.0812966	28.157000000000068	3.2448660781559244
0.0815952	34.683590909090896	3.2968276656278066
0.0818938	32.54292727272727	3.400727343432803
0.0821925	35.88121818181847	3.3874774411312165
0.0824911	28.61493636363619	3.4436729309684284
0.0827897	26.656954545454568	3.4706295005046144
0.0830883	32.604281818181704	3.461256741063732
0.083387	30.827663636363667	3.5582377919606474
0.0836856	25.742109090909082	3.500396367153125
0.0839842	32.050027272727135	3.5862696893775245
0.0842829	25.60385454545468	3.5506467522697163
0.0845815	31.8221363636367	3.5923655719605128
0.0848801	26.60474545454548	3.571057319189277
0.0851787	28.502045454545595	3.5499328770378167
0.0854774	27.889472727272846	3.6015184817325845
0.085776	24.6023000000001	3.5930007035467644
0.0860746	26.417900000000003	3.629924858273021
0.0863733	33.16725454545448	3.487381611023192
0.0866719	30.22875454545442	3.40871208154579
0.0869705	29.063290909090824	3.3821458151292463
0.0872691	27.39990000000006	3.3302499565561448
0.0875678	32.05309090909111	3.286922116853611
0.0878664	27.533281818181763	3.2443688936229096
0.088165	24.170099999999906	3.2616115337522538
0.0884637	23.597045454545338	3.2203083541575364
0.0887623	27.623045454545547	3.1775272941616475
0.0890609	23.776454545454584	3.210921133648404
0.0893595	26.765900000000045	3.1572519874099942
0.0896582	25.496354545454665	3.193024116743689
0.0899568	24.44406363636361	3.1680835927321627
0.0902554	26.688681818181834	3.154820054443111
0.0905541	29.064827272727314	3.162080063305694
0.0908527	20.574763636363684	3.1287180899191163
0.0911513	24.398209090909262	3.1573152360465757
0.0914499	33.33490909090912	3.13009549915893
0.0917486	26.93689090909089	3.127412235653476
0.0920472	25.287545454545608	3.147133440036986
0.0923458	23.65711818181822	3.0988534217247556
0.0926445	22.620245454545227	3.127327323982532
0.0929431	21.65329090909097	3.0838720827692367
0.0932417	24.046272727272537	3.090968426462251
0.0935403	27.37542727272725	3.1096128859504364
0.093839	30.58694545454543	3.0810429704547526
0.0941376	24.530200000000093	3.102798876370117
0.0944362	24.0076090909092	3.0624637769100698
0.0947349	25.29443636363638	3.0692307524195335
0.0950335	26.5728363636363	3.079893973992878
0.0953321	24.173881818181826	3.054244517692747
0.0956307	25.083081818181654	3.0693197645298986
0.0959294	24.668072727272943	3.030101675034251
0.096228	17.03877272727283	3.060058466128483
0.0965266	19.563590909091033	3.057832817553849
0.0968253	24.812527272727323	3.021194246146603
0.0971239	23.28288181818195	3.050157111264624
0.0974225	26.54095454545427	3.033020589395349
0.0977211	23.78	3.0349673221549405
0.0980198	24.468272727272762	3.008740284790064
0.0983184	22.960427272727486	3.0162410053467914
0.098617	18.092981818181926	3.0262375393349754
0.0989156	22.594054545454583	3.003356963009196
0.0992143	21.201318181818465	3.0149934083002266
0.0995129	26.66491818181811	2.9694689545390167
0.0998115	21.5840727272726	3.0156776956123044
0.10011	22.863599999999877	2.974946553387898
0.100409	25.28260000000003	2.9940293102784716
0.100707	20.47703636363636	2.980128736879377
0.101006	20.00039090909098	2.975217722765672
0.101305	18.561799999999664	2.985258064807719
0.101603	20.883499999999913	2.974376879919368
0.101902	19.172963636363534	2.976838621504836
0.102201	18.215445454545574	2.9542521220667277
0.102499	16.658490909091057	2.955706378500063
0.102798	16.27043636363652	2.9649842755344213
0.103096	22.77555454545464	2.9302677917635647
0.103395	16.8656454545453	2.9478158545806026
0.103694	21.570790909091073	2.949095220384213
0.103992	20.236136363636348	2.936067867545489
0.104291	17.981963636363503	2.952588105726615
0.10459	16.374663636363778	2.9052636097133844
0.104888	18.40618181818172	2.947287054340797
0.105187	16.736945454545378	2.9067669393666296
0.105485	18.38398181818178	2.9214180321505068
0.105784	16.57317272727269	2.926253651496022
0.106083	17.673481818181784	2.900671938116962
0.106381	16.592236363636346	2.9166238119115735
0.10668	21.12179999999981	2.900863175068884
0.106979	16.375672727272672	2.892548732638348
0.107277	18.195290909091	2.908561682174067
0.107576	17.16293636363659	2.900001769211733
0.107874	22.878118181818223	2.8786257416709016
0.108173	16.1623454545456	2.8868242864009073
0.108472	19.295318181818146	2.900494371039089
0.10877	19.731490909090752	2.8758391822049107
0.109069	26.557945454545546	2.8840635767049907
0.109368	13.34136363636361	2.877466585443154
0.109666	18.108218181818216	2.8475357164624593
0.109965	12.028318181818065	2.8822762503069077
0.110264	14.827745454545322	2.8530809687764465
0.110562	18.057272727272533	2.8662705872590415
0.110861	15.875572727272669	2.842701078187843
0.111159	10.126645454545127	2.8522479735833755
0.111458	17.255381818181803	2.8701188702300118
0.111757	22.156200000000155	2.8209760899113707
0.112055	15.409390909090916	2.8474903460907512
0.112354	25.569972727272727	2.834659820689888
0.112653	16.27414545454556	2.841015678770388
0.112951	20.440645454545177	2.839409211268951
0.11325	17.688790909091097	2.8113020743614854
0.113548	19.45461818181812	2.8328411407072767
0.113847	16.46339999999995	2.81865780444496
0.114146	15.122209090909138	2.8214662225985316
0.114444	16.499827272727146	2.8208681306478143
0.114743	13.141981818181847	2.8094546152547952
0.115042	21.44004545454507	2.8044824076558124
0.11534	17.13563636363631	2.8011941852583
0.115639	15.08234545454556	2.8091022635868774
0.115937	19.219300000000175	2.802060532624635
0.116236	18.994572727272754	2.785177723047578
0.116535	12.650054545454452	2.7971183498736725
0.116833	14.261036363636492	2.798217740837064
0.117132	14.327281818181916	2.770483805193349
0.117431	14.129490909090663	2.789067929939555
0.117729	16.501772727272908	2.7794745431746373
0.118028	15.596572727272786	2.782518617501572
0.118326	15.187063636363689	2.770479069832155
0.118625	17.423481818181727	2.767763356138075
0.118924	18.789818181818276	2.772377200757919
0.119222	13.870963636363598	2.76158183124579
0.119521	17.679490909090845	2.760145372744715
0.11982	15.833672727272727	2.755555620006627
0.120118	16.512054545454617	2.761697169379835
0.120417	17.686609090909258	2.7366236850715717
0.120716	21.3051181818183	2.7590629287794317
0.121014	21.046500000000208	2.738534775958914
0.121313	18.1119727272727	2.762472183502181
0.121611	18.06848181818168	2.7360639717836728
0.12191	17.027918181818222	2.7358582322616627
0.122209	16.288063636363432	2.7402993439319534
0.122507	19.096627272727318	2.723160024116234
0.122806	19.548018181818207	2.7297029523564764
0.123105	17.58098181818184	2.732861257522779
0.123403	18.725809090908996	2.7129360740792525
0.123702	16.561999999999983	2.732994104068344
0.124	17.922499999999957	2.7027969954117843
0.124299	13.447509090909193	2.728858603659225
0.124598	10.919818181818073	2.6934364857743436
0.124896	16.920145454545406	2.703133619452963
0.125195	10.01215454545445	2.7300043157203273
0.125494	15.68398181818182	2.6845858909081413
0.125792	15.11704545454549	2.7188760642981484
0.126091	18.090390909090956	2.699176599009152
0.126389	17.97249090909105	2.6868742156745866
0.126688	10.179009090909119	2.798994508832357
0.126987	13.379927272727201	2.799466893343268
0.127285	14.86402727272747	2.8756499953277963
0.127584	13.946181818181884	2.893798343935333
0.127883	16.998454545454535	2.887909577758741
0.128181	14.592881818181809	2.92359516733558
0.12848	10.985872727272863	2.905945281768636
0.128778	14.767554545454402	2.8373852671165722
0.129077	9.506036363636383	2.7991188618525022
0.129376	15.865636363636355	2.7790623913729657
0.129674	15.230509090909123	2.7657372309467787
0.129973	15.853790909091003	2.7743690549712157
0.130272	12.215600000000109	2.783975144798152
0.13057	11.350809090909166	2.748735872394294
0.130869	11.274118181818267	2.768425293951331
0.131168	12.788427272727603	2.73819197420083
0.131466	13.045681818181833	2.7580226881893513
0.131765	12.060254545454399	2.7318735039031043
0.132063	11.08347272727272	2.727169236622659
0.132362	14.693872727272748	2.7311817173465776
0.132661	12.840245454545425	2.710415881875163
0.132959	11.883336363636374	2.7329427646968436
0.133258	10.324836363636365	2.69054806730383
0.133557	12.572936363636558	2.690016168043826
0.133855	14.702836363636322	2.7022727406667713
0.134154	10.835827272727272	2.6564186380950257
0.134452	10.698372727272698	2.6739791700040145
0.134751	10.722754545454336	2.641404294215015
0.13505	12.11486363636368	2.66203623658349
0.135348	11.659245454545442	2.6529326040555117
0.135647	13.049409090908881	2.6322866342832345
0.135946	9.358336363636113	2.6519808325390986
0.136244	14.137136363636245	2.6191050713164046
0.136543	13.654927272727235	2.6452756227102787
0.136841	17.54260909090931	2.638020870257148
0.13714	12.892027272727233	2.627684147019948
0.137439	14.065981818181967	2.6303827820452437
0.137737	11.047427272727077	2.6043280334649914
0.138036	14.345309090909097	2.626566153679054
0.138335	9.244372727272747	2.629346443850153
0.138633	12.700145454545577	2.5982449963794902
0.138932	11.117345454545386	2.6265019047810494
0.13923	14.046727272727253	2.5840585549929402
0.139529	12.841118181818132	2.608927623358641
0.139828	14.610681818181916	2.5947068142056198
0.140126	14.107772727272732	2.607954068390363
0.140425	13.557363636363675	2.612309134823004
0.140724	9.756009090909004	2.582356997016482
0.141022	9.18467272727284	2.596975200139562
0.141321	9.656990909090837	2.5728721571033706
0.141619	9.673863636363649	2.5956708645919817
0.141918	16.467627272727157	2.563143177661586
0.142217	13.154436363636393	2.5916278153012504
0.142515	12.769872727272826	2.5917668612417795
0.142814	9.830536363636497	2.559696206150284
0.143113	10.229054545454517	2.569800103377707
0.143411	9.516845454545404	2.5658676678164847
0.14371	8.5393090909092	2.57054551382836
0.144009	9.726463636363576	2.573954763604585
0.144307	15.380963636363703	2.5618727120293445
0.144606	11.395063636363716	2.6179468240879826
0.144904	13.406309090909332	2.6411053432812333
0.145203	8.605190909090936	2.7009612401183953
0.145502	7.118372727272799	2.743562973613021
0.1458	12.15871818181796	2.752441049009672
0.146099	14.141372727272596	2.769322184209572
0.146398	11.49799999999999	2.7536947511727243
0.146696	13.327490909090898	2.7910938722024086
0.146995	10.626418181818167	2.772916437827929
0.147293	6.150654545454444	2.797943543752593
0.147592	11.62509090909083	2.8253230610083597
0.147891	7.105036363636259	2.7898854492760954
0.148189	4.275772727272624	2.810201915361015
0.148488	8.471418181818109	2.7998293138022285
0.148787	14.543545454545352	2.8244767822576176
0.149085	10.785409090909184	2.8244247837838046
0.149384	14.162399999999877	2.8339751579028083
0.149682	13.058263636363563	2.7885990545060557
0.149981	9.447881818181969	2.694484764514664
0.15028	11.217781818181862	2.6721417381555055
0.150578	16.71485454545447	2.6386222872052842
0.150877	12.73996363636357	2.6225953080099402
0.151176	13.588109090909057	2.6166488278209754
0.151474	11.800345454545322	2.5866559380893546
0.151773	8.700427272727183	2.5944833762763144
0.152071	9.249009090909368	2.562912158348878
0.15237	9.078754545454473	2.574272321338833
0.152669	9.575963636363696	2.5699266407651367
0.152967	11.503245454545379	2.5622375363927183
0.153266	10.26048181818183	2.574917907268823
0.153565	8.450899999999848	2.5497802814732977
0.153863	10.338699999999932	2.5588316535049964
0.154162	8.892636363636228	2.55952992526651
0.154461	11.806954545454573	2.551944682104918
0.154759	5.025190909090753	2.5749471870959226
0.155058	11.665554545454597	2.5414846437641314
0.155356	11.018418181818106	2.5565528679448746
0.155655	7.269390909090987	2.5396730717001406
0.155954	9.222372727272727	2.535506404443751
0.156252	9.755518181818275	2.5446510960200546
0.156551	8.271900000000016	2.524310814412991
0.15685	9.112036363636236	2.547939118116661
0.157148	10.134763636363573	2.509889929246964
0.157447	12.576109090908858	2.525591570798193
0.157745	11.204618181818091	2.507417037694894
0.158044	11.578054545454393	2.5177298428599877
0.158343	9.923936363636443	2.51607073455855
0.158641	6.295290909090738	2.513744493976271
0.15894	5.099363636363705	2.5076284858566114
0.159239	8.619527272727368	2.5002549472040987
0.159537	8.984318181818196	2.504417416433766
0.159836	10.148281818181886	2.507725890217002
0.160134	12.653572727272575	2.483213656146306
0.160433	10.167109090909037	2.5028712391605863
0.160732	10.638209090909214	2.4791514751137904
0.16103	13.112736363636373	2.487909931845636
0.161329	7.159572727272803	2.471306012142009
0.161628	8.401781818181888	2.483996538797678
0.161926	8.717590909090944	2.489215400768279
0.162225	9.470772727272703	2.464264284464902
0.162523	15.419327272727372	2.49085434661379
0.162822	8.084245454545709	2.458716691877192
0.163121	8.154381818181804	2.462659073780879
0.163419	7.07990909090924	2.4852733620512675
0.163718	7.7718090909090165	2.458196939152844
0.164017	7.998999999999796	2.4668827273495246
0.164315	9.539872727272751	2.4482019163281077
0.164614	8.981336363636245	2.458339864065002
0.164913	12.087154545454695	2.4675673638624924
0.165211	7.776018181818216	2.434789721731405
0.16551	8.636254545454563	2.4621505498002043
0.165808	9.495036363636444	2.4427323093652515
0.166107	6.932945454545347	2.449187976600349
0.166406	8.974409090909035	2.436177386363366
0.166704	2.384654545454765	2.4368219531933373
0.167003	10.921100000000195	2.452505844418787
0.167302	8.414881818181925	2.4224370646707785
0.1676	9.44661818181828	2.436020182227083
0.167899	10.594445454545536	2.4296679415700577
0.168197	7.296272727272708	2.4235786242406223
0.168496	8.721045454545617	2.4349119033853417
0.168795	12.281290909090927	2.4086918884332613
0.169093	9.199781818181947	2.422489083628626
0.169392	9.500100000000202	2.420275069796811
0.169691	7.967418181818147	2.4198573057522306
0.169989	6.825900000000047	2.4179653347564836
0.170288	3.078381818181839	2.3997249473999864
0.170586	6.550636363636357	2.4097238584820038
0.170885	7.21952727272722	2.4073035135893015
0.171184	9.999500000000126	2.4173466865614275
0.171482	7.691909090909093	2.39163471241076
0.171781	3.9276363636365375	2.4035298159312593
0.17208	7.341954545454712	2.4120718718922713
0.172378	9.287554545454242	2.380074180323619
0.172677	10.640899999999931	2.3991538864405997
0.172975	8.031936363636305	2.382877858391102
0.173274	8.234409090909054	2.398436610692703
0.173573	7.444399999999973	2.3905674719671612
0.173871	10.658290909090624	2.379896660952523
0.17417	8.083845454545582	2.3860548252839147
0.174469	7.363581818181899	2.3754287681216715
0.174767	10.70640909090912	2.382633570953027
0.175066	9.231627272727252	2.3782810856936427
0.175364	4.976963636363649	2.3734859741973606
0.175663	7.0923181818182	2.383633906956714
0.175962	8.650400000000076	2.3505898389064566
0.17626	4.545436363636384	2.3800437507941687
0.176559	5.59402727272726	2.3618612319929695
0.176858	8.826154545454443	2.365744790295201
0.177156	7.620581818181762	2.3745209771810414
0.177455	7.483845454545417	2.3509888962321583
0.177754	6.837309090909116	2.367545791767739
0.178052	5.600018181818172	2.351490386374781
0.178351	8.64632727272749	2.3558776420168135
0.178649	7.694745454545426	2.3516143968080563
0.178948	8.427945454545522	2.350489175307661
0.179247	8.954936363636392	2.348783740137451
0.179545	7.235409090909144	2.3556262276168916
0.179844	10.673127272727214	2.339429933958866
0.180143	9.210399999999908	2.3431883639346047
0.180441	10.49509999999998	2.3367518347162584
0.18074	8.662463636363782	2.3462029568946234
0.181038	7.613609090908966	2.334214480558641
0.181337	5.716218181818107	2.33023268820453
0.181636	6.4628727272727815	2.3332035639367885
0.181934	6.28339090909094	2.335841275375868
0.182233	3.842300000000307	2.3295173831224854
0.182532	7.551818181818248	2.31713652001404
0.18283	11.705554545454646	2.3407318394303083
0.183129	9.206618181818271	2.3166047708011726
0.183427	4.267836363636377	2.3322466738660648
0.183726	8.810599999999909	2.300350412330997
0.184025	7.971218181818074	2.3227166372264367
0.184323	7.115381818181987	2.328302533315993
0.184622	9.40919090909091	2.30456941016008
0.184921	13.08565454545473	2.3158094179696387
0.185219	7.643290909090723	2.301566896373693
0.185518	8.849790909090842	2.3043916222540863
0.185816	8.477727272727122	2.3126471986560233
0.186115	8.749072727272846	2.288539605423475
0.186414	4.308854545454466	2.3166479394767867
0.186712	13.082136363636323	2.2955061107221817
0.187011	9.599863636363608	2.303325588486892
0.18731	8.729636363636217	2.2923597272276153
0.187608	5.03387272727295	2.2817170990142905
0.187907	7.550872727272662	2.3149578748327686
0.188206	3.7404909090909655	2.2854705329051033
0.188504	10.382299999999987	2.284136267418931
0.188803	9.173881818181826	2.285265870679148
0.189101	2.6389909090910635	2.2835126159837573
0.1894	9.121536363636267	2.3032403362724896
0.189699	5.566063636363765	2.2729743114857928
0.189997	5.813781818181667	2.2800334943486344
0.190296	7.153336363636527	2.2694007175869704
0.190595	7.0390727272727815	2.2762404987888356
0.190893	4.636554545454459	2.274954608980053
0.191192	5.5181272727270425	2.270508771623781
0.19149	7.604245454545406	2.276738425822178
0.191789	3.8349181818182387	2.259313374716641
0.192088	7.34060909090914	2.279141339765834
0.192386	7.118290909090916	2.2518062553092446
0.192685	10.68737272727276	2.2547623538065764
0.192984	7.316599999999909	2.2543656455913537
0.193282	5.02244545454559	2.242360006139724
0.193581	9.554609090909025	2.2690138572677303
0.193879	10.523709090909108	2.239170584776767
0.194178	7.370300000000043	2.2466261347135217
0.194477	7.056936363636197	2.2426341134651633
0.194775	11.3130363636364	2.243972560254041
0.195074	7.504445454545561	2.2397257330048674
0.195373	4.996318181817969	2.2335774876487378
0.195671	6.455699999999922	2.2499806598587253
0.19597	6.770063636363659	2.2363642894884523
0.196268	4.924681818181682	2.2274040085669107
0.196567	5.4646363636364015	2.256364198991297
0.196866	5.00047272727258	2.2212472629572355
0.197164	8.530581818181844	2.24873341586657
0.197463	9.278645454545398	2.2361924127870307
0.197762	7.691227272727303	2.2299502088975345
0.19806	8.792663636363613	2.2380874923390683
0.198359	7.62410909090903	2.216028010892633
0.198658	4.201890909090764	2.243074268757415
0.198956	9.814136363636408	2.2235325711496983
0.199255	7.436445454545435	2.228060488298153
0.199553	3.2259181818180593	2.227756988748847
0.199852	8.53663636363649	2.2165090316910954
0.200151	4.326818181818339	2.222694237731847
0.200449	6.249927272727263	2.2142293782316176
0.200748	9.752581818181909	2.2144352757407253
0.201047	5.022745454545543	2.2246862834709327
0.201345	9.305318181818052	2.2174324077441083
0.201644	4.633509090909058	2.2219397885106056
0.201942	4.630390909090778	2.1987932682834828
0.202241	4.424518181818229	2.214906965162384
0.20254	6.603781818181886	2.2047731347323145
0.202838	7.711845454545454	2.2109896114755627
0.203137	7.0566909090908325	2.200654966094324
0.203436	8.246027272727616	2.209011852346812
0.203734	7.659900000000022	2.2070493936002613
0.204033	7.025263636363519	2.1928307449678615
0.204331	7.4509545454546355	2.199876071533708
0.20463	5.499027272727375	2.1918342000847484
0.204929	6.187545454545216	2.2056269597734532
0.205227	6.507718181818092	2.186485440553008
0.205526	9.764109090909159	2.182649355879188
0.205825	6.1797999999998865	2.1937108735300033
0.206123	0.9410272727274105	2.1981798555261447
0.206422	7.595163636363509	2.1891048953177146
0.20672	5.453263636363488	2.1894163690214623
0.207019	4.9105909090908995	2.1741655389487438
0.207318	8.757254545454458	2.182086184296811
0.207616	9.059172727272653	2.1767267216683366
0.207915	5.045709090909156	2.2122215135137253
0.208214	6.894263636363576	2.2625439765234354
0.208512	1.1089454545455624	2.284114038768545
0.208811	7.250054545454532	2.3068847027505077
0.209109	8.024609090908825	2.308087543750495
0.209408	6.647154545454583	2.3196466635408646
0.209707	6.6049363636359715	2.323972300833371
0.210005	3.017409090909098	2.3305349597604437
0.210304	6.82247272727281	2.347759688060973
0.210603	7.030681818181819	2.334881606416851
0.210901	5.716890909090893	2.343260361159337
0.2112	7.0502454545453475	2.354389821237703
0.211499	7.560327272727108	2.3626896571289553
0.211797	12.106681818181926	2.36680608041769
0.212096	4.282263636363695	2.3608521189594263
0.212394	8.072372727272779	2.372138936474075
0.212693	7.948363636363638	2.360290201725933
0.212992	1.6701272727271999	2.3406915952768146
0.21329	5.2726363636362805	2.269190844867493
0.213589	6.709545454545349	2.269257268700938
0.213888	1.696627272727227	2.2546155272761794
0.214186	7.975690909090787	2.226582532086811
0.214485	5.086500000000029	2.235329213137445
0.214783	6.664636363636163	2.212235765332231
0.215082	8.857245454545364	2.2297892631210043
0.215381	4.97119090909095	2.213448640236207
0.215679	4.472372727272784	2.1978826629033996
0.215978	5.888336363636171	2.2228567096479055
0.216277	5.895072727272606	2.196813619027577
0.216575	7.484600000000086	2.1994583890830963
0.216874	3.7526181818181215	2.1991920400320937
0.217172	7.900627272727263	2.1894969379498046
0.217471	11.341090909090923	2.2049366056609943
0.21777	6.9109000000000265	2.1774152835925604
0.218068	6.9772363636361945	2.1820429937862844
0.218367	4.14227272727274	2.177344071199648
0.218666	6.151872727272831	2.1777866160709562
0.218964	6.659454545454508	2.1921770999245163
0.219263	5.424872727272714	2.160917574027113
0.219561	8.664181818182044	2.1717557985654627
0.21986	5.987881818182075	2.163916747560404
0.220159	4.276072727272577	2.1697455703037076
0.220457	5.120399999999989	2.162043574205778
0.220756	7.7424272727272125	2.1551900758067934
0.221055	10.507809090909177	2.1701313637842774
0.221353	7.805527272727204	2.156541078945462
0.221652	4.481590909091011	2.1585931137981484
0.221951	5.869554545454463	2.147309952505704
0.222249	3.261818181818228	2.1546060520813266
0.222548	7.807672727272887	2.1634831026684034
0.222846	2.0644090909090096	2.1385628009261657
0.223145	4.911890909090886	2.1495007571067912
0.223444	7.437654545454393	2.1360187060468596
0.223742	5.948109090908957	2.1429516000455022
0.224041	5.301136363636374	2.1442018132046248
0.22434	4.609536363636408	2.1316803958455828
0.224638	4.619363636363687	2.137931787570642
0.224937	6.383681818181941	2.1323263467755775
0.225235	4.501799999999889	2.1359437408582114
0.225534	5.285809090909055	2.1276600883659023
0.225833	5.591190909090926	2.123870708349183
0.226131	6.110400000000027	2.1359478649981622
0.22643	7.752627272727324	2.1184449975737603
0.226729	5.042427272726968	2.1268632257586977
0.227027	8.943027272727164	2.1170061989397295
0.227326	3.363327272727048	2.1252347701436842
0.227624	4.679000000000144	2.1226832456096307
0.227923	6.661654545454496	2.1068443998921684
0.228222	13.881336363636194	2.120699463951937
0.22852	5.451363636363737	2.101101649687157
0.228819	5.286445454545401	2.12043563008321
0.229118	4.454890909091063	2.0997222721548354
0.229416	5.282672727272768	2.106785114644784
0.229715	5.5302727272726315	2.109388534273104
0.230013	8.935199999999952	2.098521149991753
0.230312	7.294245454545489	2.1092796237481375
0.230611	6.231154545454416	2.1024993890975225
0.230909	4.226263636363683	2.097916564388239
0.231208	0.6062272727274376	2.1063880590750212
0.231507	5.219709090909248	2.0833642007384365
0.231805	7.31028181818175	2.101377356036211
0.232104	4.901863636363686	2.085800912351753
0.232403	5.585099999999983	2.098172686286341
0.232701	5.8569545454544425	2.0901288381010144
0.233	8.009590909091031	2.0851417462289907
0.233298	10.772645454545255	2.0981434016282483
0.233597	5.257781818181968	2.065625702941337
0.233896	5.340209090909127	2.0925392270143552
0.234194	5.495772727272765	2.0811223871801756
0.234493	1.5912818181818977	2.081137666618769
0.234792	6.188545454545249	2.0821587725832025
0.23509	6.717554545454618	2.062724463304259
0.235389	4.517318181818126	2.085847673815311
0.235687	6.288445454545553	2.0685485431549617
0.235986	4.257854545454762	2.0758090290553355
0.236285	8.646490909090687	2.0763473059604634
0.236583	4.071472727272862	2.0578883009044744
0.236882	4.893700000000081	2.07458448437185
0.237181	7.463554545454372	2.0544421997008326
0.237479	4.531300000000016	2.073391008333436
0.237778	5.027381818181738	2.069112980940807
0.238076	5.3636636363637535	2.058206808670335
0.238375	6.103727272727326	2.0727889881065287
0.238674	5.0728909090911145	2.0402567494600077
0.238972	5.947745454545554	2.0606796537414884
0.239271	5.616263636363783	2.0512824941771277
0.23957	6.103727272727184	2.0585847250779015
0.239868	7.096609090909141	2.0615515777650892
0.240167	6.462690909090725	2.044567602456162
0.240465	3.8442818181817984	2.0511643758410463
0.240764	9.404145454545443	2.039737883780606
0.241063	4.498681818181893	2.0467151908167875
0.241361	4.027290909090908	2.04420535786113
0.24166	0.2297636363636002	2.050308563532459
0.241959	7.358790909091084	2.043623282010204
0.242257	3.7567909090908813	2.0335177747073323
0.242556	3.364427272727255	2.042188056384476
0.242854	4.546500000000009	2.034759614548925
0.243153	5.666899999999941	2.038621239124904
0.243452	5.1026363636363214	2.0428745542244946
0.24375	4.365172727272437	2.017493464331542
0.244049	4.877118181818361	2.0246019568580116
0.244348	5.347627272727209	2.0229332428940516
0.244646	4.4038818181819295	2.024232136394136
0.244945	4.421245454545613	2.02375764743356
0.245244	7.138099999999952	2.0225342931902532
0.245542	5.810627272727373	2.0251955715416803
0.245841	-0.5253090909091895	2.005230406035548
0.246139	5.195654545454289	2.015474288254121
0.246438	2.318209090909278	2.01912438583338
0.246737	5.345318181818186	2.013561071377784
0.247035	5.367745454545627	2.025983191661716
0.247334	4.8405090909089665	1.9975122874972417
0.247633	5.252927272727135	2.0198494879409554
0.247931	3.911072727272682	2.0124273891625517
0.24823	1.9606818181816266	2.01211514804349
0.248528	6.458745454545607	2.020924699613112
0.248827	6.211236363636203	2.002379689739232
0.249126	5.984372727272671	2.015394045068381
0.249424	2.897672727272891	1.9977888943849174
0.249723	5.35913636363631	2.0081101292948147
0.250022	6.9844636363636425	2.0074912385501142
0.25032	6.282109090909245	2.007205454725321
0.250619	8.405081818181657	2.0079814879415965
0.250917	4.903636363636394	1.9984702047649363
0.251216	3.1676454545456068	1.9995361762520418
0.251515	7.093209090909198	1.9994087731831736
0.251813	2.8085454545454525	1.999268052700354
0.252112	5.348772727272575	2.0054117958553555
0.252411	7.4810363636363775	1.9948381390160392
0.252709	6.746345454545519	1.998076819495704
0.253008	6.610536363636328	1.991270201791799
0.253306	4.48991818181824	1.9856266175741124
0.253605	4.680900000000179	1.9882994383152015
0.253904	4.009045454545372	1.9936213227902198
0.254202	3.630563636363604	2.000340301993719
0.254501	2.318454545454358	1.9768619225281374
0.2548	4.369599999999991	1.98888710409627
0.255098	7.978536363636266	1.9762260719044167
0.255397	4.002900000000409	1.9911241302923721
0.255696	2.281163636363601	1.9851487131211325
0.255994	3.9981454545454653	1.969200625651831
0.256293	5.193199999999933	1.986999351547054
0.256591	4.471036363636358	1.9762964620859882
0.25689	5.4421272727270775	1.982616284792166
0.257189	5.464336363636448	1.9819271035446728
0.257487	6.28829090909079	1.9657272442796703
0.257786	3.5618000000002326	1.982106316252826
0.258085	6.109809090909266	1.9650804217528641
0.258383	7.983227272727191	1.9702272711133588
0.258682	6.250018181818149	1.9729624932854148
0.25898	6.13880909090895	1.9556902284083535
0.259279	6.01434545454552	1.9833163862276881
0.259578	3.366500000000201	1.961473899431838
0.259876	4.612681818181841	1.9680924204135353
0.260175	5.552872727272842	1.9637170264730563
0.260474	3.177381818181715	1.966803765812981
0.260772	-0.5458909090909003	1.962870995010225
0.261071	4.353409090909253	1.9514802732505754
0.261369	2.895118181818077	1.9638739105603422
0.261668	1.936990909090639	1.9568176062216995
0.261967	2.9904363636362064	1.9556436048922867
0.262265	3.967827272727078	1.9563684323759056
0.262564	5.202345454545565	1.9461883308622347
0.262863	5.243336363636217	1.961025916524122
0.263161	5.182081818182098	1.9436249434770967
0.26346	2.995854545454506	1.9558042773453577
0.263758	6.244054545454389	1.9474482658906342
0.264057	3.0213909090909397	1.9552034659339357
0.264356	3.790536363636363	1.952017453025133
0.264654	4.843590909090949	1.943315459588155
0.264953	3.3240909090909554	1.9512147367571642
0.265252	5.461136363636143	1.9279109394749003
0.26555	3.1078000000000827	1.9510381205333858
0.265849	4.9169727272726504	1.9412450704844235
0.266148	1.7656818181819744	1.9355452727315852
0.266446	6.543209090908988	1.9420389345071978
0.266745	6.605645454545623	1.9311501449938995
0.267043	5.7018818181816755	1.9436254247346227
0.267342	2.851618181818054	1.9325758946455331
0.267641	5.334690909090938	1.9293491888258871
0.267939	7.382863636363481	1.9462330655728535
0.268238	4.655272727273001	1.9185494334109507
0.268537	2.971518181818311	1.9338929419126172
0.268835	3.4423363636365423	1.925253452698625
0.269134	5.965245454545283	1.9295124266580923
0.269432	5.745963636363456	1.946163546165368
0.269731	3.612990909090854	1.9123187453311927
0.27003	3.267390909091148	1.9286116275107237
0.270328	2.638681818181823	1.9167296868507289
0.270627	4.605363636363506	1.9298150756199737
0.270926	2.167781818181851	1.914806812576184
0.271224	4.648363636363655	1.9531451857908653
0.271523	2.4394636363635414	1.9889496021308906
0.271821	3.910581818181811	1.9983667847439404
0.27212	1.479972727272667	2.01429624309439
0.272419	5.320736363636485	2.0256727860611283
0.272717	4.960445454545663	2.03171581953427
0.273016	3.3167818181819086	2.040811963067366
0.273315	7.17230909090901	2.030399248915938
0.273613	5.237199999999973	2.041991919012173
0.273912	1.5372999999999593	2.0372737766976288
0.27421	2.5706909090908425	2.114769561531193
0.274509	2.9275454545452817	2.157460340664223
0.274808	2.3806818181817846	2.149662703443857
0.275106	6.854609090909065	2.1902739165600265
0.275405	-0.5707363636363993	2.1943002022488267
0.275704	7.481409090909068	2.2360575197659114
0.276002	5.969690909090843	2.2420516643211066
0.276301	6.739345454545571	2.27370750820827
0.276599	4.2096090909093675	2.301000923614411
0.276898	4.575827272727224	2.29638600794702
0.277197	7.329636363636354	2.318066629290727
0.277495	4.525309090909104	2.314922514679126
0.277794	5.6877181818181555	2.342915053247851
0.278093	6.049063636363741	2.365078708344159
0.278391	0.012518181817995355	2.3502443060828875
0.27869	-0.1975909090910477	2.3783882630559634
0.278989	7.84060909090897	2.3653217229383006
0.279287	3.2201909090909453	2.3937167718983474
0.279586	6.177690909090927	2.401803791086717
0.279884	8.117054545454465	2.409293255893759
0.280183	2.4694999999999823	2.420180110698303
0.280482	4.136254545454392	2.411207783687153
0.28078	4.449272727272842	2.436900444458549
0.281079	0.307309090908916	2.43169279820521
0.281378	4.288218181818024	2.452015103056893
0.281676	3.4367727272727677	2.4669644777372866
0.281975	4.525136363636193	2.4656990707951802
0.282273	4.336772727272518	2.4812549907038046
0.282572	4.511036363636549	2.467048300204032
0.282871	3.2806545454545244	2.492440915252772
0.283169	-0.08582727272738566	2.4984611831144274
0.283468	2.2538636363636044	2.514270822853381
0.283767	2.0107727272727516	2.530634580042169
0.284065	7.306372727272787	2.506668644139402
0.284364	7.407463636363616	2.53928495332799
0.284662	6.327790909090822	2.5242386762720037
0.284961	1.730927272727314	2.560993414954333
0.28526	4.827509090909103	2.563094319180556
0.285558	1.226699999999994	2.5473719134339707
0.285857	-1.7794545454543709	2.5996425199479525
0.286156	6.438390909090828	2.5384023746256474
0.286454	4.02684545454548	2.582729755615689
0.286753	2.9930727272726187	2.568944451097413
0.287051	3.4052636363637134	2.567775395248714
0.28735	4.396709090908928	2.609128574401523
0.287649	3.1338727272726885	2.569407294816573
0.287947	0.985136363636343	2.59135317095929
0.288246	4.263090909091147	2.608534855921707
0.288545	5.544309090909252	2.604131729495427
0.288843	1.8848818181818672	2.657669922806478
0.289142	5.898527272727279	2.5937633375423768
0.289441	2.397718181818078	2.6533199478355836
0.289739	6.269854545454621	2.6421167867196753
0.290038	4.028399999999834	2.6355953405547394
0.290336	3.87999999999991	2.6843623373855925
0.290635	9.765518181818322	2.630350969069753
0.290934	2.5576272727275295	2.715889118363029
0.291232	1.7905363636364768	2.6610737538519547
0.291531	1.6208454545456163	2.6798635371180577
0.29183	7.871418181818086	2.6987040654997445
0.292128	6.360290909091049	2.6963466015792554
0.292427	6.559136363636355	2.727954570968103
0.292725	2.467372727272732	2.713065851498528
0.293024	5.588281818181713	2.7094934930670824
0.293323	2.4203818181818804	2.7391366522171494
0.293621	6.363018181818489	2.7322370072502133
0.29392	4.032081818181723	2.769159849181574
0.294219	6.724581818182003	2.7366034236235603
0.294517	3.683963636363501	2.75452222473995
0.294816	2.4348181818183434	2.7793647962457713
0.295114	7.2634636363639515	2.7664208623900954
0.295413	8.256963636363821	2.7992634101373133
0.295712	3.1090090909090407	2.7803143949283604
0.29601	2.360400000000027	2.811243777838711
0.296309	3.595545454545288	2.8066681347793536
0.296608	3.5442727272726415	2.80446129126144
0.296906	3.5174272727272182	2.8444130391469837
0.297205	7.6586454545454785	2.8233728709713817
0.297503	2.459909090909065	2.831001790512028
0.297802	7.436372727272698	2.8498880155730117
0.298101	5.311172727272577	2.8387203486356083
0.298399	8.24039090909082	2.879194789352055
0.298698	3.8133272727273493	2.854349826088935
0.298997	6.523872727272675	2.881046547479547
0.299295	-2.1071454545455026	2.8587570841642678
0.299594	0.44403636363654186	2.89143952890667
0.299893	0.2944636363635311	2.880309793623312
0.300191	7.3035909090909	2.8929164822337765
0.30049	7.010490909090947	2.8827391231754342
0.300788	7.86379090909108	2.9089226737954577
0.301087	-0.4093545454543346	2.9217202786185874
0.301386	7.461690909091061	2.8977440459725
0.301684	-0.929063636363594	2.9430708388186004
0.301983	4.777381818181823	2.9128284051330495
0.302282	0.26616363636350115	2.956482293005806
0.30258	3.439700000000272	2.9550623894613404
0.302879	3.469872727272758	2.9364671774102487
0.303177	10.5908363636361	2.9822696611098425
0.303476	4.326345454545617	2.9520171871393104
0.303775	3.1295909090908935	2.998659545300328
0.304073	4.26380909090895	2.9801006113390685
0.304372	12.790681818181895	2.957581498548349
0.304671	1.4322636363635866	3.047795519292193
0.304969	6.109063636363743	2.989176780974141
0.305268	-0.6586636363634568	3.054349289766354
0.305566	5.36619999999985	2.9939356597938245
0.305865	4.1471363636364345	3.0171124607546442
0.306164	7.692345454545659	3.090128784968673
0.306462	1.921999999999997	3.0102629333071036
0.306761	4.310072727272853	3.1006033641533093
0.30706	3.0942545454546178	3.0407816750716945
0.307358	1.1206181818180028	3.0727282504656945
0.307657	6.655863636363648	3.1034786027010455
0.307955	1.2966181818183031	3.055329555321531
0.308254	3.8161909090908352	3.1510303480289985
0.308553	0.3645818181817617	3.073180698637831
0.308851	6.709736363636409	3.1236794367512215
0.30915	5.915200000000027	3.1221330429320853
0.309449	0.23782727272731563	3.117700565337562
0.309747	1.467481818181966	3.1829015854582665
0.310046	1.090645454545438	3.092409231080912
0.310344	1.8891909090909564	3.154786475148528
0.310643	-0.04167272727272575	3.1418385007988143
0.310942	7.184136363636355	3.130282048970892
0.31124	3.122836363636452	3.1862438687955508
0.311539	5.704681818181712	3.095911087830129
0.311838	6.388063636363626	3.1650096319057996
0.312136	5.39974545454541	3.138577707464478
0.312435	7.749018181818315	3.194413367720928
0.312734	3.312463636363674	3.157052158433284
0.313032	8.349954545454494	3.1635325999785744
0.313331	0.8997818181818218	3.2174378370907473
0.313629	6.050500000000056	3.1565119796827763
0.313928	2.225936363636407	3.2492108888794755
0.314227	4.968254545454869	3.208303462562614
0.314525	2.2405727272725073	3.2122663195223895
0.314824	6.623090909090905	3.2684083547698424
0.315123	5.811018181818355	3.195236177706511
0.315421	4.173681818182047	3.286237588914523
0.31572	1.6082363636364505	3.244957502310556
0.316018	16.357909090909146	3.2717796532958054
0.316317	4.41867272727265	3.2875604344127947
0.316616	2.3163999999999874	3.2704145570869803
0.316914	1.0587272727272534	3.344503605784579
0.317213	4.725536363636138	3.2534613234969023
0.317512	-1.9517999999999347	3.3268827865437616
0.31781	-2.0558636363637106	3.31594341364369
0.318109	5.6426909090909305	3.3228490003636315
0.318407	1.5632090909089413	3.3845270003939576
0.318706	1.456736363636253	3.287900666756041
0.319005	5.891672727272663	3.3963426162912036
0.319303	2.968754545454715	3.3445112222311497
0.319602	6.021527272727383	3.381765009788318
0.319901	2.9838363636365273	3.4360481651271884
0.320199	3.338709090909049	3.3388239229222707
0.320498	2.5361545454546786	3.432860440721072
0.320796	1.3183181818182277	3.399842571467588
0.321095	0.49357272727277746	3.4348895117490197
0.321394	-3.350799999999907	3.4395145623944856
0.321692	5.899609090909195	3.4299263430575024
0.321991	6.129745454545343	3.5037347414169853
0.32229	4.826563636363517	3.4170068437617362
0.322588	3.5660454545455877	3.499128176455322
0.322887	9.12356363636377	3.4530228596414236
0.323186	4.099709090909016	3.5015592657940275
0.323484	6.169909090909158	3.5553466245610443
0.323783	6.907499999999942	3.451723631837055
0.324081	9.822281818181864	3.55314638921149
0.32438	5.4349545454547865	3.507923474664217
0.324679	7.922090909091111	3.553163374416379
0.324977	-1.9505454545455336	3.582699780804124
0.325276	-2.4178818181819395	3.5278676284688175
0.325575	1.331872727272696	3.6337353579262492
0.325873	2.2302000000000533	3.537274732356543
0.326172	-0.4812727272727102	3.617003438969038
0.32647	1.39248181818175	3.6191897378616384
0.326769	-4.173445454545401	3.6149842747164476
0.327068	6.57150909090916	3.6739026667538734
0.327366	-0.8381090909091427	3.58221953355394
0.327665	3.8573909090906966	3.6774199829417444
0.327964	5.033163636363724	3.664774813554321
0.328262	7.243836363636547	3.6758633867689716
0.328561	8.08969999999988	3.726872260571566
0.328859	4.132290909090983	3.6620120660858184
0.329158	3.540254545454644	3.7535305351222528
0.329457	5.4340454545454975	3.6803506310405205
0.329755	2.491418181817977	3.747321537732733
0.330054	7.472481818182075	3.754890591377386
0.330353	2.5958909090910254	3.746207859928528
0.330651	4.863672727272785	3.8203100459806323
0.33095	1.1672909090910366	3.7294362748260994
0.331248	2.5283090909091754	3.824724769771297
0.331547	-1.5493181818182222	3.785638006631895
0.331846	3.5522363636364673	3.81946229522856
0.332144	2.089754545454525	3.900900222926759
0.332443	-4.505899999999912	3.773875731331624
0.332742	-3.056609090909035	3.914215633276969
0.33304	-6.098854545454486	3.8262468199159443
0.333339	0.49392727272717707	3.898594881533111
0.333637	-1.6431818181816027	3.917178520397318
0.333936	2.3738272727273113	3.8897356880573746
0.334235	-2.040990909090823	3.976168869728198
0.334533	6.5112090909090625	3.873495776021208
0.334832	1.219390909090805	3.980532905369997
0.335131	3.336427272727036	3.9500671479047202
0.335429	4.994336363636336	3.9733016021103977
0.335728	6.144890909091174	4.068895743149277
0.336027	4.471536363636517	3.9203861558047235
0.336325	-0.16593636363623432	4.079148765756843
0.336624	16.55350909090913	3.999226984749822
0.336922	1.2483363636363265	4.075297483777993
0.337221	-0.31007272727279656	4.113986091945661
0.33752	0.17286363636387136	4.025638087433001
0.337818	-0.7974727272727478	4.153053925004004
0.338117	2.2072636363635922	4.042311596740679
0.338416	17.966109090909015	4.157825841373096
0.338714	-2.046654545454345	4.118186203374959
0.339013	6.327099999999746	4.147990090462604
0.339311	3.090890909090973	4.251454562238473
0.33961	0.44522727272735096	4.119143199241301
0.339909	-5.924227272727194	4.247351253344995
0.340207	1.2845181818181572	4.181786025306344
0.340506	2.1655636363638564	4.2594141148921345
0.340805	5.636281818181885	4.331238054495972
0.341103	-0.8912909090909693	4.168648572157409
0.341402	-0.16826363636340602	4.369896317032671
0.3417	6.256172727272684	4.222964051337886
0.341999	-2.1389909090908077	4.352616977178763
0.342298	6.55906363636376	4.339796974425253
0.342596	10.9296181818182	4.325322006273046
0.342895	6.168700000000058	4.4752228742891855
0.343194	-1.3786363636366161	4.2813188384953555
0.343492	-3.8188909090908396	4.48465129790452
0.343791	2.733890909090775	4.387866540930591
0.344089	-0.24647272727250424	4.428755149668084
0.344388	0.949163636363437	4.542218628640024
0.344687	8.380554545454544	4.281260063338344
0.344985	7.48558181818197	4.5217655858640144
0.345284	0.56082727272738	4.354225273762
0.345583	8.368354545454793	4.463854060774452
0.345881	2.918854545454508	4.482138175614862
0.34618	7.370263636363603	4.366433946564774
0.346479	3.430163636363517	4.5095509482152165
0.346777	2.8419545454543993	4.3851913983859
0.347076	5.924763636363792	4.498439897043188
0.347374	8.779054545454699	4.477744985561352
0.347673	0.18821818181805838	4.4673501310057055
0.347972	3.015572727272655	4.628843115356701
0.34827	1.9627000000002681	4.452543530773141
0.348569	2.616600000000062	4.601598786897175
0.348868	12.241372727272903	4.520358178255054
0.349166	3.6553090909090713	4.618615817210474
0.349465	2.8430545454544642	4.741841323061736
0.349763	4.614945454545563	4.497222582210745
0.350062	-0.30217272727270483	4.769563067051685
0.350361	1.113009090909003	4.5631389442611825
0.350659	0.3879090909092042	4.7659795453633995
0.350958	6.7564909090909	4.706817791731076
0.351257	-2.5823545454545638	4.725028428193198
0.351555	-0.1560181818183537	4.901263120834894
0.351854	1.4317545454547087	4.650367042169364
0.352152	-5.554754545454017	4.922306310986181
0.352451	7.010036363636516	4.756725781236344
0.35275	1.499154545454644	4.876588428250204
0.353048	-3.4091181818182292	5.053660290051702
0.353347	5.2204181818183315	4.739215911445341
0.353646	4.2207000000000505	5.046008035922641
0.353944	1.7184363636363287	4.8262966263898095
0.354243	-1.4275272727272181	5.035380560159996
0.354541	3.231545454545426	5.034983250386348
0.35484	-2.82685454545458	4.9553785245625654
0.355139	-3.193109090909161	5.1745537579361445
0.355437	7.541445454545368	4.919125409163555
0.355736	8.15415454545473	5.22872207168537
0.356035	1.59198181818212	5.061129792711741
0.356333	-4.347354545454749	5.176972294902137
0.356632	5.628536363636414	5.337656898099631
0.356931	0.7268545454545006	5.046591719401872
0.357229	9.466336363636287	5.348175663624865
0.357528	-0.649336363636337	5.17776722549665
0.357826	0.6296818181816377	5.359614938744887
0.358125	-2.39190000000022	5.451956585706389
0.358424	-2.5773272727273877	5.178551450168328
0.358722	-1.1194090909090448	5.584699617119116
0.359021	7.624863636363699	5.27693155122713
0.35932	4.638981818181662	5.567205689267869
0.359618	1.0904181818182224	5.4912764138851085
0.359917	-0.5006090909090233	5.46570037952817
0.360215	5.802599999999956	5.772356948192576
0.360514	3.024345454545312	5.384406623716519
0.360813	5.317390909090989	5.743530757916443
0.361111	-2.5123818181820923	5.569504006986589
0.36141	6.359390909090905	5.737190086905791
0.361709	-2.2135000000000105	6.005054363561011
0.362007	-1.2312363636362988	5.5063320274945635
0.362306	-5.4256090909090915	5.977907659738509
0.362604	9.951145454545554	5.700547047317636
0.362903	4.343099999999964	5.986034097515015
0.363202	-2.413863636363658	5.991959375700803
0.3635	1.0264272727273749	5.893393579653829
0.363799	-11.631363636363687	6.258757774407919
0.364098	-6.486000000000018	5.804226755962752
0.364396	1.1249818181816806	6.296486066488209
0.364695	10.506209090909238	6.047694861060427
0.364993	12.325345454545555	6.217583298213074
0.365292	1.641000000000048	6.587648926018942
0.365591	13.952745454545692	5.956478495930236
0.365889	3.1355454545456496	6.579227262935498
0.366188	-5.82083636363663	6.227157919071406
0.366487	6.321127272727125	6.516274519028594
0.366785	-6.007690909090826	6.649315000235267
0.367084	8.046154545454556	6.350106832283471
0.367382	8.039818181817964	6.925625530095573
0.367681	-11.679009090909034	6.368195285462757
0.36798	-3.7746181818182833	6.875633865185218
0.368278	-1.01288181818191	6.748708931403469
0.368577	15.006445454545343	6.805062303424933
0.368876	-8.665645454545512	7.371293691841974
0.369174	-13.914563636363653	6.542639903164357
0.369473	2.986627272727418	7.380444425751515
0.369772	4.235663636363398	6.836516535022222
0.37007	9.25754545454538	7.360982552315344
0.370369	7.388527272727146	7.741358352484359
0.370667	-6.874436363636391	6.813333293347358
0.370966	-1.9852909090907644	7.79462737943698
0.371265	-2.945863636363697	7.188942697585318
0.371563	15.89903636363644	7.740346300380657
0.371862	-1.5739181818182146	7.7444085606252155
0.372161	-13.73991818181807	7.517295693155971
0.372459	3.1457272727271857	8.504105364862518
0.372758	14.890509090909063	7.313722536089548
0.373056	-4.497045454545656	8.459073552107249
0.373355	8.524090909090916	7.889682945294512
0.373654	-7.037336363636513	8.204688769718938
0.373952	-6.475418181818071	9.281551377584933
0.374251	21.223690909091033	7.588651185152778
0.37455	-13.461409090908916	9.301550039377291
0.374848	0.009018181818163384	8.1745128973005
0.375147	-1.9771999999998968	9.140369026079803
0.375445	-0.24333636363635947	9.18041180748009
0.375744	3.2224909090908227	8.636164483472065
0.376043	8.681281818181787	10.274572393244032
0.376341	-1.8452090909092078	8.433307613981775
0.37664	-6.594881818182046	10.413403714963582
0.376939	-7.932436363636555	9.447000287349471
0.377237	-0.5740545454546009	9.993264503710975
0.377536	1.5859727272727753	11.695264519391513
0.377834	-2.5273363636364365	9.005374378501948
0.378133	-19.30021818181828	11.957613558029955
0.378432	-12.706490909090888	9.766832367802836
0.37873	2.5725909090911614	11.721031493726661
0.379029	17.88729999999987	12.503824305639256
0.379328	14.582427272727188	10.257155989112396
0.379626	-4.662754545454533	14.186626998075214
0.379925	2.651218181818251	10.55973290582768
0.380224	1.2174272727270363	14.468988621743303
0.380522	7.343781818181867	12.123385241630334
0.380821	-20.492200000000054	13.949213272195173
0.381119	7.395863636363487	16.680907021468666
0.381418	-18.575545454545477	12.30936409913043
0.381717	-14.676554545454508	18.154454636680228
0.382015	22.485827272727192	13.492615383913675
0.382314	10.387345454545596	20.1160317234649
0.382613	-10.997663636363626	20.777278719485224
0.382911	14.708400000000097	15.70751391643163
0.38321	0.	0.
0.383508	5.94280909090898	18.55947575259238