0.00365322	-1126.3707317073568	441.4344173815879
0.00395185	-379.86829268284055	281.05888568367095
0.00425048	-427.42048780488403	219.16685603009907
0.00454911	-439.500487804944	181.1295584051689
0.00484773	-312.0721951219093	156.21747508830498
0.00514636	-298.5902439025085	130.59386413934368
0.00544499	-106.90536585369045	117.70265068476505
0.00574362	50.25951219511626	100.91020625956858
0.00604225	26.147317073173326	92.93650115187472
0.00634088	87.70829268290981	80.42594138494054
0.0066395	153.08585365854015	73.32876959617762
0.00693813	161.45756097562298	65.00085080818909
0.00723676	119.03902439023113	59.945104118642746
0.00753539	25.881951219525945	55.28190441314827
0.00783402	106.4857560975679	48.781084936087126
0.00813264	89.66663414633786	46.27356235630167
0.00843127	166.40643902439024	41.51842420958222
0.0087299	133.71219512195694	38.796252675298334
0.00902853	131.28165853658174	36.14452981104463
0.00932716	194.69375609756753	33.05931809964717
0.00962579	183.16292682926587	31.705552651404354
0.00992441	137.44029268292252	29.11186372642508
0.010223	176.38448780487352	27.223673494182968
0.0105217	145.9326829268275	25.611891358771494
0.0108203	152.32234146341398	24.041570584115945
0.0111189	144.34536585365777	23.013847061202757
0.0114176	136.78790243902313	21.668975870295846
0.0117162	131.080780487805	20.350771559420803
0.0120148	128.11014634146204	19.42568675002972
0.0123134	148.80956097561125	18.46727181603808
0.0126121	162.2779512195143	17.746731364981848
0.0129107	142.56019512195053	16.579468693588204
0.0132093	136.57990243902418	16.277193664352946
0.013508	140.1043902439028	15.333842334552026
0.0138066	149.2188292682954	14.710626335167312
0.0141052	161.9778536585386	13.950516585925962
0.0144038	107.32175609756041	13.530560349425617
0.0147025	139.28370731707446	13.131663597880799
0.0150011	149.21502439024607	12.515458634294186
0.0152997	127.33297560975416	12.11157525664105
0.0155984	131.39668292682927	11.489401412701937
0.015897	116.53912195122018	11.262281985277804
0.0161956	131.90204878048633	10.974667749470356
0.0164942	111.34897560975787	10.410702363429461
0.0167929	110.83371707317042	10.291215664157242
0.0170915	118.10628292683191	9.856625402574311
0.0173901	111.58289756097645	9.60452748314822
0.0176888	111.19922926829304	9.38312481177303
0.0179874	117.71474146341575	9.105278720826362
0.018286	111.68790243902265	9.343669318297916
0.0185846	126.382253658536	8.989009213781761
0.0188833	107.42073170731715	9.064862767668515
0.0191819	103.36326829268273	8.85036144801036
0.0194805	110.85188292682801	8.563264565431108
0.0197791	100.08569756097586	8.71885304946815
0.0200778	100.47271219512254	8.345618647600864
0.0203764	95.77022439024233	8.359555354576308
0.020675	94.63174634146242	8.239973878882088
0.0209737	109.30095609756279	8.240280549388693
0.0212723	102.01723902439028	8.392747263657206
0.0215709	92.92868292682954	8.190165493286933
0.0218695	102.79942439024524	8.31643968041449
0.0221682	95.13852682926824	8.153305011574373
0.0224668	95.59476097561031	8.159578761502466
0.0227654	83.07311219512087	8.187260352485598
0.0230641	84.11230243902395	7.801324826787603
0.0233627	100.2214926829268	7.696716324925552
0.0236613	78.90931707317066	7.4459977032078575
0.0239599	89.99813658536596	7.434295363446014
0.0242586	83.19781463414586	7.278202421381308
0.0245572	78.89342439024404	7.078962571370781
0.0248558	73.21676097561067	7.0171267407569795
0.0251545	68.23680000000024	6.992629261215887
0.0254531	81.34657560975569	6.843219047926835
0.0257517	86.53706341463362	6.777485368750309
0.0260503	67.25262439024448	6.65273930094767
0.026349	81.28922926829262	6.602034129304213
0.0266476	78.76630243902412	6.509643103770401
0.0269462	72.46707317073174	6.393253154656496
0.0272449	71.44450731707366	6.333107743952357
0.0275435	58.21970731707353	6.365057251476124
0.0278421	58.70992195121971	6.136741165675627
0.0281407	71.66518048780517	6.15683276574837
0.0284394	79.7418146341468	5.9556793996201165
0.028738	70.29935609756023	6.001029707617049
0.0290366	54.32288780487795	5.983407700660437
0.0293353	80.271404878049	5.759234261595055
0.0296339	70.75520975609749	5.847364843997886
0.0299325	62.08529756097562	5.6720905218609765
0.0302311	60.899521951220095	5.691511897559436
0.0305298	63.16970731707357	5.614823620309756
0.0308284	54.08009756097471	5.5531891008647225
0.031127	58.228692682926635	5.590774319717306
0.0314257	51.672731707317325	5.527567884927802
0.0317243	53.64699512195102	5.462588899917316
0.0320229	54.18195121951271	5.382584712261692
0.0323215	63.639590243903115	5.404559148948332
0.0326202	56.42540487804837	5.436292439296238
0.0329188	57.635726829267924	5.349225507018041
0.0332174	58.876331707317036	5.259447562113504
0.0335161	49.345648780488034	5.290450574570861
0.0338147	53.27994146341439	5.2506282065966206
0.0341133	65.22733658536623	5.273306532429337
0.0344119	52.89053658536659	5.165698118095623
0.0347106	54.47905365853643	5.152856084359664
0.0350092	52.22788292682935	5.171048206955778
0.0353078	45.66334634146301	5.125060671491032
0.0356064	56.09563902439078	5.106899671776404
0.0359051	43.31295609756182	5.016455992617526
0.0362037	50.18413658536588	5.056617453301651
0.0365023	51.52808780487817	5.034753734981638
0.036801	41.74025365853623	4.96813345950273
0.0370996	44.01300487804917	4.963179454637258
0.0373982	43.68400975609745	4.908004611387739
0.0376968	47.674458536586144	4.969549844409374
0.0379955	41.973678048779846	4.872280526052146
0.0382941	41.01468292682938	4.848243508986864
0.0385927	49.77115121951243	4.859912515625969
0.0388914	46.08665365853767	4.84398661956374
0.03919	44.359570731707265	4.858905591767355
0.0394886	38.13886829268313	4.728937349776182
0.0397872	33.49703414634092	4.743790769422854
0.0400859	51.53550243902487	4.7763502239793425
0.0403845	36.3105756097562	4.7291234522298415
0.0406831	39.46430243902398	4.724054580878666
0.0409818	42.215521951218875	4.687827116568087
0.0412804	34.38970731707286	4.68653441707932
0.041579	31.988936585366332	4.654790332281672
0.0418776	30.13942439024447	4.604956254048958
0.0421763	33.884614634147	4.733886619589639
0.0424749	33.09450731707301	4.767446624658111
0.0427735	39.78292682926792	4.866051912276073
0.0430722	32.70433170731678	4.837215153155191
0.0433708	27.5150048780489	4.872028116186907
0.0436694	21.148478048779964	4.869867266683043
0.043968	35.060800000000256	4.9479411995488505
0.0442667	41.593443902438594	4.943977243292141
0.0445653	37.48177560975563	4.891285858232647
0.0448639	35.41176585365861	4.950709281926365
0.0451626	28.849531707317908	4.943304839341099
0.0454612	30.96190243902413	4.966815885244186
0.0457598	40.171902439024905	4.95003878392594
0.0460584	24.97653658536592	4.984185895600465
0.0463571	29.301014634145872	4.98950705611416
0.0466557	38.225297560975946	4.997772393148276
0.0469543	20.492175609756202	4.96112670689764
0.047253	37.008643902439076	4.945999447775228
0.0475516	29.24614634146309	4.954808337518891
0.0478502	29.648829268293184	4.98182382496838
0.0481488	31.661131707317054	4.926451389363641
0.0484475	26.911551219512262	4.967351939852272
0.0487461	36.83149268292681	4.920129798167723
0.0490447	30.966497560975483	4.908926704921373
0.0493434	26.013453658535752	4.947770696454243
0.049642	26.710370731707087	4.855173606332657
0.0499406	37.4099902439022	4.935271409138139
0.0502392	31.695297560975746	4.8925883507341625
0.0505379	27.067482926829314	4.882326960426128
0.0508365	28.279931707317303	4.8693890319406234
0.0511351	19.912721951220078	4.846601903640423
0.0514337	27.3376878048785	4.852753843941952
0.0517324	20.947814634146482	4.836673065544499
0.052031	27.16270243902443	4.837713097608348
0.0523296	24.775668292683406	4.847360375240459
0.0526283	24.82920975609744	4.822945746642068
0.0529269	27.615843902438826	4.843229284762337
0.0532255	27.791414634146747	4.814936072863203
0.0535241	22.332234146341534	4.799461016772234
0.0538228	27.53343414634088	4.787957983547331
0.0541214	20.510175609755947	4.7990107355508
0.05442	30.243365853658872	4.784622543211761
0.0547187	24.473160975609858	4.759125110718443
0.0550173	28.958565853658058	4.815224961238924
0.0553159	26.10054634146394	4.733724585617664
0.0556145	25.39133658536599	4.780015748504263
0.0559132	28.68241951219545	4.739185319933997
0.0562118	23.735385365854142	4.722049652891478
0.0565104	31.81704390243908	4.7213866773714575
0.0568091	20.17615609756149	4.728848032379983
0.0571077	23.813434146341024	4.707154487163498
0.0574063	21.208829268292675	4.701665912292676
0.0577049	27.386887804878484	4.720990172088441
0.0580036	24.47150243902456	4.699303807975338
0.0583022	25.033063414634285	4.665754599214579
0.0586008	29.01634146341479	4.684846283598899
0.0588995	23.81674146341453	4.660717191133787
0.0591981	14.27815609756152	4.6591494203750905
0.0594967	17.662039024389742	4.683825793237909
0.0597953	23.778146341463753	4.605795666822456
0.060094	18.11289756097608	4.648874761737773
0.0603926	22.28048780487711	4.648059895277028
0.0606912	20.53185365853693	4.641679821380967
0.0609899	25.71510243902452	4.618535152217021
0.0612885	18.96645853658555	4.576538616408663
0.0615871	28.70549268292649	4.646380220517199
0.0618857	21.316068292683497	4.582629799524964
0.0621844	15.614819512194344	4.571088125075878
0.062483	24.424878048780556	4.626216793948804
0.0627816	17.889092682926844	4.521086770003555
0.0630803	15.397590243902926	4.613167294361139
0.0633789	20.814536585365886	4.548802975498379
0.0636775	22.839034146340964	4.541093500031396
0.0639761	16.584780487805233	4.538677869948172
0.0642748	22.505551219512085	4.545877698472816
0.0645734	16.684780487804574	4.5561809096351125
0.064872	17.842780487805214	4.505330734181283
0.0651707	16.807931707317323	4.534027276652093
0.0654693	12.919385365854055	4.5164934156236916
0.0657679	23.77898536585377	4.505861569727786
0.0660665	23.386848780488094	4.510097866871725
0.0663652	16.25768780487789	4.4637124244751405
0.0666638	8.779853658536183	4.495468168043261
0.0669624	16.398019512195106	4.475788985249524
0.067261	10.389121951219522	4.470745596356415
0.0675597	9.063014634146214	4.5056533510179415
0.0678583	18.67212682926862	4.422029540465539
0.0681569	15.252575609755468	4.467554483979606
0.0684556	19.604965853658598	4.40990622321089
0.0687542	16.404653658537143	4.469290863027675
0.0690528	20.279795121950883	4.422360340722103
0.0693514	17.59344390243882	4.409714212081496
0.0696501	25.098429268292648	4.445278466591699
0.0699487	11.72734634146309	4.3797012757207865
0.0702473	22.32174634146304	4.431571135790055
0.070546	15.987873170731746	4.397144114006855
0.0708446	8.507424390243727	4.399696347261669
0.0711432	16.80040975609785	4.386012668383857
0.0714418	6.019268292682511	4.329441426868033
0.0717405	16.91421463414656	4.4182165645822575
0.0720391	19.908517073171197	4.358000607389972
0.0723377	27.13373658536625	4.355470866673567
0.0726364	14.125824390243338	4.367293591826197
0.072935	13.193639024389938	4.320283265762349
0.0732336	16.896897560975503	4.343329782667829
0.0735322	18.303609756097785	4.332015901938412
0.0738309	15.627931707317373	4.322508102023988
0.0741295	16.026058536585595	4.320416920909847
0.0744281	18.891765853658455	4.317757637495835
0.0747268	6.427473170731446	4.3216621157159905
0.0750254	15.503560975610071	4.268092669650208
0.075324	14.824360975609636	4.314920611325853
0.0756226	11.904273170731301	4.292080851263675
0.0759213	13.531258536585256	4.296045022315386
0.0762199	24.537346341463717	4.281100428157573
0.0765185	17.760282926829518	4.234334224882331
0.0768172	13.821082926829149	4.287213327082391
0.0771158	20.587278048780888	4.26275671028071
0.0774144	22.24882926829281	4.23944296501655
0.077713	23.530946341463164	4.248722660555798
0.0780117	18.514682926829664	4.208180981498086
0.0783103	11.883765853658588	4.2673515719018
0.0786089	11.23077073170748	4.190308200481125
0.0789076	19.34257560975567	4.2346344792142085
0.0792062	23.99465365853672	4.25129964450575
0.0795048	22.046868292683257	4.238367908636053
0.0798034	15.497560975609872	4.233991794870113
0.0801021	17.987697560975562	4.151837586568889
0.0804007	22.242692682927157	4.199401153447387
0.0806993	15.267980487804778	4.195909591834491
0.080998	6.574965853658341	4.178997427281979
0.0812966	14.857609756097645	4.261902410092876
0.0815952	18.25954146341502	4.3402164543465345
0.0818938	15.477795121950919	4.461826915172431
0.0821925	12.835824390244	4.442062065559029
0.0824911	12.990624390243681	4.521977014231094
0.0827897	13.946136585365991	4.5588801079627315
0.0830883	15.592243902438554	4.558152857489016
0.083387	13.305531707317186	4.680324504819274
0.0836856	18.21198048780417	4.595916625050011
0.0839842	4.744809756097368	4.702724068889148
0.0842829	11.404078048780661	4.683395237800844
0.0845815	13.822663414634064	4.718550733743437
0.0848801	18.037141463414912	4.683171647497683
0.0851787	8.879317073170796	4.652369224839728
0.0854774	15.945463414634276	4.735755781600838
0.085776	10.220887804878203	4.721008207775662
0.0860746	12.851590243903104	4.764292944330974
0.0863733	12.486956097560835	4.579687598982547
0.0866719	10.99080975609752	4.47999403777679
0.0869705	13.205795121951382	4.4587460453418455
0.0872691	13.561336585366632	4.383324005531898
0.0875678	17.49220487804962	4.327792254892529
0.0878664	16.78794146341488	4.273807519010251
0.088165	18.948643902439244	4.2915949162807685
0.0884637	12.575863414634512	4.239907583795594
0.0887623	9.206360975609584	4.1781185246439385
0.0890609	16.924409756096566	4.229815159593676
0.0893595	10.788136585366317	4.16062293311879
0.0896582	15.230975609756285	4.215672972435256
0.0899568	9.541307317072949	4.170095577510654
0.0902554	15.839434146341489	4.153356352118843
0.0905541	11.177951219511897	4.165693209199293
0.0908527	14.053434146341601	4.115727050918236
0.0911513	8.073824390243942	4.154867829418805
0.0914499	9.245785365853578	4.114599976668535
0.0917486	10.025317073170186	4.119226882989905
0.0920472	5.713229268292537	4.1524822241327675
0.0923458	9.826995121951825	4.0746863342364765
0.0926445	13.419307317072935	4.115431911947537
0.0929431	12.651687804878406	4.068512010933842
0.0932417	11.035814634145709	4.078147535156424
0.0935403	14.697170731707274	4.097957114615344
0.093839	15.0936390243902	4.057401785519488
0.0941376	6.852653658536951	4.092361852061733
0.0944362	10.360331707316277	4.0355799787032245
0.0947349	17.629356097560844	4.049761543451423
0.0950335	5.0415414634144895	4.0658298404630155
0.0953321	10.253697560975752	4.025163946020679
0.0956307	15.024517073170784	4.046000311159167
0.0959294	13.057951219512631	4.0002503575077855
0.096228	13.750126829268368	4.036666378155093
0.0965266	11.007307317073298	4.032177112031942
0.0968253	13.117239024390415	3.9822117961327317
0.0971239	10.364468292682716	4.020398352305833
0.0974225	5.637356097561224	3.99344607336674
0.0977211	19.075004878048958	3.9988367813541177
0.0980198	19.09872195121949	3.96858043185405
0.0983184	8.953346341463373	3.977348165156422
0.098617	8.24892682926901	3.9908853019895063
0.0989156	11.024995121950951	3.9702778200769777
0.0992143	9.798907317073144	3.974533486434457
0.0995129	11.608595121951737	3.9131174520211207
0.0998115	8.16952195121928	3.977837305125687
0.10011	9.556956097560771	3.926535808519494
0.100409	3.934234146340998	3.9527929292553354
0.100707	12.381775609756573	3.932365665053133
0.101006	5.12898536585368	3.920265628127451
0.101305	13.37405853658538	3.9412811366472833
0.101603	5.9415902439027946	3.9194250916108353
0.101902	16.7511707317081	3.9227734568379633
0.102201	10.354409756098164	3.9018221607780497
0.102499	13.495882926829665	3.895688732497028
0.102798	10.889121951219636	3.90931317148942
0.103096	15.316282926829672	3.8684290741586
0.103395	5.6007999999999925	3.8947623448383704
0.103694	6.236770731707111	3.886345910756969
0.103992	10.958243902439335	3.8769292980259014
0.104291	8.386790243902453	3.8939669941388377
0.10459	11.041863414634463	3.834285540690475
0.104888	15.255385365853442	3.894687922931624
0.105187	13.947785365854486	3.8377889561008316
0.105485	6.774829268292422	3.8620428387581898
0.105784	10.813453658536218	3.8605367137064817
0.106083	6.101385365853673	3.824662496083005
0.106381	4.651424390244188	3.852415976316181
0.10668	5.558399999999608	3.8336287484908933
0.106979	10.041024390243933	3.82489849427254
0.107277	8.764575609756093	3.838156338670804
0.107576	13.770751219512363	3.8281900123386303
0.107874	10.867248780487841	3.8043140162560114
0.108173	16.415297560975546	3.8089858492085926
0.108472	10.619102439024175	3.8316711791492892
0.10877	8.46759024390252	3.801676308391854
0.109069	10.147073170731176	3.8031645020186176
0.109368	10.492029268292526	3.803511766460413
0.109666	1.8520390243901375	3.7582563381929326
0.109965	9.296409756097717	3.8072144081433223
0.110264	15.868039024389589	3.763158148080392
0.110562	11.611863414634627	3.781402738611
0.110861	10.127960975610506	3.7574218781429023
0.111159	6.7950439024386355	3.7700967055230987
0.111458	13.253921951220207	3.786865989900981
0.111757	14.451590243902785	3.728746066555422
0.112055	11.404097560975117	3.7625243747179526
0.112354	6.0633268292676235	3.7420757151302038
0.112653	8.507678048781031	3.748829157555087
0.112951	10.333814634145995	3.7529185223721466
0.11325	11.608790243903115	3.7208331875070773
0.113548	6.423795121951343	3.7502631312646124
0.113847	5.115531707317018	3.720635729920146
0.114146	10.25780487804866	3.7311494757301804
0.114444	10.327707317073305	3.7269354538007384
0.114743	12.183336585366078	3.7152337566259
0.115042	11.588097560975825	3.704951699660527
0.11534	12.601307317073065	3.7035677199958754
0.115639	11.172819512194678	3.7137279528957263
0.115937	7.750741463414954	3.706365257366931
0.116236	8.194409756097798	3.684701749516118
0.116535	6.014829268292772	3.6984033090026602
0.116833	11.574292682926455	3.7060248470889716
0.117132	13.120195121951213	3.6630472971663557
0.117431	6.073853658536734	3.6843725423418565
0.117729	9.79862439024373	3.672941671920809
0.118028	6.428039024390557	3.679259575889068
0.118326	8.978507317073365	3.6675846922561766
0.118625	9.212614634146234	3.6555657844114693
0.118924	8.474458536585985	3.668716538264241
0.119222	10.034195121951086	3.656465771845089
0.119521	11.04080975609719	3.6530901787973953
0.11982	8.749999999999716	3.650688118946825
0.120118	3.2503999999991606	3.6490790951171643
0.120417	4.574887804878358	3.6234651394894795
0.120716	9.535541463415314	3.652997826280094
0.121014	8.750565853657974	3.6199906160646256
0.121313	9.21423414634205	3.6509429817021237
0.121611	6.394439024390408	3.615779264665164
0.12191	3.8755317073164974	3.614711713491583
0.122209	10.226887804878118	3.625944181935524
0.122507	2.80991219512174	3.5999925583212793
0.122806	15.534185365854114	3.608584368130474
0.123105	8.58078048780527	3.6140782053596228
0.123403	8.039697560975299	3.59711273941146
0.123702	7.795326829268845	3.6145961510121447
0.124	13.750595121951505	3.578160422667805
0.124299	10.12996097560972	3.6082751103442052
0.124598	5.631921951219567	3.5693110748142804
0.124896	10.025463414634146	3.5770033750645847
0.125195	5.038487804878287	3.60708259880306
0.125494	9.259326829268275	3.5494988999681314
0.125792	6.204526829268104	3.6000211615115782
0.126091	15.6719902439022	3.565294370174062
0.126389	9.471990243902724	3.557872917130214
0.126688	15.178975609756264	3.708246400527843
0.126987	13.219892682926968	3.7073759562096535
0.127285	10.21867317073145	3.799075133082692
0.127584	11.708653658536718	3.8291225875132575
0.127883	9.895580487804807	3.8259805444894566
0.128181	7.586975609756337	3.8713403090803773
0.12848	9.274790243902942	3.849686698096377
0.128778	13.912409756097759	3.75394933024155
0.129077	10.689424390243403	3.7038455560796817
0.129376	12.014975609756391	3.6771189942630675
0.129674	8.707570731707222	3.6603755269372877
0.129973	3.1312195121950026	3.6652073469851025
0.130272	5.030136585365881	3.686259188815254
0.13057	7.2652487804873545	3.6431995566216386
0.130869	12.47141463414664	3.662523986774049
0.131168	12.228936585365489	3.6234894169629013
0.131466	6.069999999999993	3.6542950490234216
0.131765	12.148439024390711	3.6132223347306196
0.132063	10.995590243902598	3.611739060924015
0.132362	9.729551219512018	3.6157902660439154
0.132661	6.338663414634027	3.588123621401019
0.132959	11.59158048780455	3.613215219208831
0.133258	12.34570731707322	3.565899403557382
0.133557	6.323531707316761	3.5622377112830987
0.133855	5.404243902438566	3.5758175112975694
0.134154	6.827824390243791	3.5211226322605036
0.134452	20.499863414634092	3.544023180930812
0.134751	9.717443902439413	3.5012646124330926
0.13505	10.133902439023927	3.530061687592969
0.135348	6.331131707316899	3.514748799185229
0.135647	9.213960975610007	3.484037085842267
0.135946	6.125443902438974	3.515153335755985
0.136244	3.5045073170726937	3.4718640616451824
0.136543	9.77367804878071	3.5001429340043684
0.136841	3.102692682927568	3.489221469206794
0.13714	7.445756097560263	3.4776852804756193
0.137439	4.149999999999352	3.4837179662167084
0.137737	7.922770731707658	3.4488476468765334
0.138036	13.395356097560978	3.48337257264059
0.138335	11.171541463414485	3.4817534576553824
0.138633	9.78663414634184	3.4439025996445194
0.138932	8.179482926828996	3.486136881803845
0.13923	7.051209756097592	3.4263731412678515
0.139529	5.1556487804879225	3.456834947189127
0.139828	6.088331707317423	3.4382379373152028
0.140126	15.738156097561102	3.4557250548680014
0.140425	0.8447317073171234	3.4627601077322208
0.140724	2.9319317073165507	3.4234265516840927
0.141022	14.170214634146134	3.443040893345235
0.141321	8.691843902438734	3.4117005568548993
0.141619	8.423239024390341	3.4430662044178657
0.141918	7.717492682926945	3.3976151773535657
0.142217	9.918351219511976	3.4369005705224853
0.142515	14.896253658536551	3.4329901361875588
0.142814	10.463600000000213	3.3893092310852375
0.143113	2.4815414634136346	3.4095447236039456
0.143411	9.825180487804346	3.401015963195286
0.14371	8.598975609755541	3.408775534595565
0.144009	3.5633463414640687	3.409179810581647
0.144307	6.499697560975619	3.3921995395052247
0.144606	8.751726829268875	3.4738045055007754
0.144904	6.479287804878595	3.4988118649697886
0.145203	3.6195512195112656	3.5826233268591032
0.145502	3.9685853658534143	3.636078361827612
0.1458	5.693678048780839	3.645841661913784
0.146099	5.874868292682294	3.6655112355616075
0.146398	0.33620487804853383	3.644411559686587
0.146696	5.035375609756443	3.6983685887471096
0.146995	4.573629268293189	3.6706083248678607
0.147293	11.121131707317318	3.704054222585362
0.147592	-0.39311219512171647	3.7465148631537892
0.147891	6.137463414634112	3.706427305054377
0.148189	10.610878048780137	3.719889186396472
0.148488	9.479658536585305	3.7128907580145287
0.148787	8.248731707317347	3.7376013647677278
0.149085	10.303073170731238	3.741976736096475
0.149384	11.874439024389858	3.7531959860075803
0.149682	12.76039024390272	3.6905940921644924
0.149981	5.959404878048531	3.5715046318211203
0.15028	9.185834146340994	3.546861051458681
0.150578	7.795756097560513	3.5033805397265114
0.150877	8.264682926829323	3.4729241897972205
0.151176	9.074712195122459	3.4687071062748287
0.151474	2.6608292682925594	3.4342197659161022
0.151773	1.7147512195117542	3.4445829640682475
0.152071	8.144068292682789	3.396303921660201
0.15237	5.8593951219521045	3.4118928885205477
0.152669	4.4614926829265755	3.406529142840175
0.152967	11.785200000000202	3.402565462159507
0.153266	6.208156097561357	3.4156159552041854
0.153565	8.089434146341716	3.382337095927147
0.153863	4.341004878048125	3.3965575173119014
0.154162	5.401873170731903	3.3969427123482063
0.154461	7.390897560975986	3.3869280730733387
0.154759	8.781004878048293	3.412099421063516
0.155058	6.239717073170539	3.3712663434505394
0.155356	5.422175609756152	3.3929549442928666
0.155655	2.972243902439118	3.363914942684029
0.155954	4.908058536585429	3.3646304337874784
0.156252	10.305492682926314	3.37040896916863
0.156551	7.855190243902825	3.3472233367397792
0.15685	0.6418048780486174	3.378783271699033
0.157148	10.967258536585263	3.3292541974084653
0.157447	4.218458536585388	3.350085583908382
0.157745	12.172604878049214	3.3315708246361937
0.158044	11.108380487804794	3.346651861894512
0.158343	5.319970731707144	3.3362352046510124
0.158641	8.23899512195112	3.3332029513443038
0.15894	15.127434146341301	3.321791279619905
0.159239	9.219307317073344	3.315098543768162
0.159537	5.783356097560954	3.326030654566165
0.159836	15.461307317073647	3.329657827444794
0.160134	4.784643902439427	3.292999941256811
0.160433	8.088136585366215	3.319235626777328
0.160732	12.165268292682185	3.297001102819181
0.16103	3.5649560975606676	3.3009147328250386
0.161329	1.886068292683376	3.283747686574008
0.161628	4.1143219512198925	3.2985667873994373
0.161926	9.246595121951344	3.3079417283702073
0.162225	6.303814634146221	3.2738276065860763
0.162523	5.259219512195159	3.3008434594033003
0.162822	3.8486341463413964	3.26092104725916
0.163121	5.772741463414519	3.2615777400909893
0.163419	2.721609756097223	3.297271060393317
0.163718	0.8789170731699869	3.261278327598421
0.164017	12.094663414634255	3.272337324885916
0.164315	3.3571121951212035	3.254282589340373
0.164614	4.446165853658215	3.2620217992144958
0.164913	4.569960975609746	3.2726170669340604
0.165211	3.9487219512196248	3.2329069192709547
0.16551	5.617453658536817	3.2669322440031507
0.165808	-1.6106829268295542	3.2435960548785543
0.166107	8.58730731707297	3.2515036801132795
0.166406	8.871726829268596	3.2262998701733943
0.166704	6.037385365853822	3.2383017565606997
0.167003	11.700458536585785	3.2619985619370473
0.167302	9.268224390243915	3.215347845425377
0.1676	7.502429268293156	3.229659364733561
0.167899	5.74650731707365	3.226387425002417
0.168197	6.571073170731978	3.223304563916667
0.168496	7.264195121951218	3.2299321090716813
0.168795	5.876809756097998	3.2030783273511174
0.169093	5.529190243902491	3.2138928986412827
0.169392	9.442624390243424	3.2124912581521863
0.169691	5.825804878048189	3.211231723147938
0.169989	4.866868292683364	3.2098420351228634
0.170288	13.253824390244091	3.1861436658719455
0.170586	1.5485658536580615	3.1958597296526445
0.170885	4.32172682926776	3.1965813014391498
0.171184	9.77336585365805	3.205839543073478
0.171482	0.21746341463426688	3.180311559450046
0.171781	5.169697560975379	3.1924013101413133
0.17208	5.06131707317067	3.20440396503285
0.172378	6.802907317073021	3.16057611454263
0.172677	5.820165853657926	3.180418348689631
0.172975	5.978809756097405	3.1669159229807105
0.173274	8.01081951219544	3.190946548404426
0.173573	8.133795121950982	3.173955473298788
0.173871	11.46780487804861	3.1588235108707603
0.17417	2.549473170731744	3.172504729942669
0.174469	8.317765853658727	3.15334395506969
0.174767	6.480692682927014	3.1654716182075724
0.175066	6.081356097560473	3.1607277137252536
0.175364	3.953814634146653	3.155139539734103
0.175663	7.359482926829628	3.1627652083240947
0.175962	2.6310243902433683	3.1247731969970953
0.17626	11.047317073170007	3.157185152253443
0.176559	5.051229268292872	3.1361446752686457
0.176858	11.093785365853535	3.1434950752984325
0.177156	3.732292682927465	3.154530693795649
0.177455	2.628897560976071	3.121539739571486
0.177754	12.268282926829102	3.138309576698303
0.178052	7.763853658536561	3.123827574988214
0.178351	3.187356097561036	3.128096652314964
0.178649	4.008097560975443	3.125952705517871
0.178948	9.110380487805259	3.122792429949607
0.179247	6.382321951219723	3.125897693458196
0.179545	8.827609756097985	3.1289034110069025
0.179844	8.161600000000107	3.1052777119128
0.180143	5.832839024389216	3.1090492465861743
0.180441	7.141219512195107	3.107547413164584
0.18074	13.585512195121652	3.1222581297720255
0.181038	7.472468292682777	3.104431067417866
0.181337	7.984029268292261	3.095028451472055
0.181636	6.977346341463573	3.100236940893066
0.181934	5.732390243902188	3.105258102707333
0.182233	4.378253658536266	3.0971453550293706
0.182532	3.680234146341661	3.079246569460369
0.18283	7.10994146341406	3.110619698175322
0.183129	8.911443902438947	3.0815017432847798
0.183427	3.648878048780091	3.0981571811457624
0.183726	12.925834146341941	3.058716767355709
0.184025	1.3682341463412229	3.0913594551682397
0.184323	4.86047804878055	3.0960932396545298
0.184622	7.687287804877769	3.065620668294648
0.184921	7.079336585365894	3.0832145628408423
0.185219	5.882507317073475	3.0656081482124122
0.185518	8.574731707317085	3.067697762602105
0.185816	5.8506634146340275	3.075976767132178
0.186115	4.317882926829668	3.0444332967929006
0.186414	5.912039024390765	3.0810530795290143
0.186712	5.793219512195691	3.0501513657935075
0.187011	5.270487804878314	3.0585564993124157
0.18731	9.86784390243912	3.0469952058912426
0.187608	9.551863414634028	3.0357699579260764
0.187907	8.365990243902388	3.0796863014966975
0.188206	4.93282926829238	3.0377922421162595
0.188504	8.918565853658436	3.0400414106999216
0.188803	7.128819512195292	3.0421389478643084
0.189101	10.350995121950746	3.037871777633681
0.1894	12.225873170731774	3.0626944627269177
0.189699	10.097843902439791	3.0254310758276914
0.189997	3.1548390243906965	3.0297885900388515
0.190296	2.7715999999996654	3.0175179484535155
0.190595	5.704400000000049	3.030210862290188
0.190893	7.731678048780708	3.028160496404853
0.191192	9.35449756097583	3.022180653999981
0.19149	4.56404878048744	3.028004069605252
0.191789	-2.123053658536378	3.0056723130590965
0.192088	6.623170731707688	3.03262009312669
0.192386	6.7365756097564145	3.0011929819458
0.192685	1.402936585365353	3.002222135744465
0.192984	7.83535609756143	3.000445193742741
0.193282	8.668819512195824	2.9864856613249957
0.193581	11.370058536585503	3.0138528289915123
0.193879	0.20007804878019897	2.9785299372504337
0.194178	7.701551219511771	2.9924793928547437
0.194477	13.352107317073916	2.9877523603231744
0.194775	4.555131707317628	2.9881394679855027
0.195074	7.632146341462942	2.9822938006695283
0.195373	10.360009756098094	2.971929544738729
0.195671	4.898156097560786	2.9899370949577797
0.19597	6.365658536585244	2.9790593989265983
0.196268	5.996673170731555	2.966659855169267
0.196567	6.907385365853571	3.006133340854541
0.196866	6.865619512195735	2.9573903311129324
0.197164	5.479541463414819	2.994962924606854
0.197463	0.5374731707323122	2.97975161458354
0.197762	4.585375609755431	2.9680437017887646
0.19806	3.892965853658268	2.9822948982137483
0.198359	7.035551219511547	2.9515736997578528
0.198658	7.486995121951594	2.9876256938649544
0.198956	6.607278048779932	2.9573297713510085
0.199255	4.165843902439406	2.9696126010257506
0.199553	8.705229268293095	2.964116017415124
0.199852	0.5546341463417548	2.954220256195979
0.200151	5.233346341463232	2.96410070292453
0.200449	5.52270243902413	2.9460509742636405
0.200748	5.731648780487717	2.949529265755065
0.201047	8.205902439024584	2.9634627186280427
0.201345	5.174897560975609	2.952606234935618
0.201644	4.939258536585527	2.9574789761166285
0.201942	9.510507317073262	2.9309600633869346
0.202241	3.603053658536055	2.9536765510946212
0.20254	5.510390243902208	2.9341515654226575
0.202838	8.476351219511429	2.945164959849713
0.203137	4.443151219511918	2.9306405718952226
0.203436	2.0481658536586167	2.938061861276309
0.203734	2.863521951219923	2.9382671928411646
0.204033	9.886487804877362	2.922237143300306
0.204331	8.129336585365934	2.932673719307848
0.20463	6.366458536585782	2.919698783184783
0.204929	4.528243902439328	2.9372960899753213
0.205227	5.195141463415069	2.9182852393811154
0.205526	5.927024390243361	2.9112724998627835
0.205825	1.0646146341466078	2.9230959084685466
0.206123	8.38051707317149	2.9266267184154806
0.206422	9.117297560975572	2.920660084403729
0.20672	10.689726829268409	2.9191112962350676
0.207019	9.455512195121543	2.90050447396458
0.207318	10.446887804877889	2.9068956802298453
0.207616	4.3034829268292185	2.9005108642682496
0.207915	4.392536585366145	2.9548168812535236
0.208214	9.473463414634296	3.016081708120061
0.208512	11.457541463415453	3.0465797566806723
0.208811	6.754751219512372	3.075906503175707
0.209109	5.299375609756254	3.077855012072763
0.209408	10.63792195121934	3.092544201218084
0.209707	2.4519609756097793	3.099348509870117
0.210005	7.39913170731711	3.1021123141060576
0.210304	4.764653658536844	3.1287462354915867
0.210603	9.659239024389734	3.1140886937365746
0.210901	3.4914341463411347	3.1235221374225053
0.2112	9.132478048780683	3.1342317532221626
0.211499	4.103834146341256	3.149728151002635
0.211797	5.7716292682926	3.152437537969761
0.212096	4.852360975609145	3.1470942991838586
0.212394	5.771248780487923	3.162710371950157
0.212693	11.791863414634207	3.1465661050289317
0.212992	6.2331121951220325	3.1251386494997164
0.21329	7.665404878048747	3.0258980246935927
0.213589	2.7371902439020346	3.0227548640106687
0.213888	5.04239024390273	3.003892455785171
0.214186	3.5387512195117665	2.9702278447953394
0.214485	4.672556097560943	2.981653178011523
0.214783	3.6226048780488895	2.949419816301202
0.215082	9.566907317073259	2.976101540876328
0.215381	0.790370731707668	2.9567619856964775
0.215679	11.922995121951487	2.9323808268470635
0.215978	8.96706341463414	2.964112480307844
0.216277	7.444839024390433	2.9312231631435766
0.216575	8.300458536584756	2.933939262989638
0.216874	-3.1726829268296797	2.931424789391012
0.217172	3.0849756097561	2.921482574260334
0.217471	6.485853658536769	2.9458622879613445
0.21777	3.004868292683227	2.907987517408076
0.218068	1.4144097560972568	2.9128708513572072
0.218367	4.533863414633856	2.910012035415437
0.218666	-0.15274146341539563	2.9056839433590396
0.218964	11.98156097560954	2.9202853252924377
0.219263	4.71853658536574	2.8824172531028145
0.219561	2.0094048780484286	2.9013705738061764
0.21986	8.306087804878217	2.8898701612231643
0.220159	6.038468292683206	2.903639241241324
0.220457	10.217492682926377	2.8937904762919557
0.220756	3.669726829268427	2.876985001537104
0.221055	3.481970731706525	2.8962650882125334
0.221353	6.294312195121989	2.8794844585329473
0.221652	8.722107317073267	2.882144923179813
0.221951	8.03227317073123	2.8679066445302492
0.222249	7.068117073170157	2.8779617909622712
0.222548	2.6899512195126363	2.8894932423400284
0.222846	4.149092682926323	2.8567686267966206
0.223145	7.529639024390207	2.86912856888963
0.223444	7.426429268292196	2.8512176957701074
0.223742	8.080868292682908	2.8619960859746567
0.224041	7.410517073170411	2.8641258743681175
0.22434	-0.4001365853660843	2.846193809193362
0.224638	9.554214634146234	2.8562411456930716
0.224937	4.141629268292633	2.845368202741673
0.225235	8.751473170731572	2.8566251946278927
0.225534	9.23975609756127	2.8410955552362456
0.225833	4.764536585365846	2.8387341055329984
0.226131	6.868243902439133	2.8557693684599923
0.22643	2.4658731707316406	2.8287478683413276
0.226729	8.286370731707251	2.843319320061787
0.227027	7.313053658536575	2.8264226395068337
0.227326	6.4912195121945615	2.840049927174759
0.227624	2.3279317073169636	2.832901097267168
0.227923	2.2926731707319448	2.816386824292408
0.228222	10.20677073170745	2.8357726070703886
0.22852	4.593639024389802	2.8076505996552727
0.228819	5.409775609756053	2.8344658765882444
0.229118	5.671892682926227	2.805765976652413
0.229416	10.033180487804714	2.814595762582913
0.229715	1.5585756097560477	2.820686859496565
0.230013	9.327043902438561	2.8042655993216954
0.230312	7.697356097561112	2.8196922459436164
0.230611	7.129882926829936	2.8095127303117575
0.230909	5.472253658536346	2.805291225925469
0.231208	6.9084682926830965	2.816288019855326
0.231507	7.500429268292805	2.7854139379074585
0.231805	3.3851707317074897	2.806530729003636
0.232104	7.274419512195038	2.78738541197343
0.232403	6.491151219511835	2.80459947219388
0.232701	6.74741463414648	2.794102837926205
0.233	7.65645853658512	2.787423938628865
0.233298	4.120419512194928	2.8082589955325084
0.233597	3.672214634146087	2.7635419277010556
0.233896	3.695492682927153	2.8004644377093566
0.234194	4.646673170731788	2.7833181047826203
0.234493	8.9659219512194	2.782596701353685
0.234792	10.524878048780408	2.7850720144836516
0.23509	-0.04534634146381222	2.759564452132838
0.235389	5.418087804878127	2.7879756163071168
0.235687	-1.24905365853607	2.770178858087688
0.235986	9.488487804878503	2.7757454761803007
0.236285	7.33223414634125	2.775468052064146
0.236583	5.300156097560773	2.7551064514495343
0.236882	11.88809756097612	2.7751581946988186
0.237181	6.742263414633953	2.752964637777129
0.237479	8.560731707316904	2.7746139385974806
0.237778	4.409960975609266	2.7661141741482487
0.238076	2.728214634146724	2.7589311114296904
0.238375	7.846078048780782	2.774552660201982
0.238674	2.34965853658494	2.733230114944989
0.238972	8.33789268292719	2.763166036186128
0.239271	9.510507317073404	2.747742206002189
0.23957	8.760214634146593	2.755878594593657
0.239868	8.049434146341383	2.760538456247454
0.240167	12.110634146341113	2.7402839350904626
0.240465	5.652751219511742	2.7472946953061217
0.240764	8.06138536585351	2.7313623666221702
0.241063	6.514556097560984	2.742005009982101
0.241361	6.178156097561356	2.7424901035085996
0.24166	3.790195121951001	2.7475694393109378
0.241959	1.5326243902434555	2.7363578324385083
0.242257	9.002458536585038	2.7249055896298624
0.242556	6.415151219512438	2.7384919255364046
0.242854	3.7055024390245705	2.7290767483246308
0.243153	7.552507317072923	2.728622185740054
0.243452	6.106302439024489	2.738607106872214
0.24375	5.898809756096455	2.702758975675716
0.244049	6.801804878048898	2.715633551007323
0.244348	1.294819512195744	2.7111426396836737
0.244646	9.746878048781014	2.716272125296106
0.244945	2.75286829268353	2.7110059700418514
0.245244	2.7548292682925535	2.7104683737099684
0.245542	7.2577170731712215	2.7201766805177985
0.245841	7.524614634146758	2.6926011501727287
0.246139	7.372809756096785	2.7042959826920776
0.246438	4.365619512195167	2.706526248350392
0.246737	9.871297560975592	2.700042710114773
0.247035	7.9614341463418725	2.71425837150705
0.247334	9.399463414634113	2.6794386946563438
0.247633	4.2129560975607205	2.708720844350193
0.247931	6.352380487804652	2.6946858609020774
0.24823	11.676799999999616	2.698431883463617
0.248528	3.8561756097560362	2.711960036539284
0.248827	4.5373170731706125	2.685775289115995
0.249126	1.3604878048785451	2.7074926128964245
0.249424	4.302643902438632	2.683843087327574
0.249723	-1.7481268292679886	2.696107606350546
0.250022	6.850643902439515	2.692579692715183
0.25032	4.9557756097557615	2.692737162162861
0.250619	7.488936585365877	2.6917490416449166
0.250917	4.584126829268058	2.6842839756512245
0.251216	0.24277073170736685	2.6786884503858364
0.251515	6.681336585365756	2.6840888673499785
0.251813	5.411200000000491	2.6802397391683694
0.252112	6.572439024391059	2.692117522946478
0.252411	2.317765853658642	2.677641041555718
0.252709	8.984917073170635	2.679487467960151
0.253008	7.220185365853666	2.6721467013943982
0.253306	5.258985365853732	2.663689004342717
0.253605	5.145170731707225	2.6708697364661305
0.253904	7.4784878048784265	2.675497762519448
0.254202	9.619024390244135	2.6869724546215963
0.254501	6.018751219512666	2.6574364662882726
0.2548	6.819385365853066	2.673150467232454
0.255098	8.112507317073039	2.6531006637237358
0.255397	7.982790243902116	2.676145193639762
0.255696	6.429024390243967	2.668435300651075
0.255994	7.759912195121927	2.6475152563622832
0.256293	3.3629463414639815	2.670700541395632
0.256591	7.091697560975803	2.6544919122567863
0.25689	5.319726829268063	2.662680044059398
0.257189	4.805209756097213	2.661885226998079
0.257487	3.0606048780479966	2.6403544159081402
0.257786	7.3727024390241525	2.664993962389139
0.258085	5.534507317072581	2.6433453688748445
0.258383	5.828692682926828	2.647940456674891
0.258682	4.776575609756151	2.6524239453162144
0.25898	2.78705365853682	2.6277178711919236
0.259279	1.1572097560973305	2.6646235872048827
0.259578	1.3272878048779546	2.6360340535606106
0.259876	2.4801658536586046	2.6483937146142984
0.260175	2.4378926829271563	2.6370815208052765
0.260474	3.627239024390292	2.6464700306232873
0.260772	5.355482926829183	2.63989871456529
0.261071	6.142058536585608	2.626669743438097
0.261369	5.723424390244105	2.638512719076221
0.261668	3.0563219512201556	2.6319106809282404
0.261967	5.610243902439009	2.6331129728696014
0.262265	1.8061268292683508	2.631567595257693
0.262564	1.9791414634148907	2.6174018940857895
0.262863	4.785912195121966	2.6394369105595783
0.263161	7.359853658536366	2.6156738670736464
0.26346	6.269424390243898	2.6280912349050207
0.263758	5.336975609755541	2.617466999455624
0.264057	6.277014634146241	2.631678196645921
0.264356	2.798156097561275	2.628297246860064
0.264654	6.817775609755756	2.6141894448847096
0.264953	1.225404878049261	2.625951577318073
0.265252	3.4088292682929477	2.597863944432323
0.26555	6.219414634146432	2.6250023554909236
0.265849	1.4236292682926432	2.613110462689598
0.266148	2.8991024390244036	2.6121859344553005
0.266446	6.386409756098175	2.618266172564649
0.266745	3.147921951219672	2.5992000846445125
0.267043	9.441004878048744	2.6210308280912904
0.267342	9.643804878048599	2.6020689176152056
0.267641	5.588575609755964	2.6003791049902683
0.267939	3.968799999999675	2.6220173962884537
0.268238	7.49920000000003	2.5858753863515127
0.268537	6.2364195121948285	2.6095086494632307
0.268835	9.010585365853956	2.596016517650396
0.269134	3.87915121951238	2.601190047060556
0.269432	5.171200000000056	2.620423029733681
0.269731	7.028263414634637	2.5760271027662722
0.27003	5.304458536585486	2.5998106358557487
0.270328	7.87213658536615	2.5825409150979493
0.270627	2.994809756097112	2.6022805614135125
0.270926	2.3347414634147867	2.582847039103982
0.271224	10.482975609756124	2.634394631479908
0.271523	4.937775609756301	2.6819431489061794
0.271821	6.753268292682861	2.6966376934705076
0.27212	8.12159024390283	2.716403569493873
0.272419	2.669297560975963	2.7305330829777628
0.272717	5.538643902438878	2.7334568661480922
0.273016	6.786263414633851	2.75330529188202
0.273315	7.712009756097586	2.7422247806843583
0.273613	4.986673170731848	2.7583833293753823
0.273912	10.657795121951068	2.751387300236201
0.27421	5.600087804878626	2.8537323186900125
0.274509	5.3176878048778065	2.91208702170407
0.274808	0.889180487804424	2.9000914812901666
0.275106	3.388165853658762	2.9519561353035444
0.275405	6.327639024390095	2.958929158140476
0.275704	3.8503707317073577	3.0151202078734354
0.276002	4.371960975610136	3.0162131931086695
0.276301	10.821921951219338	3.06003006318093
0.276599	1.7445463414638596	3.091266737200058
0.276898	7.266175609755834	3.092414838094431
0.277197	8.908800000000241	3.12203026144246
0.277495	6.875814634146025	3.1174403901849814
0.277794	3.853356097560834	3.151453133011647
0.278093	7.707746341462922	3.1790379022276976
0.278391	8.742107317072936	3.1653584003424284
0.27869	7.416302439023781	3.1949316979872027
0.278989	7.131219512195628	3.1875692747997064
0.279287	8.343697560975443	3.21829285805745
0.279586	6.179609756097477	3.231415864191311
0.279884	1.247960975609601	3.2424492633003448
0.280183	9.345024390243708	3.2553588163573535
0.280482	9.56566829268283	3.2435355760292994
0.28078	5.2384682926829385	3.281979006526532
0.281079	12.827560975609487	3.2743015242646183
0.281378	4.3253073170735945	3.305850331084324
0.281676	6.440390243902527	3.319583012191411
0.281975	10.505902439024055	3.3188397351575305
0.282273	6.280312195122235	3.3418444572521713
0.282572	4.923980487804727	3.322066144189569
0.282871	0.17226341463441486	3.352339143783696
0.283169	2.2642341463412663	3.3649396197648636
0.283468	5.061873170732127	3.3796067761015296
0.283767	9.805219512195151	3.3975323423236987
0.284065	3.1154731707326278	3.3740935828942984
0.284364	7.1887219512197476	3.4171470147928225
0.284662	6.670448780487703	3.4017270332129828
0.284961	8.284868292682859	3.445171689023832
0.28526	12.554165853658787	3.4464654974303013
0.285558	1.326019512194847	3.42522594389932
0.285857	6.44921951219473	3.4946526353253016
0.286156	3.4210731707317166	3.4139484866366683
0.286454	4.788087804878813	3.4732987580363743
0.286753	1.4128585365857305	3.4553298582992733
0.287051	4.720478048780592	3.453398599763962
0.28735	-1.4862926829265177	3.5114627861411565
0.287649	2.005453658536993	3.4645627651812445
0.287947	5.984458536585606	3.493265184250406
0.288246	6.478517073170593	3.5106899581683426
0.288545	7.162409756097219	3.5079942738963594
0.288843	4.545053658536631	3.5779674248867495
0.289142	2.6291317073165033	3.4889794121166178
0.289441	4.870565853659059	3.5710068887073927
0.289739	-1.087892682926821	3.5545691742141345
0.290038	7.8820975609754385	3.5491252673840776
0.290336	5.282243902438921	3.6110772566781075
0.290635	6.4289658536588945	3.5353772895471742
0.290934	10.401424390244358	3.65623687298378
0.291232	4.068234146341041	3.576506649125501
0.291531	15.551385365854316	3.608431326657005
0.29183	9.22790243902412	3.6292735850978004
0.292128	3.4874731707311923	3.626566735245878
0.292427	3.0530048780485686	3.6682739007085186
0.292725	2.270917073171006	3.6487841307114257
0.293024	11.299365853658827	3.6416420297936214
0.293323	8.174360975609716	3.6920399192732027
0.293621	5.495590243902058	3.681280599735746
0.29392	4.598751219511854	3.7276715536518785
0.294219	8.055326829268239	3.689362684107169
0.294517	5.923004878048204	3.7120858606987204
0.294816	-0.048595121951393594	3.7449131049610234
0.295114	3.795434146341563	3.7214417021487503
0.295413	-1.107795121951085	3.7674389695086337
0.295712	6.0097951219513845	3.7395672789113235
0.29601	12.814673170731794	3.776325979943995
0.296309	2.5449073170730685	3.776078553923643
0.296608	13.835131707316322	3.7682482087613045
0.296906	3.7834634146342694	3.8250221720971185
0.297205	4.186614634146508	3.7973161263250406
0.297503	-1.7880878048788418	3.809449579706548
0.297802	4.003063414634198	3.827949201549445
0.298101	2.596439024390378	3.8196153009049656
0.298399	5.879853658536547	3.865120808836629
0.298698	6.174000000000035	3.8323406168444536
0.298997	7.248253658535759	3.879405241315537
0.299295	7.476595121951846	3.8427558617713413
0.299594	6.586751219512053	3.90181622838804
0.299893	3.5066243902437577	3.8811279473862554
0.300191	7.514478048779978	3.8906806948890065
0.30049	4.6167707317071915	3.876146929186004
0.300788	5.725785365853682	3.916854473078048
0.301087	2.358634146341103	3.9360997559087387
0.301386	0.7819902439025839	3.901474505695398
0.301684	3.282321951219558	3.959363953758773
0.301983	8.47703414634097	3.9232565915115147
0.302282	7.781200000000439	3.9892435535628428
0.30258	0.35531707317048244	3.9726439748466587
0.302879	2.9871902439022335	3.9568508473957653
0.303177	-1.3830634146343357	4.018722717920778
0.303476	8.272907317073503	3.971327568914079
0.303775	6.47137560975608	4.045841826395298
0.304073	5.030341463414771	4.016626236103805
0.304372	11.725775609756397	3.9909949331326082
0.304671	8.220439024390345	4.1005368775560544
0.304969	3.4541463414636553	4.0231296907633505
0.305268	5.5008780487807485	4.118398646121372
0.305566	2.2002146341466755	4.0325982708928745
0.305865	4.618526829267893	4.062134840121059
0.306164	-0.186848780487594	4.160701324344161
0.306462	6.50726829268379	4.053640450335051
0.306761	4.443082926829192	4.177199619153312
0.30706	12.339921951219566	4.087514409504545
0.307358	1.813726829268063	4.1339004548431415
0.307657	6.835063414634561	4.182331649659391
0.307955	-1.3993170731710336	4.112839288744911
0.308254	8.850721951219214	4.246878259572649
0.308553	8.982780487804547	4.1356186787137315
0.308851	8.241512195122027	4.205790675867708
0.30915	7.714078048780806	4.207519647949402
0.309449	8.085024390243802	4.195229091277408
0.309747	10.573278048780566	4.289622034697637
0.310046	14.10838048780505	4.159272804178081
0.310344	5.676107317073331	4.228767483628275
0.310643	9.751190243902386	4.236507644974806
0.310942	0.3069756097569609	4.228657590215562
0.31124	-1.3201756097561201	4.290915149523455
0.311539	5.447414634146668	4.176166773684395
0.311838	4.377453658537149	4.261194352750782
0.312136	0.2705463414638132	4.2214830361642655
0.312435	6.196468292682766	4.303971529157249
0.312734	7.2194146341458065	4.251778842221763
0.313032	4.7542146341463365	4.263980983502879
0.313331	9.6146829268298	4.337515535213616
0.313629	7.684712195121648	4.257364400239634
0.313928	4.319278048780433	4.3768683728978
0.314227	13.567853658536393	4.31471069720926
0.314525	6.443024390243863	4.321092947818168
0.314824	2.8343609756097976	4.394294049040455
0.315123	10.805551219512637	4.302912197704328
0.315421	13.533502439024545	4.418915977562361
0.31572	5.3071414634149505	4.375803938183184
0.316018	0.36954146341486194	4.400723145754661
0.316317	5.475863414634006	4.4290249755339195
0.316616	8.29167804878054	4.394328487923628
0.316914	3.700770731707337	4.505554007965395
0.317213	5.475121951219819	4.394085089422275
0.317512	14.286829268291967	4.477995948036299
0.31781	10.091229268292636	4.474039405769029
0.318109	12.584439024390406	4.487329745364377
0.318407	7.441580487805055	4.56411192484668
0.318706	-3.0376585365850417	4.431104429666321
0.319005	5.474331707316793	4.575432788207339
0.319303	5.177551219512253	4.504053866175206
0.319602	10.924273170732306	4.558248256677373
0.319901	-0.7539804878054213	4.6447419298788635
0.320199	4.507785365853749	4.503533850299516
0.320498	14.95489756097598	4.615673243475341
0.320796	1.693834146341544	4.575704516228164
0.321095	-3.8723219512193907	4.630157016450955
0.321394	3.8294146341461044	4.639417299335883
0.321692	4.077180487804526	4.624144400475161
0.321991	4.039551219512134	4.723973656772508
0.32229	7.48338536585365	4.602329912712127
0.322588	6.718790243902788	4.724626528341947
0.322887	-0.31342439024314217	4.66862423309382
0.323186	2.7143902439024714	4.714466589636873
0.323484	0.2244975609757205	4.812182154549741
0.323783	1.8025853658537017	4.643038304049426
0.324081	11.312741463414255	4.782595545110276
0.32438	7.3020097560979025	4.73407071110041
0.324679	-5.070799999999451	4.800942350785093
0.324977	4.933414634146516	4.840616368539336
0.325276	8.516575609756103	4.761616443465489
0.325575	5.355209756097139	4.8922226051890645
0.325873	5.049463414633948	4.770230412158294
0.326172	0.4895512195128049	4.880793440883843
0.32647	-4.813365853658098	4.886105361602478
0.326769	4.999668292682458	4.879287482362113
0.327068	-14.21142439024436	4.951375129993792
0.327366	7.264419512195133	4.832344756697454
0.327665	7.524224390244001	4.963100384142257
0.327964	6.002546341463386	4.950729981680658
0.328262	6.837121951219842	4.947462248388711
0.328561	1.1401658536588855	5.035926836001808
0.328859	8.854887804878047	4.926443564042861
0.329158	6.560253658536652	5.058408681612447
0.329457	5.4005853658534875	4.971742915548832
0.329755	6.028819512195298	5.062386773328651
0.330054	6.4094341463415105	5.0598814440784174
0.330353	5.9790829268291645	5.054030111477453
0.330651	-2.060273170731648	5.1686313799794235
0.33095	6.171756097560603	5.03640416621598
0.331248	4.751102439024493	5.16979532962319
0.331547	1.1845170731703547	5.102415952342936
0.331846	5.900273170732362	5.150934858201372
0.332144	3.9030243902438144	5.272757374426761
0.332443	14.965912195122115	5.1005906033485005
0.332742	6.506312195122064	5.281439689602334
0.33304	0.7879609756096784	5.1635588957006995
0.333339	-2.4052390243903687	5.263480135023971
0.333637	2.720614634146301	5.294193930667093
0.333936	9.562185365853395	5.2462038735253715
0.334235	6.608331707316353	5.3660754302139075
0.334533	2.4765170731708963	5.22313143041068
0.334832	3.213043902438386	5.378079346734463
0.335131	4.789785365853305	5.343915917941802
0.335429	8.556917073170496	5.355641384140189
0.335728	4.875678048780401	5.4975764398849645
0.336027	11.734907317072754	5.300492756001822
0.336325	1.8337560975602685	5.499829236117084
0.336624	8.219882926829456	5.395421692172818
0.336922	8.978897560975128	5.491435951458957
0.337221	-0.3752292682929692	5.568356443175411
0.33752	2.216165853658225	5.435718765818836
0.337818	-2.1106048780487185	5.6076980995939
0.338117	4.592897560975757	5.464433796599008
0.338416	7.415668292682938	5.619244062445116
0.338714	-4.077736585365841	5.556567885532272
0.339013	11.648399999999981	5.595600383742518
0.339311	8.301560975609306	5.732606030866803
0.33961	7.946029268293273	5.564113554630813
0.339909	9.665317073170314	5.735634722309864
0.340207	1.9534146341460712	5.643060435832423
0.340506	4.266185365854227	5.7644120705231705
0.340805	7.705346341463013	5.846278025192361
0.341103	-4.167658536585037	5.638192563135008
0.341402	11.69020487804886	5.87776861037767
0.3417	7.729560975609786	5.686625123115946
0.341999	-7.270829268292971	5.866565293884539
0.342298	3.8487609756100483	5.87739045912142
0.342596	5.028634146342199	5.845802425438814
0.342895	4.323395121950995	6.037890715798351
0.343194	2.836790243902385	5.779873395991613
0.343492	11.500009756097427	6.058412491132314
0.343791	8.092312195121849	5.909385605016904
0.344089	12.634478048780693	5.967581523195456
0.344388	0.13849756097528143	6.130794278774035
0.344687	-3.465219512195148	5.787934844145594
0.344985	14.733297560975274	6.09086700346463
0.345284	4.280048780487817	5.8758286184990505
0.345583	2.6925951219514843	6.0005635053307
0.345881	-3.458907317073141	6.054570127830248
0.34618	5.654780487805056	5.881680096395532
0.346479	4.197287804877874	6.103037953352337
0.346777	-5.531912195122004	5.908254958651268
0.347076	9.08340487804935	6.059464984067046
0.347374	16.866097560975106	6.039705612646591
0.347673	-4.664770731706938	6.058036608300377
0.347972	4.667570731707116	6.272652012252066
0.34827	7.03416585365872	5.991732529819053
0.348569	7.841873170731617	6.205430191244215
0.348868	0.917180487804643	6.112720372277456
0.349166	3.971180487804702	6.247270305428421
0.349465	14.561307317073044	6.378436229943145
0.349763	-4.932614634147114	6.096389225352765
0.350062	6.492887804877938	6.437237064207131
0.350361	4.232224390243573	6.171142244111344
0.350659	13.788546341463501	6.452279155665353
0.350958	11.472234146341407	6.341428800142883
0.351257	-1.2739609756097536	6.369378484227871
0.351555	-6.738780487804661	6.622506556779695
0.351854	0.09451707317040814	6.289696791249532
0.352152	11.847082926828705	6.6475600694037915
0.352451	-2.449775609756557	6.411829442485289
0.35275	2.0656780487801996	6.583758802939018
0.353048	10.140760975609737	6.827826238493007
0.353347	15.916048780487841	6.393346259830066
0.353646	-3.959863414633986	6.8281053351651355
0.353944	2.5637560975614804	6.543518781847842
0.354243	9.94309268292696	6.797924594207403
0.354541	-3.4058341463416753	6.821126199219014
0.35484	4.843834146341095	6.723520167641065
0.355139	9.047629268292354	7.040415441248661
0.355437	12.30221463414594	6.658212565063536
0.355736	1.3158146341460508	7.082667129792566
0.356035	2.2935609756102338	6.853802659022463
0.356333	3.2025073170731844	6.992855946794387
0.356632	13.711736585366197	7.23879462246421
0.356931	-5.501980487805298	6.819574314766222
0.357229	5.680282926829108	7.222932185974083
0.357528	5.137141463414423	7.000429697980039
0.357826	5.927278048780238	7.2580211335007405
0.358125	7.420360975609412	7.353646476425246
0.358424	4.069502439024859	7.035266596425788
0.358722	-1.1300878048776042	7.550155699785802
0.359021	-7.523678048780056	7.116883483070435
0.35932	11.452429268292263	7.5481722021574695
0.359618	-4.366917073170242	7.416413048266804
0.359917	6.422136585365905	7.430028212439038
0.360215	3.2333365853659757	7.8236636411604525
0.360514	-3.685717073171304	7.300473522737106
0.360813	2.675082926829333	7.781428913595717
0.361111	-5.342000000000411	7.513420366507265
0.36141	10.812614634146485	7.762955323228825
0.361709	-8.198595121951087	8.140835226873763
0.362007	23.523024390243705	7.4563680439534625
0.362306	-1.0195121951214503	8.129913554933497
0.362604	-8.103882926829726	7.7148893240263945
0.362903	-3.5496292682930175	8.087567245105744
0.363202	14.559970731707637	8.093652224470901
0.3635	15.169678048780213	7.9890126828390375
0.363799	-0.7407804878043578	8.466751473383594
0.364098	20.04402926829215	7.855528650900187
0.364396	8.571804878048823	8.54101388605979
0.364695	16.891365853658584	8.233991289660372
0.364993	6.875287804878241	8.386910868709291
0.365292	8.944380487804295	8.932660337322613
0.365591	12.688946341463634	8.037111862851066
0.365889	5.267073170731749	8.915535984091886
0.366188	8.176839024390006	8.462106693867021
0.366487	8.503336585365844	8.813406724074994
0.366785	6.672819512195076	9.030932502913965
0.367084	-2.7212390243900586	8.57083376276169
0.367382	10.297668292682829	9.355411177271503
0.367681	1.091307317073813	8.643663423305885
0.36798	6.810926829268453	9.35359764769482
0.368278	2.849375609755782	9.123155409905138
0.368577	9.956858536585571	9.236215656878006
0.368876	4.56535609756088	10.012393242979442
0.369174	-10.24626341463474	8.85245498610597
0.369473	28.738614634146415	9.961428470078651
0.369772	4.843034146341694	9.271222177332321
0.37007	8.41188292682915	9.963211854086875
0.370369	-10.412507317072794	10.493287434471254
0.370667	8.522702439024386	9.2426764543942
0.370966	10.562195121951419	10.490706627664846
0.371265	-1.202302439023697	9.74951898001969
0.371563	-7.1426146341467245	10.447669476210082
0.371862	11.780048780487817	10.519832897626625
0.372161	5.734419512194933	10.170018934671036
0.372459	9.743990243902374	11.551736412142022
0.372758	-4.904517073171348	9.918678472601712
0.373056	0.40285853658531323	11.476073130431882
0.373355	12.672809756097365	10.724200161283244
0.373654	12.396926829268864	11.171983261774972
0.373952	25.850770731707655	12.647579275351434
0.374251	6.2514536585364056	10.28719178790626
0.37455	23.908370731707862	12.657419980065905
0.374848	2.250136585366249	11.060028840217607
0.375147	6.016165853658322	12.402225435006377
0.375445	-1.0243121951225476	12.406581657771032
0.375744	6.8568195121947895	11.787201409188214
0.376043	17.12706341463374	13.921584498258955
0.376341	3.481502439024382	11.457206631775769
0.37664	14.273102439024257	14.098931319716812
0.376939	19.297356097561362	12.842177932482816
0.377237	-14.150663414634295	13.508146293339845
0.377536	7.2202634146344735	15.8532562606435
0.377834	2.2565073170731864	12.209436816776593
0.378133	10.165434146341	16.186093538243668
0.378432	10.048565853658857	13.283827038755554
0.37873	-28.959873170731925	15.99744551343932
0.379029	11.512195121951123	16.89498872663321
0.379328	13.629756097560914	13.900470691430558
0.379626	7.320312195122227	19.242166715833008
0.379925	-13.700956097560493	14.431637221790076
0.380224	8.41975609756048	19.55981906398168
0.380522	15.911219512195345	16.255573162964513
0.380821	-25.233258536584486	18.780715346998456
0.381119	39.014663414634185	22.411689072174447
0.381418	5.07818536585404	16.65385666135935
0.381717	52.38128780487813	24.515598842514784
0.382015	8.978663414634411	18.30316160556017
0.382314	21.79068292682942	27.303130477145746
0.382613	16.30102439024398	28.602808053634202
0.382911	1.9828390243900174	21.54945879872674
0.38321	0.	0.
0.383508	-1.2860390243905329	25.53715681525807