0.00365561	0.04736428007890936	26.493675964983698
0.00396024	32.65427222659491	20.5055516279598
0.00426487	2.770346184115624	14.046663946382663
0.00456949	25.564736428019387	11.956628076421124
0.00487412	32.64774193548874	9.918562167741054
0.00517875	23.101841070019873	8.653488844965137
0.00548338	29.42302124311027	7.580659721475673
0.00578801	23.14734854445487	6.473025655519324
0.00609264	29.72785995279264	6.079860644149375
0.00639727	30.28340676632797	5.3536123531435065
0.0067019	21.45028953579458	4.711087130336609
0.00700653	23.736705743507628	4.407814635976003
0.00731116	21.97107317073187	3.8333021664080325
0.00761579	29.502566483082774	3.684115561858208
0.00792042	26.61727222659556	3.2778217628434665
0.00822505	28.64201966955079	3.007118852246686
0.00852968	24.238870967739786	2.8503657819020085
0.00883431	33.06336664044056	2.5921035353772046
0.00913894	27.51855153422548	2.4332155838713447
0.00944357	30.141892997638934	2.228291869239858
0.0097482	27.26575688434241	2.1117701663593516
0.0100528	23.45082926829309	2.0009623992963266
0.0103575	27.193435090479397	1.8279532820065885
0.0106621	29.293298977182985	1.7467940457796507
0.0109667	26.18959323367517	1.6327508346999338
0.0112713	26.519309992132094	1.545189378116583
0.011576	25.29265617623946	1.4705446536498814
0.0118806	25.296329661683785	1.35756719043366
0.0121852	26.431221872540846	1.3178210805969774
0.0124899	26.081542092840436	1.2398498383160383
0.0127945	25.70261526357217	1.184309767535318
0.0130991	25.838416207710452	1.1148380423641255
0.0134038	23.49517466561724	1.057977785931654
0.0137084	26.025947442958113	1.0208947729280382
0.014013	23.067044531864667	0.9724401230417796
0.0143176	23.17476152635686	0.9270915027974482
0.0146223	23.981449016522447	0.8864947531113481
0.0149269	23.1926464201415	0.8434463283477135
0.0152315	24.923523052714472	0.8156530019765494
0.0155362	23.717180802517646	0.7809495282915797
0.0158408	23.104259166010706	0.7453127943125725
0.0161454	22.030521164437232	0.7216173170776793
0.01645	22.353691660110144	0.6922367132364413
0.0167547	22.718072619984014	0.6640859181162325
0.0170593	21.450980959873903	0.6382562198654776
0.0173639	21.00619763965375	0.622977311243686
0.0176686	22.399726121164463	0.5996703446733096
0.0179732	21.720962785208542	0.5818659025342957
0.0182778	21.551683477576773	0.5729186123623395
0.0185825	21.55170448465759	0.5706330499328798
0.0188871	21.226059716758414	0.559643132102365
0.0191917	19.60087922895366	0.5484143883353294
0.0194963	20.137835090480053	0.5323823674049468
0.019801	19.18175098347757	0.5213795895215779
0.0201056	21.187959952793165	0.514047646549896
0.0204102	18.62860220298984	0.5029026131613485
0.0207149	18.966442092840225	0.49229181375149733
0.0210195	19.245760031471377	0.4791019778701037
0.0213241	18.88853162863876	0.4718233575417426
0.0216287	18.43697600314721	0.462924068565157
0.0219334	18.182772226593272	0.4532437046294946
0.022238	18.075870102281726	0.4429264133839147
0.0225426	17.711260975609747	0.4362378215513581
0.0228473	19.307288591660097	0.4281296233286829
0.0231519	17.680647285601907	0.4193014853000366
0.0234565	17.613758379228955	0.40546509325261987
0.0237612	16.527037686860808	0.40041142698291443
0.0240658	16.707375295043278	0.39482707365040276
0.0243704	16.451970810385575	0.38742454351506195
0.024675	17.232573642800986	0.3749556499517226
0.0249797	16.500214398111666	0.37206924924218904
0.0252843	16.127639103068418	0.3702776802648899
0.0255889	16.26286561762396	0.36035967062534663
0.0258936	15.230116365066863	0.3593721840400055
0.0261982	16.407605114083367	0.3446154828083176
0.0265028	15.679919826907849	0.34657661237672166
0.0268075	16.088712509834778	0.34299687934589695
0.0271121	15.419225885129777	0.3362374724619759
0.0274167	15.306445712037828	0.33493332257122665
0.0277213	14.599604327301336	0.32358921831991366
0.028026	14.01994712824552	0.323765377655405
0.0283306	14.539542800944133	0.3229452420235109
0.0286352	14.360258064516131	0.31201761397795946
0.0289399	14.094314870180966	0.3156091297002261
0.0292445	13.162186231313854	0.3061013052157309
0.0295491	13.7081845003934	0.3043021069904454
0.0298537	13.54601825334376	0.29879165277403075
0.0301584	13.744422108575947	0.2931481183677757
0.030463	12.443635090479916	0.29277127471561326
0.0307676	13.276515499606575	0.2879445373997255
0.0310723	12.496988512981915	0.285076727849822
0.0313769	12.71060975609754	0.278816708725943
0.0316815	11.947680645161284	0.2755950599739156
0.0319862	12.14806876475214	0.27492056002840765
0.0322908	12.042576789929157	0.26998655304002256
0.0325954	11.62548481510619	0.26670580473227296
0.0329	11.605018646734862	0.2661274520633888
0.0332047	11.304073721479156	0.2624230732611115
0.0335093	11.580159716758487	0.26197821232899676
0.0338139	11.544346420141622	0.25410296501060337
0.0341186	10.713706294256482	0.2581308414978431
0.0344232	11.24871542092842	0.2526797920767315
0.0347278	11.212908811959082	0.2544330272947271
0.0350324	10.70952163650665	0.2513460188876444
0.0353371	10.865269630212381	0.2487852095447187
0.0356417	10.27910472069236	0.24628506084682045
0.0359463	10.710099370574397	0.24460426897824555
0.036251	10.61763894571203	0.24527438201194326
0.0365556	9.86329645948075	0.24154503529115856
0.0368602	9.311772777340693	0.2417077134618421
0.0371649	9.041166325727744	0.24000809092253558
0.0374695	9.66904909520062	0.235249621064751
0.0377741	9.614369158143191	0.23746025071903698
0.0380787	9.435952557041688	0.23446483195018855
0.0383834	9.411699999999982	0.23464531632722188
0.038688	9.163057592446862	0.23343817963683738
0.0389926	9.565448151062157	0.22929424287940045
0.0392973	8.812982769472839	0.23402444503220454
0.0396019	8.813764437450843	0.22765674951385453
0.0399065	8.741702911093611	0.22805325310432514
0.0402112	8.51052651455548	0.22685357422072688
0.0405158	8.76140228166797	0.22451469880291228
0.0408204	8.11810432730131	0.22607196194559956
0.041125	8.325786309992111	0.2210044487015797
0.0414297	8.346553501180168	0.22192256845049577
0.0417343	7.941818410700222	0.22126605262589102
0.0420389	8.372659952793128	0.21855391229890628
0.0423436	8.056996695515338	0.2210222059824331
0.0426482	8.085723099921282	0.21739738414055718
0.0429528	7.639388906372929	0.21883419524276024
0.0432574	7.573988662470498	0.22103809164529076
0.0435621	7.459978489378429	0.22563552888144336
0.0438667	7.301509701022823	0.22759522085721637
0.0441713	7.376250393391061	0.22521664990608425
0.044476	7.556502981903989	0.22946511277835913
0.0447806	7.170899103068464	0.22577802580196862
0.0450852	7.153819016522434	0.23026433859485412
0.0453899	7.07921752163648	0.22838511687152133
0.0456945	6.875237907159686	0.2296026910766779
0.0459991	6.672354217151877	0.22971914354535128
0.0463037	6.670918072383898	0.22962974816837464
0.0466084	6.888425955940178	0.23117660642179141
0.046913	6.14779750590084	0.22949413470653868
0.0472176	6.543169622344607	0.23037754110982014
0.0475223	6.5995456018882805	0.23212225470406256
0.0478269	6.568499850511401	0.231123707968007
0.0481315	6.55615141620774	0.23242457789067975
0.0484361	6.409227065302872	0.22970199269015523
0.0487408	6.16868369787565	0.23171509015436093
0.0490454	6.658342682926786	0.23025914243435544
0.04935	5.902278261211663	0.22959976214458602
0.0496547	6.127244453186435	0.23291928833532602
0.0499593	6.214365546813454	0.22788476690083712
0.0502639	5.436441093627025	0.23059180011375283
0.0505686	5.718660055074736	0.22712627102960145
0.0508732	5.983035908733271	0.22743114695995542
0.0511778	6.012047332808805	0.2278639967799148
0.0514824	5.551168953579904	0.22759297623530497
0.0517871	5.821780118017287	0.2289203859844762
0.0520917	5.505999819040099	0.22337825928798447
0.0523963	5.300826018882773	0.2253868006402264
0.052701	5.592873878835562	0.22780635267161492
0.0530056	5.391844405979569	0.22485965431110908
0.0533102	5.329873076317895	0.2266404348517082
0.0536149	4.9129701888276855	0.22165669438012237
0.0539195	5.136798528717563	0.22561984958427983
0.0542241	5.473094854445321	0.22367669117031777
0.0545287	5.287994091266711	0.2205675539817139
0.0548334	4.978494390243881	0.22510339944511012
0.055138	4.979287175452399	0.2211826820046306
0.0554426	4.550485743509057	0.2234962511389194
0.0557473	4.970530291109355	0.21983482291199383
0.0560519	4.521790228166793	0.22147194090601977
0.0563565	4.800028465774972	0.21966903761315712
0.0566611	4.766910629425681	0.22046150301003975
0.0569658	4.600725948072409	0.22158177210181293
0.0572704	4.728459409913455	0.21763077960381313
0.057575	4.707692478363484	0.21988621835481434
0.0578797	4.679692171518468	0.21884652637232135
0.0581843	4.4589063257277815	0.21815102836852
0.0584889	4.932332431156581	0.21871401519138142
0.0587936	4.41998476789928	0.21586892460359766
0.0590982	4.155222675059022	0.2188428991251463
0.0594028	4.86975039339103	0.21581087827298523
0.0597074	4.539897608182557	0.21603373518243926
0.0600121	3.774317781274604	0.21682665063088807
0.0603167	4.148577671125082	0.2144516876847385
0.0606213	4.20438273800157	0.21657620003672637
0.060926	3.7556060110149474	0.21322632015614892
0.0612306	3.904389055861486	0.21421972931031755
0.0615352	4.0146297167584635	0.21497915664840903
0.0618398	4.145721416207692	0.21239644461354318
0.0621445	4.016723988985063	0.2144029536653366
0.0624491	3.956987631785978	0.2119291638609736
0.0627537	4.115648355625467	0.21289014467160308
0.0630584	4.0938401730920475	0.2137776619876356
0.063363	3.8154314083399044	0.20929418839303707
0.0636676	3.896774854445326	0.21185535747490117
0.0639723	3.871563571990535	0.2100071396027481
0.0642769	3.790305798583802	0.21147499443634007
0.0645815	3.573246058221841	0.2110338338277285
0.0648861	3.8303250275373557	0.20960540353275148
0.0651908	3.630596679779714	0.210001786679491
0.0654954	4.018998591660122	0.20777680184872005
0.0658	3.703891667977942	0.21022607476942246
0.0661047	3.854606829268306	0.20801102582328557
0.0664093	3.6335463886703394	0.2076601443437708
0.0667139	3.6997198111722867	0.20778983757694713
0.0670186	3.5877203776553728	0.2070087133844099
0.0673232	3.613349158143194	0.20828235842097498
0.0676278	3.418667820613706	0.2051852006617773
0.0679324	3.0386723918174425	0.2063700635124675
0.0682371	3.4320480251769965	0.20606695642235182
0.0685417	3.100253808025144	0.20492742497407138
0.0688463	3.4459240991345155	0.20573853018811475
0.069151	3.332324036191949	0.20400152757657872
0.0694556	3.192438953579824	0.20517483263822686
0.0697602	3.1991655546813433	0.20372575344528862
0.0700648	3.094601180173086	0.2039060863076377
0.0703695	2.8039621085759165	0.2048887103394339
0.0706741	2.7772862627852106	0.20177190730821737
0.0709787	3.180632714398101	0.20392487460945413
0.0712834	3.1077191660110657	0.20137011264834784
0.071588	3.3509771361132863	0.20271627659767716
0.0718926	3.182351014948864	0.20240326526965027
0.0721973	3.367375507474435	0.20177172580778815
0.0725019	3.05963632572778	0.20210964117396896
0.0728065	2.930895200629422	0.19974050663137277
0.0731111	3.002382069236802	0.1997735530065187
0.0734158	3.1486118332021817	0.20170991544227335
0.0737204	2.7457082376081843	0.1994464417544394
0.074025	2.935167025963807	0.2000166012476804
0.0743297	2.8247163965381503	0.19800468657982204
0.0746343	2.876009763965399	0.19952249075252707
0.0749389	2.725773099921284	0.19866352057324474
0.0752435	3.095263477576694	0.19786964215512237
0.0755482	2.734668552320983	0.19914876553651611
0.0758528	3.16496780487806	0.19789598399672292
0.0761574	2.7611994335169214	0.19746468425854607
0.0764621	2.894828166797808	0.19639302506487366
0.0767667	2.807060849724621	0.1973203446809836
0.0770713	2.6384625255704037	0.19617532110430957
0.077376	2.703632132179351	0.19727741264037263
0.0776806	2.6152210070810327	0.19643119914185586
0.0779852	2.615798945711987	0.19432294379449194
0.0782898	2.08208406766326	0.1964960188880877
0.0785945	2.4484806845003533	0.1971981225982787
0.0788991	2.481408945712033	0.19549048302475136
0.0792037	2.6221686388670804	0.1949716665666134
0.0795084	2.6898503304484223	0.19354687118679148
0.079813	2.986870590086525	0.1959532223024689
0.0801176	2.514991510621556	0.1928707632090457
0.0804222	2.5300542722266073	0.19356642008829728
0.0807269	2.3451495279307437	0.1923362801724468
0.0810315	2.47879967741936	0.19341265569538607
0.0813361	2.2721193154996087	0.19394063709904066
0.0816408	2.54879155782848	0.19042106527126096
0.0819454	2.306468457907158	0.1928587996947727
0.08225	2.405409299763974	0.19172926391142944
0.0825547	2.328511612903256	0.19227901043238768
0.0828593	2.4888689299764195	0.1992341924896165
0.0831639	2.5573591188041007	0.20022575008461121
0.0834685	2.5514406923682316	0.20552948457974077
0.0837732	2.298099952793109	0.20710134564590227
0.0840778	2.1273183398898396	0.20736709124335673
0.0843824	2.4006444374507794	0.20989424877953197
0.0846871	2.1935183320220233	0.20995064212496403
0.0849917	2.4509447206923625	0.2149759986564916
0.0852963	2.2012475452399514	0.21342750355778228
0.085601	2.567584523996885	0.21564431665765002
0.0859056	1.9360933595594503	0.2167965328189252
0.0862102	2.4163137844217033	0.21516430882569065
0.0865148	2.429601880409166	0.21848005272078433
0.0868195	1.7489976789929074	0.2162038257699251
0.0871241	1.899600243902384	0.21846439730713463
0.0874287	2.141926703383163	0.21828820158261056
0.0877334	1.892955499606586	0.21863642622395604
0.088038	2.654449921321813	0.21009385679409498
0.0883426	2.095890629425668	0.20341740574464873
0.0886472	2.022992431156524	0.20367839816204722
0.0889519	1.5168801573564252	0.20065931159731348
0.0892565	1.8145687568843556	0.19899342680047552
0.0895611	2.2492082454760265	0.19700634702100497
0.0898658	2.0271550747443	0.1942999442236734
0.0901704	1.9502336821400235	0.19627994963091214
0.090475	2.0266019669551554	0.19128873112223255
0.0907797	1.982031148701779	0.19263042244798195
0.0910843	1.826849787568861	0.19261368996065725
0.0913889	1.581487907159726	0.19091419275360302
0.0916935	2.152619181746644	0.1918786190531542
0.0919982	2.1506128245475935	0.188686336858075
0.0923028	1.7329660424861828	0.19146416962291365
0.0926074	2.0390104799370334	0.1896207479048667
0.0929121	1.9734651298190045	0.18879050042086123
0.0932167	2.042930818253339	0.18915292839426653
0.0935213	1.857178914240734	0.18773362086515502
0.0938259	1.8533168922108416	0.18875417761242788
0.0941306	1.8238949016522525	0.18797755232316776
0.0944352	1.878185090479903	0.18844800041925863
0.0947398	1.7479732808811974	0.18596576426455688
0.0950445	1.7770435798583577	0.18741064841914884
0.0953491	1.9544383634932672	0.1872659805733097
0.0956537	2.1543211250983774	0.1853885491902877
0.0959584	2.1110040361919573	0.18536504818623986
0.096263	1.8285284343036494	0.1854912433417426
0.0965676	1.8556019040125875	0.18659529019467194
0.0968722	1.8094346341462995	0.18608325788082725
0.0971769	1.8557314476790054	0.18334552519582595
0.0974815	1.844953760818271	0.18492640353481657
0.0977861	1.4600878442171563	0.18331320995774886
0.0980908	1.6899536585366093	0.18445009166165865
0.0983954	1.9107076396538218	0.18392491869015312
0.0987	1.6283046577498084	0.182495540061185
0.0990047	1.8478327537372365	0.1839367265468613
0.0993093	1.5608793627065438	0.18242496817078563
0.0996139	1.7474036034618479	0.18315461153194265
0.0999185	1.8268544531864563	0.18197533936890714
0.100223	1.8391288434303874	0.1818885896655608
0.100528	1.852655869394198	0.18251894605641336
0.100832	1.466896058221863	0.1808248641765243
0.101137	1.7528559952793046	0.1818888455718842
0.101442	1.5606183713611443	0.17978664070400655
0.101746	1.5856915656963224	0.18090711449954502
0.102051	1.7948699999999747	0.1819227716933083
0.102356	1.3568587647521326	0.17917460165104607
0.10266	1.896890330448457	0.1807410657257163
0.102965	1.3698021479149673	0.17899032790409364
0.103269	1.5421335326514765	0.17995727102515616
0.103574	1.578622140047159	0.17895763952259156
0.103879	1.502911825334408	0.1786403104338481
0.104183	1.9047259874114673	0.1802265712369162
0.104488	1.3649571203776674	0.17789688471340023
0.104793	1.547410141620773	0.17865672451242537
0.105097	1.2797183713611275	0.1771440480238857
0.105402	1.211348654602645	0.17744473458113974
0.105707	1.7543550432730228	0.1788618641224548
0.106011	1.6337571203776662	0.1767653944441784
0.106316	1.5322845161290246	0.1774138727400179
0.10662	1.396811369000801	0.1758898004775016
0.106925	1.5646578992918876	0.17634235720566005
0.10723	1.482983611329658	0.17780550928723407
0.107534	1.470434303697857	0.17607569376060492
0.107839	1.6660292132179535	0.17602724019416688
0.108144	1.5904087647521408	0.175185245283308
0.108448	1.6172138788355142	0.17593624953134576
0.108753	1.5074954287962328	0.1746870674377498
0.109057	1.452772934697066	0.175371418804774
0.109362	1.5617197718331681	0.17583620111028841
0.109667	1.7002685444531664	0.1747246352538489
0.109971	1.2886133910306654	0.17482355767503607
0.110276	1.3383748859165792	0.17340994904891735
0.110581	1.1250235483871052	0.17352866401817782
0.110885	1.502219724626272	0.17484486782415742
0.11119	1.3031087411486908	0.17341734611791387
0.111494	1.2730185523210196	0.1741216543878507
0.111799	1.4835423131392247	0.17215628829769802
0.112104	1.3595683005507766	0.1733045255902784
0.112408	1.5893294728560363	0.1725787187694726
0.112713	1.3523205035405113	0.17266163698895354
0.113018	1.261107513768664	0.17266250735685185
0.113322	1.6220192053500995	0.17112542384322166
0.113627	1.7616985759244699	0.17329400158938668
0.113931	1.4477545161290237	0.17093811690221614
0.114236	1.3975738237608368	0.17232780514209103
0.114541	1.585665090479921	0.17140022885990386
0.114845	1.1835649016522325	0.17077255515232093
0.11515	1.255482022029895	0.17181880703513008
0.115455	1.0809379464988496	0.17028573930701216
0.115759	1.312848953579831	0.17042959223504656
0.116064	1.2771805192761718	0.17041902527038771
0.116369	1.3012441856805737	0.17008719958254784
0.116673	1.036369032258122	0.17051707562309626
0.116978	1.1653273564122628	0.16983435669120012
0.117282	1.6096126907946342	0.17042546067711367
0.117587	1.318685759244687	0.1696380072605911
0.117892	1.2197705114083277	0.16838953566006498
0.118196	1.1599962234461003	0.16833800273529578
0.118501	1.1614551927616077	0.16945767279747248
0.118806	1.041294610542863	0.1690875986137874
0.11911	1.1699974586939277	0.16887390561256402
0.119415	1.4618733595593625	0.16832567249281885
0.119719	1.2430678914240474	0.16817407428768372
0.120024	1.443117875688415	0.16829127942658498
0.120329	1.489078450039358	0.16747384405750332
0.120633	1.406025090479929	0.167990433457873
0.120938	0.9196557907159502	0.16702258557517308
0.121243	1.0160871282454735	0.16779975581088505
0.121547	1.4207395672698766	0.16732050958143524
0.121852	1.1108465460267354	0.16658739759094332
0.122156	1.313453241542092	0.16618359589507636
0.122461	1.3144596380802511	0.1668884188640374
0.122766	1.2657659559401537	0.16726477315247895
0.12307	1.2760316522423238	0.16558607694755756
0.123375	1.1526720613690031	0.16628594912342595
0.12368	1.2057869000787065	0.16488300589347193
0.123984	1.1541817623918007	0.1667332382488105
0.124289	0.9924863729347209	0.16511970289658104
0.124594	1.2072162155782706	0.16539296990839103
0.124898	1.2790662863886553	0.16504692835399765
0.125203	1.0688931549960614	0.16494844391076516
0.125507	1.216982564909543	0.1646771914300335
0.125812	1.3337645869394095	0.16417861904824316
0.126117	1.1725731471282188	0.1655183124515713
0.126421	1.0497131156569424	0.16410415133986425
0.126726	1.1497925570416783	0.1674285356329942
0.127031	1.0033737293469756	0.17167810335616512
0.127335	0.9479719512195288	0.1710458028107686
0.12764	1.1855768922108467	0.17497571764142061
0.127944	0.9636408733280888	0.17568941644320793
0.128249	1.0707566955153567	0.1773761591099473
0.128554	1.223354602675073	0.177004135243293
0.128858	1.012760527143925	0.17483052493371498
0.129163	0.9835734854445235	0.17324109000039742
0.129468	0.9364938473642468	0.16922873880265712
0.129772	0.9601385365853474	0.16949027022549437
0.130077	1.1910392210857736	0.16836740416742602
0.130381	0.8285180723839574	0.16934937366656197
0.130686	1.2716020220298958	0.16892910033524958
0.130991	1.068076632572783	0.16687752905370531
0.131295	0.9628960582218582	0.16841570430823266
0.1316	0.9680776003147145	0.16677310217845562
0.131905	1.1976364280094458	0.16708396916066398
0.132209	1.2836364358772556	0.16765142205383576
0.132514	1.0744153029111203	0.16505850106942782
0.132819	0.9581738945711891	0.16670962387198707
0.133123	1.2930096931550281	0.1651475686080919
0.133428	1.0041204012588594	0.16518665687759448
0.133732	0.8729493863099691	0.16458874978669094
0.134037	1.0112153501179932	0.1641446370144737
0.134342	1.0736782218725267	0.16505351890346504
0.134646	1.326353249409948	0.16160486823654624
0.134951	0.8339648072383881	0.16232056127154332
0.135256	0.7818003540519101	0.16165627867694832
0.13556	1.1207057671124545	0.16227207236575392
0.135865	1.3034604720692329	0.1617300376389057
0.136169	1.134965302911084	0.15967743366701934
0.136474	1.181439771833169	0.16120450601450637
0.136779	1.0403324311565427	0.16054011285310085
0.137083	0.8981880094413839	0.16083546882640395
0.137388	1.0887443273013133	0.16020629528484645
0.137693	0.9088466955153649	0.15912829323471886
0.137997	1.102765743509039	0.16109999283845525
0.138302	0.7357729189614872	0.15935586229160337
0.138606	0.8909124232887393	0.16010674363741456
0.138911	0.767427214791482	0.15839072490289446
0.139216	0.5517293705743356	0.15985086626137665
0.13952	0.9137945869394031	0.16011648046525773
0.139825	0.7274538867033584	0.1580547754759018
0.14013	0.8154942800944269	0.1582044977424143
0.140434	0.8438010778914276	0.15759386756130053
0.140739	0.7188501180173148	0.15904698610477408
0.141044	0.9484226042486057	0.15782799692682054
0.141348	1.0361091817466672	0.15797478742419221
0.141653	0.8698120535011782	0.1586390003012665
0.141957	0.6558722895357789	0.1571741804176157
0.142262	0.9262573878835809	0.15825733885659807
0.142567	0.6950927773407045	0.1561681218494521
0.142871	0.9104239889850874	0.15689208288130493
0.143176	0.9418850747442775	0.15804937441400807
0.143481	0.843248465774991	0.15687189265000967
0.143785	1.0341578284814972	0.15702589942660253
0.14409	1.035883414634128	0.15597119872731074
0.144394	0.9898008261211544	0.15687623724804836
0.144699	0.983799756097568	0.15699935746839658
0.145004	0.7937157749803276	0.1554097526194673
0.145308	0.8677441227379745	0.1562607185725412
0.145613	0.8249456333595333	0.15528086028278779
0.145918	1.0861772069237077	0.1563802869057254
0.146222	0.8523545397325023	0.15540109721116008
0.146527	1.149090322580605	0.1550838372358919
0.146831	0.9337877891424284	0.15627137073119343
0.147136	0.9504294807238125	0.15437492421364857
0.147441	0.8624115499606688	0.160663222558051
0.147745	1.0627607946498756	0.16205077061085543
0.14805	0.6879485365853526	0.16350669969474738
0.148355	1.0021474350904782	0.1673722314688559
0.148659	1.041358190401283	0.16633237805065257
0.148964	0.778538174665627	0.16959995066125674
0.149269	0.7516784107002223	0.16753241986546405
0.149573	0.822498072383965	0.16962333242116803
0.149878	1.0137066168370978	0.1700387556580343
0.150182	0.6359268056647807	0.16925437724612843
0.150487	0.8451444374508128	0.17133654484299415
0.150792	0.8136478835562428	0.17028199637203184
0.151096	0.4781921715185007	0.17203937434867908
0.151401	0.8882758615263384	0.16997824918199686
0.151706	0.6143829504327556	0.17103525591800622
0.15201	0.9218106058221736	0.1719097898787369
0.152315	0.8296595908733053	0.1699242502902866
0.152619	0.9507270180960035	0.1652853996142241
0.152924	0.8004485916600999	0.16134298668427466
0.153229	0.5917372305271442	0.16030893266805585
0.153533	1.0376756726986116	0.15984088185169013
0.153838	0.9420857671125162	0.1575473914837649
0.154143	0.4853238158930111	0.15829311160813725
0.154447	0.6002316365066633	0.15598424423790605
0.154752	1.0888150747442893	0.15718990633001212
0.155056	1.1149191345397185	0.15661518396567903
0.155361	0.5193332887490527	0.1561083703333012
0.155666	0.7942715420928153	0.15704841285020893
0.15597	0.9927825098347682	0.155399661346222
0.156275	0.815303957513791	0.15662961585911983
0.15658	0.7988632808811644	0.1552749859265513
0.156884	0.4767400393391057	0.15538494957035442
0.157189	0.7306152950432505	0.15545401208106963
0.157494	0.7604547442958136	0.15401719625453394
0.157798	0.693717568843411	0.15485540347914936
0.158103	0.8302340833988495	0.15333727959720098
0.158407	0.896548174665611	0.15434307937840813
0.158712	0.6605608339889528	0.1546085807601563
0.159017	0.8530295908733763	0.1537124213382179
0.159321	0.7140085680566699	0.15411791956375945
0.159626	0.6299759716758331	0.15145638023432562
0.159931	0.9770120613690239	0.15380204385680313
0.160235	1.1320666561762067	0.1532905799860491
0.16054	0.8315377734067795	0.15258846753416494
0.160844	0.6666036664044128	0.15303771436990937
0.161149	0.8531891188040817	0.1513848813325834
0.161454	0.6785468371361105	0.15292003729753095
0.161758	1.0080151534225195	0.151403981599373
0.162063	0.9622744767899434	0.15171630278952988
0.162368	0.7779362942564774	0.15131561779078168
0.162672	0.6725509598741155	0.15132977339783116
0.162977	0.8107801652242586	0.1524227366276261
0.163281	0.4420226278520971	0.150153009192333
0.163586	0.5853583792289356	0.15110664159117213
0.163891	0.729159638080219	0.15171441182869572
0.164195	0.8068137765539092	0.15016766307732007
0.1645	0.592922942564897	0.15105801460198803
0.164805	0.5841166561762492	0.14942295522494323
0.165109	0.519456404405986	0.1504342625698766
0.165414	0.8319994492525353	0.1499984198753948
0.165719	0.5141044610543162	0.14931943381951945
0.166023	0.9732614398111679	0.15071012772155007
0.166328	0.8043049960660653	0.14927785254478293
0.166632	0.6486415656962663	0.14999093480057316
0.166937	0.8586424232886998	0.14832761474900158
0.167242	0.5860519118804177	0.1488786598432597
0.167546	0.6124579779701094	0.1490600309949745
0.167851	0.512281628638874	0.14924464799266135
0.168156	0.5687602989771818	0.14821520435232946
0.16846	0.9996495436663935	0.14838970949096644
0.168765	0.638706113296621	0.14881727195979455
0.169069	0.6958793154995959	0.1481945512715554
0.169374	0.6653481195908313	0.14796491466003497
0.169679	0.9571830527143987	0.14847574031044855
0.169983	0.7662862785208375	0.14701844013784024
0.170288	0.8495133438237588	0.14820802344076847
0.170593	0.8416905979543685	0.14701196590091023
0.170897	0.4928657828481562	0.14735655253116547
0.171202	0.7855498190401562	0.1467627234522242
0.171506	0.6660376632572564	0.147559167858926
0.171811	0.5237743430369761	0.14793197158271934
0.172116	0.7421188198269135	0.14546473888263217
0.17242	0.6047728953579679	0.14678126145507356
0.172725	0.6708127930763084	0.14578793908790075
0.17303	0.48618020456333966	0.14743824915176548
0.173334	0.7709208339889955	0.1467787613852279
0.173639	0.4689429740361817	0.14460922634455908
0.173944	0.54936900078674	0.14709703143170716
0.174248	0.9897612195122036	0.1451204939636252
0.174553	0.9846109834775945	0.14628137374656827
0.174857	0.46533007867817844	0.14531056198567005
0.175162	0.7665208733280906	0.14529377509674876
0.175467	0.7448934303697712	0.14637731526841707
0.175771	0.43862923682139865	0.14444365356692737
0.176076	0.42143481510622394	0.14572468340404734
0.176381	0.7536214083399102	0.14410446962933837
0.176685	0.5400278442171782	0.1452233351691358
0.17699	0.7472412509834925	0.14586379975506916
0.177294	0.6781996144767817	0.14293244899347313
0.177599	0.7387196852871512	0.14485127594580816
0.177904	0.5759209047993039	0.1444169892047713
0.178208	0.6797934382375956	0.1443108398222464
0.178513	0.45417207710465846	0.1444750467083637
0.178818	0.6848671203776462	0.1431245744461579
0.179122	0.34657441384736387	0.14451227632927766
0.179427	0.5714974193547988	0.14341644808244502
0.179731	0.7168376868607709	0.14312299049281835
0.180036	0.4779523839496562	0.1435715403162687
0.180341	0.8172457199055998	0.14261461372487233
0.180645	0.9201041620770809	0.14396355120687054
0.18095	0.974517970102255	0.14318469784681923
0.181255	0.9391909126671294	0.14322060114381283
0.181559	0.6852686782061141	0.1431933766981714
0.181864	0.757304193548336	0.14237728238298678
0.182169	0.49426910306840455	0.14327481813130746
0.182473	0.5680422108575698	0.14243826476954677
0.182778	0.6220250826121116	0.14216377077779402
0.183082	0.7110572541305942	0.14197524461868116
0.183387	0.6064603540519329	0.14240735827393927
0.183692	0.6389136428009436	0.14186189451889478
0.183996	0.6143540283241293	0.14204169437012246
0.184301	0.5318383320220192	0.14169374314378894
0.184606	0.6999385129818734	0.1419112031323051
0.18491	0.7450588670338476	0.14201744820440376
0.185215	0.5779621636506533	0.14083215011316016
0.185519	0.8596722659323461	0.14186180371096285
0.185824	0.6184572934697314	0.1416124276080042
0.186129	0.7574667663257202	0.14071597921474924
0.186433	0.5582775688434367	0.14190814875965146
0.186738	0.44609859952795716	0.13996352468348258
0.187043	0.5887495908733058	0.14139862564585573
0.187347	0.46076020456334277	0.14075176840896966
0.187652	0.46104918174664533	0.14020864275662462
0.187956	0.6265398977183452	0.1409101625385923
0.188261	0.5319513532651428	0.13958490922916583
0.188566	0.6164561919748337	0.14090075938449148
0.18887	0.7753433988985137	0.14024664039691687
0.189175	0.7243709441384709	0.13976815280069468
0.18948	0.7634346656176234	0.1397695425666152
0.189784	0.6017240833989206	0.13943847671501455
0.190089	0.46816828481509276	0.14037304927170033
0.190394	0.7634327773406682	0.13930252584545455
0.190698	0.5951935719905634	0.13958704497330907
0.191003	0.764327442958276	0.14007680018722035
0.191307	0.4996213847364288	0.13884067337569275
0.191612	0.5799036506687543	0.13915530338964735
0.191917	0.5771354209284283	0.1379536794112791
0.192221	0.7765347128245708	0.13930493731159413
0.192526	0.5855639181746568	0.13891200120977285
0.192831	0.46789507474430536	0.13882278754877903
0.193135	0.5523152793076775	0.13847309176049602
0.19344	0.5503916207710091	0.138197354522013
0.193744	0.5746682454760048	0.1389100148705607
0.194049	0.47862843430368684	0.13826369708270042
0.194354	0.5730271282455135	0.1376733137915908
0.194658	0.5995020771046313	0.13791252948790392
0.194963	0.41012144767897496	0.1370155287403382
0.195268	0.7587074036192263	0.13783599155179585
0.195572	0.6457463571990729	0.136725931259462
0.195877	0.5113879701022768	0.13749439732286486
0.196181	0.5907425177025942	0.13733908851578935
0.196486	0.5542949645947886	0.13651604729781106
0.196791	0.4987034225019471	0.13718528967848548
0.197095	0.6666275452399475	0.13562966890323483
0.1974	0.903171896144741	0.13727844627193692
0.197705	0.4191722974036338	0.1364962709675367
0.198009	0.43808616050350224	0.13616491751736762
0.198314	0.5374917702595781	0.1369464312746451
0.198619	0.5302773328088222	0.1357680790481558
0.198923	0.45862059008655365	0.13725297351753993
0.199228	0.35681189614481923	0.13627116661317135
0.199532	0.40558976396540913	0.135787522936834
0.199837	0.3824006058221556	0.13702158470143544
0.200142	0.5819111014948817	0.13562086774911164
0.200446	0.439335145554665	0.13664329408154485
0.200751	0.42088662470494853	0.1357278837539261
0.201056	0.5246796144767814	0.13584563020967902
0.20136	0.47832120377651677	0.13597661397995722
0.201665	0.4525011329661197	0.13514442168736657
0.201969	0.5528161132966005	0.13616456346280348
0.202274	0.4148032887490274	0.1346906939242287
0.202579	0.3708241542092878	0.13580396339820922
0.202883	0.4742221321793494	0.13492887514700863
0.203188	0.5953998347757619	0.135674971049476
0.203493	0.5766189378442306	0.13578998021228356
0.203797	0.6298239575137927	0.13440219275034465
0.204102	0.36420361132965695	0.13559683196051905
0.204406	0.6500607159716907	0.1337486155273176
0.204711	0.4529048151062227	0.13471794151962674
0.205016	0.5786916679779495	0.13437738448005015
0.20532	0.5371848701809654	0.13514308344354925
0.205625	0.43261283241540127	0.13482740446434527
0.20593	0.30979121951219213	0.13358687063834215
0.206234	0.546923477576712	0.13485154133510815
0.206539	0.3552509756097635	0.13388319229889292
0.206844	0.5946844217151721	0.13369982265124836
0.207148	0.5000297088905938	0.13431943592563866
0.207453	0.40800464201414854	0.13319040315980477
0.207757	0.6767612745869229	0.13415622378988923
0.208062	0.6783178127458456	0.1337258917997323
0.208367	0.4315423446105342	0.13340390450749712
0.208671	0.5879072147914854	0.1336055294355515
0.208976	0.6446977183320399	0.1333973820012932
0.209281	0.5820999134539733	0.13356106917382707
0.209585	0.3922000472068987	0.13278504947221406
0.20989	0.5950145397324604	0.13275034706589495
0.210194	0.5448464909520254	0.13325261652489667
0.210499	0.38507560188828904	0.13279942445432666
0.210804	0.5123493863099924	0.13311951795717675
0.211108	0.41067239181747084	0.132317742220364
0.211413	0.4603818410700171	0.13234568325894763
0.211718	0.7156512903225831	0.13339808270894338
0.212022	0.5059228638866671	0.13565298170885082
0.212327	0.606451306058247	0.13841827160724707
0.212631	0.36292436664047045	0.13921390607314604
0.212936	0.6232840991345086	0.14118233958257925
0.213241	0.5060749331235002	0.1415422671292017
0.213545	0.6848202911093466	0.14108168399778098
0.21385	0.4548588276947214	0.14170686558801945
0.214155	0.40348370574352543	0.14201351603675694
0.214459	0.2578229189614376	0.14280485662272988
0.214764	0.6842978992919058	0.14290490166120584
0.215069	0.4396874350904909	0.14289189842373837
0.215373	0.21344233674267343	0.14331637826360275
0.215678	0.45677944138471105	0.14439898220171907
0.215982	0.793686593233673	0.14402154858835345
0.216287	0.7645031785995116	0.14400428394034978
0.216592	0.5512394335168835	0.14517234946286642
0.216896	0.6764267505900818	0.1437614232502117
0.217201	0.4674804012588254	0.14036751029560066
0.217506	0.3703799527930727	0.13776519359320635
0.21781	0.44407911880411177	0.1366924200521282
0.218115	0.597064838709656	0.13696937974250126
0.218419	0.5193829661683509	0.13482724471631055
0.218724	0.3369076003147171	0.13576956735046727
0.219029	0.47925490165225426	0.13406978397561306
0.219333	0.4351261919748026	0.13490121102781039
0.219638	0.47152299763962446	0.13505046055200165
0.219943	0.3300419669551644	0.13317057402719085
0.220247	0.30442768686073407	0.13477354082208468
0.220552	0.5446867348544373	0.13319166615771896
0.220856	0.389137411486999	0.13411039199545297
0.221161	0.40713502753737885	0.13403812856153424
0.221466	0.6429412116443842	0.13173232429448162
0.22177	0.6383790952006194	0.13401048986535677
0.222075	0.5040138080251495	0.13247744756875351
0.22238	0.5247733202203193	0.13295918858022243
0.222684	0.5414562627852177	0.13254668818681578
0.222989	0.24483228953579328	0.13211074656542268
0.223294	0.5827116679779891	0.13296897793287513
0.223598	0.6683328796223407	0.1316632068473169
0.223903	0.3871155861526603	0.13172672194058624
0.224207	0.23367830055070726	0.13186991942830387
0.224512	0.7272907474429502	0.1316556479955137
0.224817	0.44172864673481627	0.13237611861112153
0.225121	0.4064088512982096	0.13081595711748759
0.225426	0.3385106451612785	0.13147779073911797
0.225731	0.3784165617623927	0.1310061813258142
0.226035	0.5849787568843396	0.13146346019799196
0.22634	0.4046939024390497	0.13096866598486198
0.226644	0.18436789929188535	0.1301639676733115
0.226949	0.4099625177025814	0.13101746123391575
0.227254	0.3944102753736871	0.13035228063698903
0.227558	0.5176953501180748	0.13060255992345368
0.227863	0.3029407081038471	0.12994205026918784
0.228168	0.4015260660896729	0.13033979874375629
0.228472	0.3245101022816783	0.1308441104688975
0.228777	0.34527074744292463	0.12939954680251867
0.229081	0.5000040833989203	0.1298063027619141
0.229386	0.5325838394964961	0.12924858421042093
0.229691	0.46606140047205713	0.13009035799253119
0.229995	0.45089509047993204	0.1302254674393581
0.2303	0.6432559874114929	0.1289532839414515
0.230605	0.3719148701809587	0.1291520123194633
0.230909	0.3543187883556129	0.12909285385802804
0.231214	0.5315446105428521	0.12993773160448885
0.231519	0.43737004720689754	0.12878981077370258
0.231823	0.4203447285601669	0.12811169584065013
0.232128	0.5248761132966138	0.12944796336141653
0.232432	0.3758967112509737	0.12839858342888102
0.232737	0.4135642800943913	0.12892570852765756
0.233042	0.5294593863100374	0.1279409697439153
0.233346	0.4329103776553751	0.1283667977466107
0.233651	0.414412564909469	0.1291968662016186
0.233956	0.22078094413843985	0.12740674052722756
0.23426	0.36888018095983455	0.1283497052018178
0.234565	0.591234044059803	0.1273062376175175
0.234869	0.39454617623918864	0.12827395329723007
0.235174	0.3345802596380878	0.12784057994624887
0.235479	0.4166327537372041	0.12733605088692732
0.235783	0.4776177655389233	0.12775011797752756
0.236088	0.5573502596380706	0.1272310982438949
0.236393	0.5820601337530036	0.12798310720183598
0.236697	0.5037975295042685	0.1264835701936571
0.237002	0.5955144217151656	0.12746603009598376
0.237306	0.32838695515343375	0.12794614210625774
0.237611	0.5899187254130425	0.12647815425824427
0.237916	0.5326908733280789	0.12729355600312997
0.23822	0.3261007789142383	0.1263370244494338
0.238525	0.2530695751376868	0.12687700569339122
0.23883	0.4344056018882725	0.1272245427767189
0.239134	0.5608825806451847	0.12578608314389988
0.239439	0.5656760424862313	0.12693693394827887
0.239743	0.4911687568843206	0.12579418861869043
0.240048	0.3797102675058568	0.12657596998016085
0.240353	0.4271026671911642	0.12653409074172353
0.240657	0.4605676475216427	0.12586463347515717
0.240962	0.5242551848937609	0.12683163416347287
0.241267	0.4833723052714163	0.1252040147780755
0.241571	0.4677102596381104	0.12605216185518325
0.241876	0.3308334854445292	0.12565225633932398
0.242181	0.518001864673451	0.12540108595415073
0.242485	0.3356365538945596	0.12643781507987525
0.24279	0.5603079464988241	0.12525427944868614
0.243094	0.31162955153425287	0.1250656762915368
0.243399	0.26834904012586946	0.1251843527425635
0.243704	0.4499925885130267	0.1253928099437394
0.244008	0.4900922423288705	0.1253823905862896
0.244313	0.4402117545240145	0.12453271905812355
0.244618	0.26667358772620275	0.124832047763362
0.244922	0.4654273406765981	0.12477647251895893
0.245227	0.47798486231313575	0.12510774499523916
0.245531	0.4051424232887655	0.12485020971775654
0.245836	0.4483936742722534	0.12446628464361702
0.246141	0.5628785129819107	0.12490915420446838
0.246445	0.34873187254129334	0.12424980131489098
0.24675	0.32702500393388334	0.12450925256808437
0.247055	0.2583675216365293	0.12399324485353745
0.247359	0.45397906372930663	0.1238041114148284
0.247664	0.41756495672697724	0.12378464573782161
0.247968	0.3607423210070664	0.12369647878512323
0.248273	0.23866808811960993	0.12400212723408018
0.248578	0.2582159952793006	0.12324014684277282
0.248882	0.46054016522420227	0.12379984900775941
0.249187	0.44324945712040176	0.12312708459263307
0.249492	0.3085575924468884	0.12327054944343578
0.249796	0.5458215656963006	0.1234944427003826
0.250101	0.577141502753733	0.12244364636282462
0.250406	0.26029030684502175	0.12406651206729678
0.25071	0.5489616365067178	0.1224372159804569
0.251015	0.4338605271439775	0.12320412156493385
0.251319	0.31035284028325805	0.12305406995791114
0.251624	0.24968710464206367	0.12235840569110627
0.251929	0.4945994571203727	0.12386059081439107
0.252233	0.26275874901651264	0.1224887860362097
0.252538	0.2885621321793508	0.12285190470003624
0.252843	0.33878527930761493	0.12271450881340204
0.253147	0.48901593233676977	0.12303901061693663
0.253452	0.46109265932338417	0.12306272679767348
0.253756	0.4876735169157911	0.12165080767801226
0.254061	0.2562188512981862	0.12261656270961341
0.254366	0.4656732730133939	0.12225851246989158
0.25467	0.37158536585369006	0.12215192225942871
0.254975	0.22493069236818997	0.12279211095144324
0.25528	0.2619454523996865	0.12163407646651513
0.255584	0.2740002439024778	0.1224004318411846
0.255889	0.5000087647521667	0.12206656038093204
0.256193	0.6852686939417794	0.1217926758982335
0.256498	0.4338408103855329	0.1217936745054374
0.256803	0.709237167584547	0.12160930974665374
0.257107	0.254427277734095	0.1219379700499346
0.257412	0.5673120141620842	0.12154685854881184
0.257717	0.06880232100708383	0.12158364670700937
0.258021	0.2701453973249386	0.12163554144174107
0.258326	0.37122281667977575	0.12147250866329767
0.258631	0.18913783634931747	0.12184410675871214
0.258935	0.5843346184106792	0.12039067237508225
0.25924	0.09004408339885117	0.12166522443175472
0.259544	0.2663009047993512	0.12119886676113706
0.259849	0.5851351612902818	0.1210560080262654
0.260154	0.3990188355625577	0.12092161157047743
0.260458	0.46325258851297235	0.12061549412722385
0.260763	0.4401387883556396	0.12151917121857216
0.261068	0.4428156963021337	0.12003495733388296
0.261372	0.22995598741151468	0.12090407271327545
0.261677	0.4138547049567336	0.12082988675475541
0.261981	0.5417331785995287	0.1202499058254246
0.262286	0.20679442171517337	0.12098768139023772
0.262591	0.4101299370574054	0.11984465875687154
0.262895	0.48748898505110105	0.120476003551923
0.2632	0.21235879622345522	0.12053120395599559
0.263505	0.2683410228166565	0.12030296560595415
0.263809	0.5794737372147551	0.12037684752353588
0.264114	0.4623437214791295	0.11926910721929491
0.264418	0.22974712824549215	0.12035143839455248
0.264723	0.41646593233673457	0.12003985646613037
0.265028	0.24877372934696496	0.11997904696779292
0.265332	0.3990019984264279	0.11940757487460836
0.265637	0.2780664280094527	0.11973307286023853
0.265942	0.4340752557041725	0.11998568527850773
0.266246	0.4440253737214732	0.11897124194606043
0.266551	0.28657357985835574	0.11954944075621025
0.266856	0.46876066876474454	0.11924078076881418
0.26716	0.27638306845001637	0.11987577986452654
0.267465	0.37946131392607185	0.11925776146966395
0.267769	0.3736998741148625	0.1187709385752072
0.268074	0.3130490558615122	0.11933181742155186
0.268379	0.46628755310781855	0.11916036088561271
0.268683	0.36681901652244164	0.11954818947962113
0.268988	0.12736969315496083	0.1183836153674372
0.269293	0.27127594020453216	0.11833103795704324
0.269597	0.3288678206136808	0.11905545444387178
0.269902	0.34705073957515253	0.11848566399781943
0.270206	0.3272208418568141	0.11887753573569365
0.270511	0.32535764752162777	0.11849350552205293
0.270816	0.3176615971675716	0.11838625191268626
0.27112	0.25864520849722794	0.11931184074365717
0.271425	0.4279734382376006	0.11741204224680939
0.27173	0.42736676632567594	0.11863114595356944
0.272034	0.4596250039339509	0.1177513990929179
0.272339	0.4528167112509607	0.1182130242519299
0.272643	0.2722366168371053	0.11911182360416973
0.272948	0.24849881982689226	0.11704780180982445
0.273253	0.1299364988198306	0.11821555869349495
0.273557	0.29418778127460143	0.11775006495217957
0.273862	0.6369737608182504	0.11771662279837551
0.274167	0.21671420141619535	0.11808638056343014
0.274471	0.3077490715971436	0.11715769407904053
0.274776	0.3098204956726818	0.11832699541068502
0.275081	0.34789322580644466	0.11726447232479072
0.275385	0.31791465774976757	0.11723836430943878
0.27569	0.4470185365853325	0.11742359199453299
0.275994	0.27310158929975614	0.11751320930791592
0.276299	0.2583059244689281	0.11782804923929628
0.276604	0.3757650511408457	0.11985219873947855
0.276908	0.38634817466561344	0.1218347024650641
0.277213	0.24541221872544838	0.12426500984305928
0.277518	0.35009952793076593	0.12825337666772338
0.277822	0.5513956097560566	0.1291777766472957
0.278127	0.4410845554681515	0.13075382528557206
0.278431	0.24111112509835664	0.13252524012465577
0.278736	0.33992933123523983	0.1332987971438071
0.279041	0.13147236034618004	0.13535044703672774
0.279345	0.2599342879622384	0.1357999347196506
0.27965	0.21993662470495678	0.13777093953424788
0.279955	0.13395519276157586	0.13961994306485498
0.280259	0.38468027537371086	0.13970694959698302
0.280564	0.2411304484657819	0.14130788018931445
0.280868	0.25638210070809464	0.1401492778458442
0.281173	0.27591142407555935	0.14275138745479843
0.281478	0.4556605035404999	0.1440285634801413
0.281782	0.4008825570417258	0.14187492953478148
0.282087	0.23683273800162397	0.14538308364399716
0.282392	0.11963124311567697	0.14377007988328644
0.282696	0.3415658693942021	0.14597839625933345
0.283001	0.25648839496462017	0.14622882891423852
0.283306	0.44550690007866933	0.1458285017738374
0.28361	0.1732364280094174	0.1478724648545573
0.283915	0.5466461054288203	0.14716984312017006
0.284219	0.4826241856805922	0.14869088849177806
0.284524	0.4664784028323936	0.1488580016840351
0.284829	0.28891918174662123	0.14872521576719228
0.285133	0.33718385523208383	0.1511480623159043
0.285438	0.31554653029111535	0.14949232305132729
0.285743	0.380089055861518	0.15227599768385114
0.286047	0.4664338080251724	0.15087764253440442
0.286352	0.3786181353265192	0.15185500340678296
0.286656	0.27445180959871607	0.15337981053515504
0.286961	0.20042477576713225	0.152259224313198
0.287266	0.35045674272225824	0.15433638512515802
0.28757	0.1686159559402114	0.15342834918005063
0.287875	0.5932024704956973	0.15567405264418413
0.28818	0.3187052793076077	0.15439929814511832
0.288484	0.35165420928403535	0.15554343590259584
0.288789	0.3506139968528572	0.1570332202321625
0.289093	0.21188566483088778	0.1559786458361068
0.289398	0.3715660031471373	0.15731582819546974
0.289703	0.3422952242328847	0.1562722856194573
0.290007	0.32901026750590745	0.15696789897767666
0.290312	0.15971022816677305	0.1583708535076735
0.290617	0.32785115656960784	0.15720975749568036
0.290921	0.3189030133752624	0.15873269045709076
0.291226	0.30137811959090754	0.1566078878684097
0.291531	0.19242867033834443	0.15984953455788653
0.291835	0.6369545790715563	0.16030836491707554
0.29214	0.5489968292682619	0.1586402958044936
0.292444	0.373456726986646	0.16183935171765523
0.292749	0.018024901652268	0.15945131857145867
0.293054	0.4061317230526811	0.1624550061044989
0.293358	0.2864565696301895	0.1609755034449324
0.293663	0.609569464988212	0.16248258002258462
0.293968	0.19953827694729398	0.16394035069383428
0.294272	0.41185836349329463	0.16190591738298318
0.294577	0.09339499606610957	0.16497996492779643
0.294881	-0.1137392132179258	0.16256712278551397
0.295186	0.5133823210070432	0.1647563892256248
0.295491	0.2886794492525411	0.16551770251776982
0.295795	0.44844405192760917	0.16544436784970482
0.2961	0.17074850511404804	0.16680165535314997
0.296405	0.12151963808027233	0.16441949873851508
0.296709	0.3354924704956517	0.16839065302641743
0.297014	0.09431090479934312	0.16697297452273263
0.297318	0.4082671518489178	0.16813928861213875
0.297623	0.025198937844209013	0.16813639436773672
0.297928	0.6331413768685934	0.16847229246319195
0.298232	0.626341534224963	0.17054824340484379
0.298537	0.3884391738788082	0.16897044226196997
0.298842	0.0929291896145088	0.1704368417744195
0.299146	0.28561989771830554	0.17024284755346875
0.299451	0.24100018095987252	0.17182621047297097
0.299756	0.5037884343036865	0.1713514356998109
0.30006	0.15565490952005234	0.1717417236104589
0.300365	0.07506387096775313	0.17264078163320973
0.300669	0.33946461054286203	0.1737692179993546
0.300974	0.338721243115657	0.17254746051596473
0.301279	0.18196001573562626	0.17518178365775589
0.301583	0.36333871754524694	0.1733326344697295
0.301888	0.703006309992162	0.1755960854476906
0.302193	0.4005335011801918	0.17662857094940282
0.302497	0.10790095200626126	0.1743749013915459
0.302802	0.1469879150275517	0.17686927817698048
0.303106	0.5004363729346863	0.17607564111994947
0.303411	0.42512686860736437	0.17871907541156828
0.303716	0.2461576160503398	0.1781477230272488
0.30402	0.5109841227379661	0.17635041614801789
0.304325	0.3992889142407279	0.17940430847609812
0.30463	0.2975685680566045	0.17809835068399998
0.304934	0.29957995279306715	0.17853867304055723
0.305239	0.2975032730133904	0.17951254249511306
0.305543	0.28707369000787253	0.17848289945049425
0.305848	0.4275229504327456	0.18108820606159093
0.306153	0.20996875688435068	0.18074854292698223
0.306457	0.17413153422502603	0.18165293779812852
0.306762	0.3846261369000672	0.18097712905867305
0.307067	0.23514110149491785	0.1823435026251538
0.307371	0.657303257277718	0.18209081409493186
0.307676	0.11689848937841418	0.18335650674045112
0.307981	0.2213257985837771	0.18282130598726257
0.308285	0.18476537372143298	0.1852361076658987
0.30859	0.4266069394177521	0.1849716395148937
0.308894	0.350466325727794	0.18304915602904517
0.309199	0.6316649881982528	0.18607503663826108
0.309504	0.0640237214791739	0.18446323660962907
0.309808	0.4746792840283547	0.1878653823214087
0.310113	0.48120439811175686	0.188362516478903
0.310418	0.4257761526356916	0.18644762241398796
0.310722	0.22891444531862248	0.18925578626425402
0.311027	0.05591633359560433	0.18543696761175132
0.311331	-0.2522646813532532	0.1913404361151074
0.311636	0.13549146341463825	0.19021983555207758
0.311941	0.4920066089692767	0.18891014480994803
0.312245	0.2957222974036	0.19207410033332867
0.31255	0.39863713611327967	0.18905477733985573
0.312855	0.41369511408336734	0.19365530854173926
0.313159	0.34737619197481706	0.19108058167375708
0.313464	0.6131360818253029	0.1929141125602263
0.313768	-0.10499491738787015	0.19450047396806586
0.314073	0.38077125098347153	0.18960121679339353
0.314378	-0.0021812588513228093	0.19653593197395772
0.314682	0.19470302124312866	0.19132721839067998
0.314987	0.520235625491722	0.1934038350093295
0.315292	0.31895730133753375	0.19615688053411973
0.315596	0.17999472856018883	0.19048582116472754
0.315901	0.07690715971673967	0.19604455808731067
0.316206	0.8200665460267658	0.192395902910901
0.31651	0.11810814319437668	0.1948834509892671
0.316815	-0.05045106215574435	0.19589842391421383
0.317119	0.23375907159717713	0.194057659536558
0.317424	-0.0896630291109517	0.19858782557407062
0.317729	0.2593295751376985	0.19521676780404207
0.318033	0.30260610542882205	0.19817858740895347
0.318338	0.12229987411488707	0.1980502120671045
0.318643	0.5956842564909408	0.19704408028505285
0.318947	0.459957726199832	0.2022845525175111
0.319252	-0.10218022029897611	0.19619543364026132
0.319556	0.5101118174665231	0.20144809740333422
0.319861	0.48315472069234033	0.20029297219807557
0.320166	0.43732085759246786	0.20059685796227297
0.32047	2.0630251376868785	0.2070879724415619
0.320775	-0.19567616050350978	0.1996009767689302
0.32108	0.02878301337527489	0.20551655768534788
0.321384	0.6576671518489263	0.2018367300827449
0.321689	0.4981584500393694	0.2043788460633667
0.321993	0.42451713611325204	0.204793533565427
0.322298	0.28571229740360593	0.20467566668810044
0.322603	0.40774229740361534	0.20807086885096382
0.322907	0.3831175216365068	0.2038705683134913
0.323212	0.5018805900865573	0.20791981119226094
0.323517	-0.003823461841065523	0.20678334660175218
0.323821	0.017451227379993384	0.20801799455108455
0.324126	0.3303085208497407	0.21153143436846678
0.324431	0.6633812509834769	0.20611132567656665
0.324735	0.11442652242328677	0.2116902979844898
0.32504	0.16329264358770956	0.2083558939250701
0.325344	0.27614335169153037	0.21233728953587688
0.325649	0.43198819826908164	0.21154298717296974
0.325954	-0.009800322580673537	0.211721019757704
0.326258	0.23226018095988366	0.2148409241271271
0.326563	0.2925100786781911	0.21117013685151254
0.326868	0.405626522423276	0.21543850109768012
0.327172	0.059015814319437254	0.21349779021699514
0.327477	0.26044518489378277	0.2161303100365665
0.327781	0.5070533910306523	0.21842174431558714
0.328086	0.20296737214790994	0.21394989318398278
0.328391	0.3261109047993074	0.21921704089741437
0.328695	0.26826232100712843	0.21509066491323417
0.329	0.4629211408340126	0.22134805115034764
0.329305	0.6898452635720389	0.21925140311244506
0.329609	0.4812093784421876	0.2184859752219274
0.329914	0.5697230763178425	0.2233519057013063
0.330218	0.2872627222659361	0.2184734941535351
0.330523	0.09748885916600614	0.22390255186229596
0.330828	0.02180612903224244	0.2217438534956756
0.331132	0.2119657277733893	0.2235958535340357
0.331437	-0.0038928953580068537	0.2259718900066356
0.331742	-0.2753488512982045	0.22121488194144134
0.332046	0.45372818253342473	0.22805902896346525
0.332351	0.5759442486231592	0.224225235084744
0.332656	0.5617022580645141	0.22769002767641466
0.33296	0.42718284815107666	0.230388646656215
0.333265	0.0672021085759269	0.2247978208378428
0.333569	0.2232188276947653	0.23164297400411968
0.333874	0.7520098898504983	0.22714091140860954
0.334179	0.04318288749013277	0.23324156461970721
0.334483	0.17699675845790352	0.22959466218196847
0.334788	0.22930045633357565	0.23184409443876763
0.335093	0.01483380015736202	0.235740416237536
0.335397	-0.15174637293469573	0.2298039055427669
0.335702	0.8729859402045577	0.2370265153436762
0.336006	0.5978801494885744	0.2320441119120148
0.336311	0.5197899291895851	0.23645736106516765
0.336616	0.5427415420928128	0.24119133080490815
0.33692	0.26674587726192556	0.23298251018893346
0.337225	0.05897353265142158	0.24165796954395588
0.33753	0.4391428953580032	0.23500971798646791
0.337834	-0.034252210857601995	0.2416293913039311
0.338139	0.6282037293469642	0.24172352938202524
0.338443	0.01745563335953193	0.23861405702290517
0.338748	0.2153106372934559	0.2464884055883872
0.339053	0.2444757356411884	0.2390142299190915
0.339357	0.2882775609756152	0.24578533721747917
0.339662	0.005403870967782609	0.243430636505281
0.339967	0.18849092840282822	0.24554759699389142
0.340271	-0.10825683713613898	0.251426852290029
0.340576	0.10224584579071916	0.24223334938804275
0.340881	-0.0018500708103772467	0.250951804436983
0.341185	0.28179885129817706	0.24732418893261796
0.34149	-0.01462671125099746	0.25064841281363187
0.341794	-0.08357776553897622	0.25483880069348025
0.342099	0.5052396538158774	0.24922439313198208
0.342404	0.7181129583005514	0.2565707884336777
0.342708	-0.34738835562552595	0.24923953668554258
0.343013	0.5257559952792832	0.25714693461032034
0.343318	0.3264170259638206	0.2560082141010246
0.343622	0.16707962234460183	0.2549217280551789
0.343927	0.17922662470495254	0.26387903376497546
0.344231	0.1948878678206114	0.2523694178433317
0.344536	0.5767552084972181	0.26285587395230026
0.344841	0.2924919826907768	0.25931009418326073
0.345145	0.1079063808024614	0.26149667682948924
0.34545	0.13080194335169892	0.2697794967061229
0.345755	-0.08541416207710029	0.25534861799874015
0.346059	0.3064111408339585	0.2693713534008512
0.346364	0.05272741935480951	0.2631942679544343
0.346668	-0.0008344295829942894	0.2685121425431664
0.346973	0.43676031471284205	0.2687663737767866
0.347278	0.10585575924469026	0.2661476414137462
0.347582	0.3205597560975235	0.2767954016323864
0.347887	0.2783065381589296	0.26554701937594405
0.348192	0.1869227222659049	0.27505907348547465
0.348496	0.2715203776554205	0.27138650740392073
0.348801	0.2149559402045469	0.27352237666878315
0.349106	0.23772926829266794	0.2808132708481305
0.34941	0.7406195594020204	0.26587465403405464
0.349715	0.08698719118805798	0.2793759416719468
0.350019	0.0517941935484032	0.27069882395539924
0.350324	0.06276760031470019	0.27437964703311285
0.350629	0.09050153422499818	0.2770934229812256
0.350933	0.5395845239968509	0.2714472864603743
0.351238	0.3288631707316938	0.2788671638119105
0.351543	0.29511531077891107	0.2700462077220299
0.351847	0.4571597403618881	0.27864407822643134
0.352152	0.502311848937822	0.2761401957512519
0.352456	0.2778303933910138	0.2766071686987435
0.352761	0.271924075531075	0.2843512454925827
0.353066	0.5975610778914415	0.27555245556167873
0.35337	0.46548671911881456	0.28429805913724654
0.353675	0.4733217702596306	0.2791698465838606
0.35398	0.3298538237608142	0.2858056107075702
0.354284	-0.005186396538164217	0.29027061489373013
0.354589	-0.11535271439812789	0.28043172026371704
0.354893	0.06324873328087222	0.2931392009635343
0.355198	0.0965757356412098	0.28238842373825473
0.355503	0.7096666719118616	0.29289515110207676
0.355807	0.11283523996853262	0.2916456131591385
0.356112	0.3599181353264953	0.2920818843104622
0.356417	-0.3044216994492501	0.3023248567680797
0.356721	0.1668968292683246	0.2864723280373789
0.357026	-0.025884138473642793	0.30182194772938065
0.35733	-0.026177765538960784	0.2953920692472313
0.357635	0.1727910306844933	0.30176637379930726
0.35794	0.40068630999212473	0.3109080069135637
0.358244	0.22375952006295563	0.2925937030789786
0.358549	0.2080076632572485	0.3103921397544004
0.358854	0.4787981431943251	0.3010854731856065
0.359158	0.5779550747442528	0.309109324896346
0.359463	0.08654599527932305	0.31194681989333617
0.359768	0.37324441384737383	0.30734211551045904
0.360072	-0.3475718646734549	0.32020289272040375
0.360377	0.5616072462627955	0.30508304889041316
0.360681	-0.034374752163671474	0.3214407608695444
0.360986	0.42204513768686525	0.3137620902535977
0.361291	0.33136885129817983	0.32006993914847853
0.361595	0.2792378442171213	0.3317615177668334
0.3619	0.07227372147912092	0.31102827923358695
0.362205	0.6277773564122668	0.33008956822075614
0.362509	-0.22104304484658144	0.3201057300986858
0.362814	0.6732852242328988	0.33103947839359854
0.363118	0.3206776711250825	0.3357215963421218
0.363423	0.39580814319430146	0.3216475118799421
0.363728	-0.020690440597974202	0.3449152188780648
0.364032	0.21686895357986202	0.32553472214430146
0.364337	0.4461817151848635	0.34493956642230483
0.364642	0.4839358693941733	0.3384067958550899
0.364946	0.7376592682926884	0.33836057729837105
0.365251	0.030546011014934038	0.3581029990707429
0.365555	0.4626943902439393	0.3320083044600944
0.36586	-0.015856011014960814	0.35595065857044633
0.366165	0.7736680566483329	0.34370266946339967
0.366469	-0.01941793863103669	0.35461824343663434
0.366774	0.6371553501180216	0.3701862355360002
0.367079	0.23342893784420937	0.34147103817352525
0.367383	0.29271277734066814	0.3693919337816431
0.367688	-0.13947522423291048	0.35237058159314066
0.367993	0.30259461054289716	0.3681885307559141
0.368297	0.41412060582220533	0.36889303619671004
0.368602	1.1837338158929924	0.36365435297806836
0.368906	0.7902750039338997	0.38969068215705643
0.369211	0.4677466011014815	0.35821537392058955
0.369516	0.21907035405193653	0.38758474197780857
0.36982	0.28915413847366267	0.3737246131724465
0.370125	0.11172294256488158	0.3826353915151312
0.37043	-0.03858334382378814	0.40663898211030375
0.370734	-0.30552877262000777	0.37090690478260624
0.371039	0.16998201416205916	0.4013404247393914
0.371343	0.18072367427220115	0.38568861844189134
0.371648	0.3471005114082999	0.4035210125765059
0.371953	-0.09931295043270438	0.41112951274617393
0.372257	0.07461892210857002	0.3886340377810053
0.372562	-0.7235724232887293	0.4281740880085882
0.372867	0.5439169551533638	0.39220286729990905
0.373171	1.10323467348546	0.4305984808879286
0.373476	-0.004390511408331577	0.41232260045908814
0.37378	-0.26297420928406723	0.4216254325411421
0.374085	0.7449217781274342	0.45148941363440614
0.37439	0.22646284815110107	0.4055887483026295
0.374694	0.6895795279307748	0.44911090299387685
0.374999	0.37741195121954263	0.42662184292471134
0.375304	0.6761435719905506	0.4438644450175099
0.375608	0.5093924468922353	0.4859877976350008
0.375913	0.06014520849723226	0.41615433759491177
0.376218	0.9473885051140627	0.48636799725677504
0.376522	0.10140542092840121	0.4343983663699283
0.376827	0.9748045161290264	0.48544528337907067
0.377131	0.3521505507474245	0.46974982923333275
0.377436	0.245705916601068	0.4697208939442142
0.377741	1.1265708103855587	0.5176059495862217
0.378045	0.8740609441384777	0.45548991063239047
0.37835	-0.1906504799370481	0.5183773593227553
0.378655	0.9011179779701166	0.48291994883753125
0.378959	1.07671970889065	0.514151688867683
0.379264	1.321047324940949	0.5557507422445336
0.379568	0.7987904248623039	0.4793334865168527
0.379873	0.3447985051140847	0.5531988265669008
0.380178	0.06128296616836337	0.5113085440099621
0.380482	-0.24728309992136133	0.5433708053774301
0.380787	1.1902265617624153	0.5784920375003069
0.381092	0.005992077104636451	0.5266016693977534
0.381396	0.3527082376081694	0.6372852383256198
0.381701	0.34999568056650787	0.5217587573747421
0.382005	0.2594570731707222	0.6252837169032998
0.38231	0.4834337686860266	0.5830632593894062
0.382615	1.0363505114083154	0.5931782509768523
0.382919	1.0036100393391223	0.7372141640202398
0.383224	0.4343364594807184	0.5394109529412736
0.383529	-0.2844352321007193	0.7466331098878229
0.383833	0.9825908890637152	0.588107935589263
0.384138	1.2109629897718008	0.7282860866207714
0.384443	1.2048836191974317	0.7586729224620803
0.384747	-0.17773443745080897	0.6201774588934083
0.385052	-0.4538611093627054	0.8550844178827962
0.385356	0.2726145003934164	0.6229767205539428
0.385661	2.1819397088906243	0.9088629406777602
0.385966	1.3067525727773273	0.7103173227400731
0.38627	-0.2801641227380145	0.8548518087499585
0.386575	-0.146666490952029	0.9949782273212759
0.38688	-0.3099079858379383	0.7252194626943358
0.387184	1.2518208103855244	1.0764275500032905
0.387489	1.070442690794664	0.7967244104613818
0.387793	0.01462299763963415	1.1716374667574982
0.388098	-0.7668315578284819	1.2154694904300833
0.388403	-0.15722745869398125	0.9094640926892208
0.388707	0.5810300157356494	1.3764971384990894
0.389012	0.014399559402050954	1.0430307756351611
0.389317	0.	0.
0.389621	-0.4834910857592689	1.257993390016491