0.00365322	162.25294771986228	522.5935629127349
0.00395185	8.280867630655848	332.5505174581939
0.00425048	239.7533926584765	259.01644979105066
0.00454911	380.64026696329165	214.31108413311105
0.00484773	332.4606006673275	184.67968900996442
0.00514636	448.46796440489925	154.7171908064211
0.00544499	435.96010011125145	139.57576214703838
0.00574362	698.218364849854	119.70769762237266
0.00604225	398.55747497218545	110.32093230912412
0.00634088	502.7983314794392	95.47525197349012
0.0066395	448.4492436039727	87.0480907522408
0.00693813	382.2548943270431	77.17559279628722
0.00723676	511.61779755281714	71.19814470054828
0.00753539	454.94249165741167	65.74745856709457
0.00783402	631.7743715239044	58.01227147586009
0.00813264	399.3640044494009	55.03647664579753
0.00843127	504.97518353726036	49.362401282693234
0.0087299	540.1793993325691	46.14587307433573
0.00902853	548.4089766407078	42.980397832808265
0.00932716	474.6665072302517	39.33163682738598
0.00962579	464.77943159065603	37.724016136319285
0.00992441	425.66478754172294	34.672341797486865
0.010223	480.6904137931008	32.42825455230473
0.0105217	492.07640489432833	30.53555047232746
0.0108203	485.7443726362669	28.652921555464758
0.0111189	440.2655038932164	27.446829185455286
0.0114176	435.6876440489475	25.883736471076194
0.0117162	425.78493437152474	24.314638972418713
0.0120148	458.2860333704116	23.234891758206437
0.0123134	420.92250166851784	22.113675111243694
0.0126121	485.1880278086759	21.264053238752886
0.0129107	455.76585984426913	19.90174981408143
0.0132093	464.42676640711625	19.546028798511834
0.013508	403.50486540600457	18.44115158036944
0.0138066	429.6001067853166	17.708441922355014
0.0141052	411.35198442713886	16.826265352546567
0.0144038	393.1096818687422	16.350786582434488
0.0147025	405.8405939933283	15.885123725033408
0.0150011	394.52424360400556	15.176293842482387
0.0152997	413.46768520578365	14.70314970029795
0.0155984	408.77117686318485	13.96589704361899
0.015897	388.2195183537232	13.717142991629164
0.0161956	395.347711902115	13.40710916924278
0.0164942	387.4216318131252	12.733066807672165
0.0167929	389.97243270300146	12.603508342332727
0.0170915	388.16596885428453	12.094481729241274
0.0173901	373.9685372636248	11.817246604376626
0.0176888	369.4503103448275	11.554363731238862
0.0179874	354.92518798665145	11.230889366173598
0.018286	386.1805294771992	11.538611647466073
0.0185846	369.582737486094	11.13237363992059
0.0188833	357.12491546162227	11.23425925400231
0.0191819	349.7526040044505	10.977716524787379
0.0194805	349.5279577308139	10.645804639105126
0.0197791	334.6642458286985	10.847617250314649
0.0200778	339.3906240266966	10.390617358470356
0.0203764	332.9738242491658	10.425237427718315
0.020675	352.40000556173527	10.300973392017276
0.0209737	333.42228921023377	10.34032987783435
0.0212723	320.33673303670696	10.511957032177612
0.0215709	325.72450611790816	10.298290525853
0.0218695	320.16539265851	10.458984869593793
0.0221682	317.97136818687466	10.270717663276537
0.0224668	315.1456718576195	10.306043876479643
0.0227654	300.0776796440496	10.347853691384534
0.0230641	294.99772191323785	9.862035988896377
0.0233627	295.8173125695224	9.726923745404338
0.0236613	277.5353649610669	9.422949734281373
0.0239599	285.5409010011135	9.41687447339814
0.0242586	281.09242758620564	9.223224505050384
0.0245572	287.57365061179115	8.987306851742229
0.0248558	252.48375684093446	8.894477602376995
0.0251545	273.68079543937665	8.9049359679708
0.0254531	262.17758943270354	8.694069039103994
0.0257517	269.62122080088903	8.606218803816038
0.0260503	262.78826763069947	8.480354925884468
0.026349	260.93375305895404	8.398858050668384
0.0266476	239.50841512792124	8.279572422840914
0.0269462	248.0248665183548	8.144002075822137
0.0272449	233.95216985539463	8.05148575772392
0.0275435	235.64863848720748	8.093423671100684
0.0278421	232.91360656284866	7.811249553897896
0.0281407	244.53040511679674	7.8369490444323775
0.0284394	227.76936173526238	7.592388608763941
0.028738	220.1511774193547	7.6377646202049885
0.0290366	231.05810255839813	7.62253564771186
0.0293353	221.38888331479336	7.341663188293185
0.0296339	215.37410155728523	7.446411540541163
0.0299325	210.8111272525032	7.237902507865316
0.0302311	215.01710322580664	7.258454371883654
0.0305298	205.44259922135694	7.1584383968197365
0.0308284	217.88379043381454	7.08511344448523
0.031127	202.77195216907643	7.135397674328429
0.0314257	193.29809933259185	7.027873855042489
0.0317243	193.07532280311378	6.965894269471302
0.0320229	197.31641612903218	6.864873099806227
0.0323215	174.95444215795402	6.886309478507228
0.0326202	207.34910456062366	6.933223927458211
0.0329188	193.14152102336024	6.8059278802123115
0.0332174	178.0641357063395	6.696552894227811
0.0335161	183.85936017797533	6.730515916713998
0.0338147	177.70593503893238	6.687171854052913
0.0341133	167.46779566184642	6.706111097439805
0.0344119	177.73727919911067	6.570554010618476
0.0347106	187.39940222469372	6.556654094633944
0.0350092	180.01555862069026	6.5807852182307665
0.0353078	172.10975939933277	6.504156609492851
0.0356064	159.4156855394874	6.485275988833045
0.0359051	169.73679710789725	6.37059848204447
0.0362037	163.42414705228023	6.43081080612073
0.0365023	157.18762291434928	6.403746825362421
0.036801	155.6837422691882	6.3233289613083965
0.0370996	164.27983114571816	6.312280066511852
0.0373982	149.3150289210233	6.250326247687954
0.0376968	152.69960355951028	6.311135408273243
0.0379955	149.14301112347005	6.1947152896832876
0.0382941	160.4741706340377	6.154066728650599
0.0385927	144.8067984427142	6.181123208843092
0.0388914	140.8649919911005	6.138548404024203
0.03919	126.9515996662956	6.1546792356069435
0.0394886	139.80982625139092	6.001804599751548
0.0397872	144.47578731924267	6.027069186344233
0.0400859	132.89839421579572	6.060714344230389
0.0403845	133.7443838709686	5.996334796018237
0.0406831	136.3805989988876	5.991315045352416
0.0409818	132.4009081201342	5.933201100914773
0.0412804	136.27746106785395	5.942287792501239
0.041579	130.7478407119028	5.903520462905846
0.0418776	126.38935194660732	5.837002149924475
0.0421763	125.30843426028909	5.994202260236245
0.0424749	129.01291501668481	6.035600513611808
0.0427735	132.4212427141262	6.167519602261799
0.0430722	118.79435472747474	6.1307070278551015
0.0433708	106.95643348164708	6.162068786939418
0.0436694	120.97188086763126	6.15578107503365
0.043968	128.31437519466078	6.2556228371526235
0.0442667	115.36319065628433	6.258831183398284
0.0445653	115.21411902113528	6.183688771045104
0.0448639	112.13719354838702	6.265425012787023
0.0451626	110.28419766407197	6.255167406722693
0.0454612	103.60441868743024	6.268213393257296
0.0457598	108.03709621802042	6.264604006885831
0.0460584	110.68929143492866	6.300383268688549
0.0463571	102.63166184649549	6.317940610827211
0.0466557	106.42777341490529	6.324870956625228
0.0469543	103.35517875417196	6.271644280095698
0.047253	109.91012736373762	6.260924328242548
0.0475516	94.4109520578418	6.251434848332611
0.0478502	92.991802558399	6.304962777730184
0.0481488	103.00194427141363	6.22400917660112
0.0484475	88.46388754171343	6.268257043883622
0.0487461	100.79434271412651	6.213511327599154
0.0490447	95.12551668520601	6.208870639601715
0.0493434	95.67570166852121	6.253672707082
0.049642	97.73559377085618	6.1276395219867466
0.0499406	92.64500355951043	6.230976676853492
0.0502392	105.89839922135738	6.165446211795987
0.0505379	81.1022185761955	6.162271354137317
0.0508365	93.90285617352603	6.135941654832259
0.0511351	85.99556729699728	6.1246903186129655
0.0514337	93.36540100111264	6.129549834995885
0.0517324	87.61564671857599	6.09784552895283
0.052031	86.4368098998888	6.1086682650057424
0.0523296	87.14842725250278	6.111993568782945
0.0526283	85.02077953281344	6.0803814120088475
0.0529269	86.8240151279197	6.097412857606838
0.0532255	86.49617452725224	6.062007783259893
0.0535241	82.4068728587315	6.049340730589573
0.0538228	81.88904082313769	6.035370254027111
0.0541214	75.71574527252494	6.052099950214184
0.05442	85.12291034482743	6.034507669613098
0.0547187	78.5713571746389	5.984209160007055
0.0550173	91.1862760845382	6.048953669417003
0.0553159	74.20267474972249	5.95412743668084
0.0556145	76.20460545050179	6.019632582605344
0.0559132	83.88407252502759	5.9567362405614634
0.0562118	75.52228197997778	5.939117160197573
0.0565104	73.10461067853169	5.934059322912042
0.0568091	73.39409299221359	5.940241862363266
0.0571077	62.49950889877596	5.915355445499224
0.0574063	77.29938787541712	5.906173852983101
0.0577049	76.62365239154596	5.922851865296906
0.0580036	79.43927185761936	5.912462808281722
0.0583022	70.67615873192437	5.873317218953201
0.0586008	72.88374927697461	5.888159528753795
0.0588995	68.49293592880997	5.857075828263016
0.0591981	66.75477597330328	5.852890653837479
0.0594967	65.90668631813102	5.877900651810101
0.0597953	64.56182502780848	5.783173200808772
0.060094	58.25185828698508	5.837614233649174
0.0603926	68.45059288097843	5.821969481112408
0.0606912	64.3024531701883	5.815272745707067
0.0609899	65.11228865406025	5.7985288790620695
0.0612885	69.93067474972179	5.7401414583540715
0.0615871	68.95028876529409	5.821773111152319
0.0618857	66.49130622914313	5.745978907117542
0.0621844	58.83507030033442	5.738988366299469
0.062483	60.754458954393726	5.8028212403293296
0.0627816	67.76871824249156	5.660192498617376
0.0630803	70.16168776418255	5.7746504458978105
0.0633789	62.144017908786964	5.70640998544648
0.0636775	64.32612914349264	5.6850879667866225
0.0639761	60.762192213571495	5.701742410008951
0.0642748	60.03120433815255	5.69426824516891
0.0645734	63.88699822024549	5.71410731698615
0.064872	65.65527530589577	5.6441103388225455
0.0651707	63.46020800889775	5.689263590324711
0.0654693	55.15269043381636	5.658462148313818
0.0657679	50.2575553948833	5.637912253049886
0.0660665	54.80078909899888	5.651647150535191
0.0663652	55.80888153503892	5.586537368061331
0.0666638	52.70416184649605	5.633342767167
0.0669624	54.9912780867632	5.612049269223211
0.067261	56.60188631813071	5.5965098210343704
0.0675597	56.044402892102596	5.641207777814986
0.0678583	49.011421468298266	5.523784436540366
0.0681569	52.17535695216924	5.598501574271153
0.0684556	51.495732480534144	5.515092022235053
0.0687542	50.26246751946644	5.593304209602804
0.0690528	53.96888609566119	5.533558996647933
0.0693514	53.252491434927975	5.517968496387088
0.0696501	52.997384649611234	5.563164404995637
0.0699487	53.04504694104537	5.484832957890823
0.0702473	69.09756974416027	5.53704281864875
0.070546	44.78103937708525	5.4946910586976525
0.0708446	46.460075305895145	5.498656930602633
0.0711432	61.648250389322214	5.486407760383546
0.0714418	51.8702933259182	5.412948988113478
0.0717405	47.706849610679285	5.526510665895045
0.0720391	47.34998809788678	5.449235423416761
0.0723377	56.20000545050004	5.450667347363094
0.0726364	44.06003492769713	5.460611994355316
0.072935	52.69664616240263	5.399378617251075
0.0732336	47.4515806451609	5.4378517135372935
0.0735322	54.16184916574011	5.405939253306532
0.0738309	51.754298109010506	5.4069254686281685
0.0741295	59.93834949944343	5.405005504511509
0.0744281	51.568380200222634	5.400389059069268
0.0747268	51.623048609565956	5.406231344022844
0.0750254	46.7881468298107	5.34019496421932
0.075324	47.238837263626436	5.378702265298642
0.0756226	35.266443937708374	5.368950967888688
0.0759213	42.97641657397122	5.371266290510425
0.0762199	44.994165850945365	5.348128888114297
0.0765185	45.93051256952194	5.291025697179422
0.0768172	33.1479744160184	5.363349452795299
0.0771158	56.77295939933188	5.335869549788574
0.0774144	42.29800545050068	5.29816681258505
0.077713	39.98110278086784	5.306488374866241
0.0780117	43.59485506117878	5.264980313397613
0.0783103	46.210520355951274	5.333185880617263
0.0786089	47.25697241379265	5.232012973058379
0.0789076	41.89830367074549	5.286672997082779
0.0792062	29.511939377085525	5.33213524772135
0.0795048	48.854384649610125	5.295576515836056
0.0798034	40.41231256952173	5.284245416134231
0.0801021	42.40608820912087	5.189327644190886
0.0804007	42.27989632925471	5.239939823786107
0.0806993	37.49348175750811	5.237157803378988
0.080998	49.026054727474815	5.211316298529615
0.0812966	31.198736262513478	5.326563966811116
0.0815952	32.274379755283036	5.422102736816763
0.0818938	30.913367185762155	5.569632892362358
0.0821925	32.95513781979977	5.554258249250974
0.0824911	33.605410344827646	5.64753219872945
0.0827897	28.598074304783694	5.712415377634071
0.0830883	42.53015939933306	5.695481343499032
0.083387	38.48371234705198	5.847047395549979
0.0836856	49.141896106784486	5.751222209851429
0.0839842	39.80951145717498	5.891604440742675
0.0842829	25.445104338153186	5.836333727344947
0.0845815	39.103035483870485	5.895552609021026
0.0848801	30.45721735261381	5.860045635747944
0.0851787	42.57253114571725	5.817456268142529
0.0854774	30.946691546161844	5.89874443910295
0.085776	30.310352836485634	5.902165563085092
0.0860746	25.466443715240104	5.956980270648966
0.0863733	42.20582736373757	5.718611762581409
0.0866719	39.04233870967687	5.597900417804328
0.0869705	38.63629955506127	5.561724272561046
0.0872691	39.369973081201124	5.471014405747342
0.0875678	39.08299054505022	5.399814372533122
0.0878664	39.606062068965	5.336524808543671
0.088165	25.889005228031294	5.351737528284926
0.0884637	31.218334371523895	5.295624287928211
0.0887623	34.17686696329184	5.217670618844712
0.0890609	37.58034927697395	5.2835114763787185
0.0893595	33.26399232480583	5.1948901436768224
0.0896582	33.0256788654053	5.2478914535891485
0.0899568	34.46664794215806	5.196471249767941
0.0902554	35.53560400444795	5.178074093449191
0.0905541	30.490296440488862	5.200149635271805
0.0908527	38.97494482758589	5.139248108335452
0.0911513	36.501162180200026	5.185580173374091
0.0914499	24.14652013348217	5.145982970081932
0.0917486	35.22794315906509	5.133758678407403
0.0920472	33.85819688542824	5.178325924849887
0.0923458	37.28220066740718	5.089526525128809
0.0926445	33.22482046718562	5.134863469485009
0.0929431	36.176157397108	5.074545751677137
0.0932417	36.07275083426018	5.082355043318767
0.0935403	32.81297119021133	5.1125395785892005
0.093839	37.176496551723375	5.065426853884321
0.0941376	19.240429254727616	5.098745333300555
0.0944362	29.960302892101538	5.034469701751303
0.0947349	31.867322469410055	5.050902220971127
0.0950335	39.876080422691444	5.06420032546031
0.0953321	31.322743381535076	5.020610189062529
0.0956307	32.46485139043415	5.044806645256536
0.0959294	36.3452272525025	4.983692087040115
0.096228	36.1979402669634	5.033006558817752
0.0965266	29.876169410456157	5.023605704593182
0.0968253	30.483256952168603	4.96831475927499
0.0971239	29.872291434928258	5.021013040126544
0.0974225	25.601390322581068	4.976026029571316
0.0977211	34.77575739710858	4.982235350310394
0.0980198	26.633846496106628	4.947581038321406
0.0983184	22.769864182424584	4.947556592891599
0.098617	30.4640199110122	4.976533226116279
0.0989156	28.987006117908578	4.946776301464734
0.0992143	36.29467842046694	4.95375974126421
0.0995129	28.517856173526752	4.8725469484218005
0.0998115	26.262273303670014	4.953500039626601
0.10011	33.561174860956555	4.89215945881539
0.100409	18.9418695216915	4.927870759391516
0.100707	26.169276640711274	4.899788606029983
0.101006	28.462916462736416	4.892677490176
0.101305	29.212602780868053	4.903764771569169
0.101603	31.35185806451574	4.885156649423894
0.101902	28.946598220244937	4.888715714014248
0.102201	30.378532591767993	4.862986243115325
0.102499	24.982742602891506	4.864466270859286
0.102798	22.45379399332606	4.87246222713629
0.103096	20.889149833148792	4.8200911034670275
0.103395	25.3687351501668	4.854636313073032
0.103694	30.615334705228605	4.853900934492444
0.103992	32.20563904338107	4.825448166806218
0.104291	27.795001001112496	4.853546912892465
0.10459	24.897966740823136	4.777504049156704
0.104888	28.688367964404478	4.841782203676651
0.105187	19.580630589543517	4.776384496219888
0.105485	32.4356619577307	4.8090973752885855
0.105784	29.38290834260215	4.811998804427155
0.106083	28.28588976640731	4.763447997336067
0.106381	21.001246051167612	4.797851115645201
0.10668	23.593953503893914	4.771468952032273
0.106979	22.88907330367067	4.763653078921593
0.107277	24.046756284760846	4.777644529106761
0.107576	29.800827697441434	4.770391623020934
0.107874	29.53222892102275	4.7372161128238215
0.108173	27.006365739710674	4.7442527956520735
0.108472	29.51174816462739	4.7670181434423675
0.10877	28.35447997775347	4.732124941898398
0.109069	28.34110411568389	4.739506178880393
0.109368	27.954244605117253	4.7348135762483485
0.109666	24.55005183537338	4.679661376443587
0.109965	23.718047052279445	4.739851905783419
0.110264	20.206792324804326	4.683886454083801
0.110562	21.642507563959583	4.715370623699302
0.110861	20.207503781980165	4.682696956659793
0.111159	28.944953058954326	4.695099680045524
0.111458	24.292914794216074	4.711009046751626
0.111757	22.509925361512728	4.639122834216682
0.112055	19.467895328141793	4.684582382571104
0.112354	24.787994883203908	4.657562054964799
0.112653	31.735951501667472	4.672527236967148
0.112951	29.439650055617363	4.670459183467554
0.11325	27.718801668520285	4.621565540273997
0.113548	26.06484527252462	4.660789227188026
0.113847	26.760389432703136	4.630269447193831
0.114146	17.889793548386876	4.6426685750724745
0.114444	25.395395773081475	4.640007286647083
0.114743	31.04065061179142	4.614388269436272
0.115042	25.86734716351529	4.603181739234536
0.11534	21.46782981090098	4.60863310020486
0.115639	30.769752280311167	4.621605604606396
0.115937	17.17264071190087	4.612262854377703
0.116236	21.492860622914804	4.584225034912497
0.116535	23.52419399332561	4.594675344439212
0.116833	27.512671301446545	4.610461234383925
0.117132	18.80972002224709	4.554780897307323
0.117431	14.476117575083407	4.58365202239725
0.117729	21.754929810900876	4.572174474949148
0.118028	21.618648053393485	4.577097479135244
0.118326	23.0231949944384	4.560073668543131
0.118625	16.63484382647397	4.547826837218135
0.118924	18.965876529477157	4.560137884076702
0.119222	20.626484315906453	4.543625444288658
0.119521	24.206690656284735	4.536838976211881
0.11982	22.435021134594848	4.540443182539554
0.120118	16.53171690767465	4.543887672819122
0.120417	19.32376351501702	4.505716137010996
0.120716	15.950940934371687	4.5291777072268795
0.121014	21.45701446051163	4.503659474862482
0.121313	22.663834371524274	4.537551208605859
0.121611	25.814827808676455	4.4997108291066334
0.12191	16.668291323692586	4.498065551303346
0.122209	26.521927808676224	4.505379643870556
0.122507	17.794347163514175	4.478860479823801
0.122806	30.686848164626923	4.486728796704419
0.123105	20.96529477196853	4.498142562673159
0.123403	22.202931256951786	4.470320059261134
0.123702	24.847170300333943	4.495580609218594
0.124	12.57650322580588	4.4574829219891
0.124299	18.560873192436844	4.482940860826249
0.124598	19.43400567296962	4.432341431227693
0.124896	29.285177753059344	4.446281730517878
0.125195	18.806149721913528	4.483131202278223
0.125494	17.54959521690722	4.416665206576319
0.125792	14.984123359288333	4.469400363003025
0.126091	14.682873637375451	4.436398107954793
0.126389	20.22574338153504	4.420011024607351
0.126688	21.467879199110342	4.609930874883376
0.126987	18.223748275861738	4.607413357647753
0.127285	24.36597463848628	4.721529331798317
0.127584	19.983005672969938	4.76044304565704
0.127883	8.810121023359443	4.756621416214144
0.128181	29.543709010010986	4.80787438339752
0.12848	18.737316907675137	4.787301191651158
0.128778	17.418751501668908	4.666119741507932
0.129077	22.6268058954399	4.600397826029916
0.129376	14.988871301445101	4.563157597624962
0.129674	10.789411568408838	4.547271761230824
0.129973	16.120077530590038	4.561119354108256
0.130272	15.760159288097668	4.578444521611332
0.13057	13.743011679643757	4.524831708589024
0.130869	13.64096796440478	4.552577440765377
0.131168	16.911989766407203	4.497773139585605
0.131466	22.14352892102312	4.537018616413648
0.131765	20.36828209121225	4.488487260719834
0.132063	21.260082981089283	4.487211354225042
0.132362	21.310959176863093	4.485839504314267
0.132661	10.612106229144445	4.4537894598455505
0.132959	18.220298442714693	4.485690055280502
0.133258	10.58328086762998	4.431934031577667
0.133557	15.958867074527205	4.421917633663768
0.133855	21.53222569521745	4.439165900468069
0.134154	18.390056395995487	4.370326628979507
0.134452	12.834148832035908	4.398780685993774
0.134751	24.08380678531728	4.343917592883266
0.13505	19.0117878754171	4.3798830592314735
0.135348	20.207841490545064	4.366131010484397
0.135647	12.50398598442672	4.324648689071105
0.135946	22.697646941045093	4.367024550322648
0.136244	8.399326585094968	4.315889620987783
0.136543	25.379282202446447	4.3398287069324795
0.136841	17.084943604004224	4.332690340471184
0.13714	23.627879866518313	4.3178832254149855
0.137439	17.43710656284719	4.32664337995106
0.137737	20.299926473859387	4.282709285541746
0.138036	13.918004115684539	4.316008712660732
0.138335	13.433601890990161	4.324260597562863
0.138633	13.262700333704487	4.2799692509183
0.138932	15.594069744159782	4.325443651695833
0.13923	17.55796685205766	4.258290455401276
0.139529	19.454279532813672	4.294960552110252
0.139828	16.76005828698507	4.266814530035662
0.140126	10.446411457174634	4.295410535769409
0.140425	17.333079977752703	4.294210396940666
0.140724	19.547430700778534	4.241688328861204
0.141022	16.95158275862127	4.273073519794367
0.141321	18.536157730811595	4.237122048937753
0.141619	7.4986101223576895	4.270528244528151
0.141918	14.519687652947084	4.22037652459153
0.142217	15.792232591768851	4.263673884445109
0.142515	20.216084649610906	4.264362347632971
0.142814	13.665921023359573	4.208297876826298
0.143113	14.00786929922127	4.227006299912413
0.143411	12.585523581757982	4.216763502448977
0.14371	6.858262625139986	4.225983798540446
0.144009	15.57910745272494	4.231272369250268
0.144307	20.303854171301765	4.214745312232785
0.144606	19.1518912124571	4.302252845770375
0.144904	7.636522024471475	4.344478405589831
0.145203	19.906935483871493	4.4469099406908175
0.145502	8.726078309232577	4.509482378026394
0.1458	21.33707586206839	4.521174421993313
0.146099	19.92284149054477	4.5562463741364985
0.146398	21.66818275862049	4.518707111362656
0.146696	14.161160956618986	4.587507870330106
0.146995	19.101474860956884	4.568346251049542
0.147293	19.507013793103383	4.598842991759016
0.147592	13.550640600666952	4.644281018268284
0.147891	13.224507563960017	4.599555541667807
0.148189	24.610835706340524	4.614775309104706
0.148488	11.16287986651848	4.604751730454803
0.148787	15.917544827586312	4.635319890850074
0.149085	17.59065383759726	4.648903730389734
0.149384	9.278882869854428	4.657291891477904
0.149682	11.117892880979028	4.580691179856126
0.149981	10.067184093437405	4.435178585909751
0.15028	21.687884983314447	4.399262879374199
0.150578	15.689694994437744	4.339066646772624
0.150877	24.02103937708567	4.304486532222264
0.151176	16.182125472747302	4.30022860901166
0.151474	8.579204449387987	4.25656659894855
0.151773	9.918469187986716	4.264596394277791
0.152071	16.138971190212033	4.210725349180439
0.15237	16.66093548387117	4.231083178322791
0.152669	10.903514015572497	4.227622570924506
0.152967	11.197388542825806	4.2168601047894025
0.153266	17.838101112347076	4.23661361273077
0.153565	7.657671190211559	4.19530763917628
0.153863	15.161943270300071	4.20623399636688
0.154162	16.57456351501665	4.211959182863075
0.154461	14.816009566184292	4.200341250426792
0.154759	9.047130033370934	4.2336592643447934
0.155058	15.534728142380132	4.175520300625831
0.155356	16.773274304783286	4.204260119764717
0.155655	12.856361179088367	4.173665140598698
0.155954	11.505667741935923	4.171704696377142
0.156252	14.45222169076743	4.17933529476346
0.156551	16.211705339265094	4.1527389966384725
0.15685	17.165998998888128	4.188802587579941
0.157148	11.721048720800482	4.130670663715783
0.157447	15.941610233592414	4.157543723026738
0.157745	19.2586084538371	4.12856715443198
0.158044	19.08116195773033	4.148387510203876
0.158343	8.173968186873992	4.134951123839165
0.158641	22.45972725250219	4.131948638729622
0.15894	18.19813481646264	4.12087317361008
0.159239	13.408976863181294	4.113095473606193
0.159537	12.16199466073455	4.12425956589299
0.159836	15.961728253614567	4.124257522256564
0.160134	13.510527030033685	4.086029007900677
0.160433	5.2965226918797015	4.116501242660025
0.160732	14.15871657397112	4.080031773273431
0.16103	4.962584649610164	4.089398381036239
0.161329	16.954420912124206	4.070728295502905
0.161628	11.980711902113939	4.086139208006158
0.161926	13.1983948832044	4.097049163242929
0.162225	24.739271078976373	4.057573278970027
0.162523	12.520420244715993	4.098957520417231
0.162822	15.80971802002253	4.043306794679368
0.163121	9.640565406007084	4.05151103616504
0.163419	17.222149721913595	4.086312258277489
0.163718	18.46170500556113	4.038039458428282
0.164017	6.910317130144463	4.052401979254315
0.164315	10.634311568409487	4.026524275186214
0.164614	13.746985761957333	4.041294823559253
0.164913	14.695371190211262	4.055325375952152
0.165211	8.896260066740282	4.008133391544556
0.16551	23.424281979976413	4.0458914853973065
0.165808	9.9635703003338	4.0129669490950635
0.166107	14.390611902113406	4.0279012708542155
0.166406	16.52315172413772	4.00080246003163
0.166704	14.810698665183608	4.008568840621828
0.167003	12.094741935483597	4.040969595376192
0.167302	20.499141490545014	3.97702625589267
0.1676	8.076851946607917	4.00115594857271
0.167899	10.34909365962207	3.9946985896321925
0.168197	15.225137819799741	3.9922296519755713
0.168496	16.1539745272524	4.003271254716968
0.168795	5.007573971078401	3.97127255848056
0.169093	5.40179532814129	3.988698577561617
0.169392	8.413469632925441	3.9799296290356
0.169691	15.299247497218786	3.980836615000894
0.169989	11.749349833147562	3.97825032737667
0.170288	14.6723272525022	3.951381563484024
0.170586	16.587057730812163	3.963099694701348
0.170885	10.648027474972537	3.958182489827902
0.171184	15.943554727474805	3.9741758143301773
0.171482	13.855296106785104	3.935109118126037
0.171781	8.332856395996373	3.9520549871458526
0.17208	5.444107341490962	3.9713189586015947
0.172378	11.826377085650748	3.9172521196491936
0.172677	18.722795105672745	3.950555451107327
0.172975	11.443103893214897	3.9206976008360983
0.173274	7.268394327029881	3.950871663341317
0.173573	11.971353170188621	3.929231307157071
0.173871	18.41032591768645	3.9075381968844396
0.17417	12.731501112347274	3.9296878888953373
0.174469	9.708389766407066	3.902199913112903
0.174767	13.092070411567747	3.9191569038061167
0.175066	11.703424471635131	3.9104158430036597
0.175364	17.859985428254035	3.9067841541059987
0.175663	13.05681624026711	3.916511527355479
0.175962	14.460446162402576	3.8682833313931857
0.17626	10.92552747497173	3.907024000022396
0.176559	12.027500556173578	3.8847006915630526
0.176858	8.060980311456376	3.8893231202925844
0.177156	8.446832369299528	3.907001900363392
0.177455	15.781881757508316	3.8656299956594475
0.177754	11.711082647385425	3.889013827655547
0.178052	16.906070189099083	3.8688171601177674
0.178351	9.641337263626184	3.8704719142329314
0.178649	13.068949388208821	3.8715485695009284
0.178948	14.357664961068153	3.865386718744383
0.179247	11.814388431590643	3.8695034427165536
0.179545	5.336614238041761	3.875825635864059
0.179844	13.6125407119021	3.844328663716945
0.180143	16.967496106785802	3.8497413844566513
0.180441	14.564926251390702	3.842859545248209
0.18074	11.584684538376493	3.8625952708303517
0.181038	14.408566518354107	3.834537497624331
0.181337	9.74210355951044	3.8297310751055216
0.181636	15.382361512792286	3.8389219010910187
0.181934	9.941173414904867	3.8447991872354574
0.182233	15.447306006673998	3.8256012224827707
0.182532	13.122718131256761	3.8055171758746824
0.18283	16.930775973303653	3.847814517941436
0.183129	12.956288542825831	3.8119739316635046
0.183427	14.341471301446163	3.831945106865156
0.183726	12.714350723025447	3.7856015030555437
0.184025	11.820885984427534	3.8174236801307746
0.184323	11.260116573970862	3.829961848948791
0.184622	6.165531256952477	3.7921106236156956
0.184921	6.461835150166451	3.811001414751161
0.185219	15.431778420467737	3.792046157177628
0.185518	13.02350622914247	3.794733764643893
0.185816	16.92424571746379	3.800583534388375
0.186115	15.012234593992844	3.765070987040095
0.186414	10.255629810901894	3.808159350710358
0.186712	7.5536272525027925	3.7722953925932785
0.187011	11.432272191323847	3.784737393821381
0.18731	15.749121023358725	3.7728545887010716
0.187608	14.568432480534312	3.7560317709747113
0.187907	12.906708120134027	3.805500546142317
0.188206	16.29446496106773	3.757984244735451
0.188504	9.93493548387086	3.756342036296367
0.188803	8.07751768631725	3.7619208270698876
0.189101	12.879107786429742	3.7544307498676828
0.1894	18.760012124583696	3.78368557026397
0.189699	10.946875862069092	3.737709958849351
0.189997	10.075240378198842	3.745799036803899
0.190296	13.793934260289404	3.7317916752716127
0.190595	5.1733781979974225	3.7505289084165154
0.190893	13.520752391545656	3.743734899595447
0.191192	4.180945161290026	3.736456264088504
0.19149	9.351970411568331	3.7456165911160775
0.191789	7.071895661847023	3.718707264382118
0.192088	10.102903448275384	3.745845827394357
0.192386	19.835604894327687	3.7074654970472256
0.192685	5.098140934371358	3.7142703140806037
0.192984	7.044275305895198	3.710804718774677
0.193282	13.259760734149353	3.687339629813942
0.193581	11.33856607341464	3.7261241736297332
0.193879	12.63214338153496	3.6816395262232273
0.194178	8.71650467185745	3.698178828996543
0.194477	12.233674638487386	3.688041385387134
0.194775	11.908092880979169	3.6892000141512815
0.195074	11.999103670745512	3.687101593071536
0.195373	14.003393659621537	3.673442163618298
0.195671	10.01421357063414	3.6958897821384316
0.19597	9.52963815350337	3.67952767784
0.196268	17.580355061178494	3.666507969706821
0.196567	4.742647942157845	3.7147425851138145
0.196866	10.354759621802359	3.6552920449283626
0.197164	13.209859621801385	3.702377607395814
0.197463	-1.8627987764180176	3.6793623717121084
0.197762	11.307612347052398	3.6657681486897786
0.19806	6.9298244716353	3.6870995715017267
0.198359	18.440462402668416	3.6476909701833975
0.198658	8.321777753058512	3.688531174261537
0.198956	15.80508186874269	3.654524820570834
0.199255	15.20504149054517	3.669912334146245
0.199553	5.672156062291691	3.6586513516712196
0.199852	11.378886540600917	3.6489845779985006
0.200151	5.970758843159132	3.6626344596179665
0.200449	9.138491212458888	3.6416948693502675
0.200748	10.414974527252241	3.6441420624549985
0.201047	12.294235261401099	3.662513411246156
0.201345	8.090259176863839	3.646342501404436
0.201644	2.2368507230259382	3.6540263154368766
0.201942	10.544557174638385	3.6160016616590394
0.202241	18.487517686318142	3.645364029469738
0.20254	6.295986874305228	3.6224203995494206
0.202838	3.0512779755289188	3.6348992168609846
0.203137	12.542341935483492	3.622129784068077
0.203436	3.422647942157937	3.631794217105867
0.203734	8.960854838709764	3.628156950445485
0.204033	15.370162958843139	3.608869438829573
0.204331	8.012101001113123	3.623289391573835
0.20463	17.123200778642698	3.6072506434379927
0.204929	12.259428253614786	3.630141645991685
0.205227	9.881292213570418	3.599037009207596
0.205526	10.547475750834678	3.591023203802244
0.205825	11.151075417129519	3.608102961054026
0.206123	9.758077641823775	3.6167701635395697
0.206422	10.164571968854546	3.6024018908582685
0.20672	13.366190656285113	3.5999491897980143
0.207019	5.358514571746795	3.5842098978479875
0.207318	11.062145272525683	3.5908502467967964
0.207616	5.7172611790876005	3.5820803354679054
0.207915	5.449129588431418	3.651346852054856
0.208214	13.255963181312254	3.7210165301553757
0.208512	9.735376084538885	3.7627490798871603
0.208811	2.9804496106787326	3.7987441312880064
0.209109	7.545872302558294	3.7980909552598927
0.209408	11.08779844271389	3.81369764396697
0.209707	7.182154838709636	3.82903174410269
0.210005	2.960882536151672	3.8342583685929426
0.210304	9.707124026695837	3.8672717412011166
0.210603	6.0336307007779055	3.847571255374226
0.210901	8.570366963292315	3.860202324482411
0.2112	9.860667964405181	3.8745808149222722
0.211499	16.013475083425988	3.881862403836035
0.211797	14.403332703003286	3.8903811092936755
0.212096	6.305742714126126	3.88364078668649
0.212394	4.398387096774243	3.904667275203787
0.212693	10.034435372636423	3.8819221168515643
0.212992	8.248094549498575	3.8564985079426304
0.21329	9.079724582870057	3.740397157524046
0.213589	7.2142374860959535	3.732327186362742
0.213888	11.814282647385994	3.7129418139375354
0.214186	9.0580818687436	3.6641561269918683
0.214485	15.186027363738148	3.6785394633558695
0.214783	5.291320912124604	3.6399039403379443
0.215082	10.039716907674645	3.671211989175363
0.215381	13.681479310344713	3.6422200827652245
0.215679	8.464592769744996	3.6189771162034474
0.215978	7.0388132369301815	3.660800479221335
0.216277	14.271061067851676	3.6166925420876463
0.216575	10.053009677419311	3.6195317876922
0.216874	8.57142280311514	3.618019483835094
0.217172	1.00935784204637	3.6021956105150568
0.217471	4.865675973304349	3.6325795038593314
0.21777	5.0172750834257585	3.584933358502308
0.218068	8.47534505005548	3.596499296772204
0.218367	9.985325472748272	3.5857596708342165
0.218666	9.542857174638897	3.5856545087274667
0.218964	6.273575639599969	3.6067628895189907
0.219263	10.943385650722917	3.5528190058219082
0.219561	5.425557397108065	3.577122046251407
0.21986	11.718464182424313	3.5612617495686383
0.220159	1.361062625139411	3.5759307088423653
0.220457	10.245473192436165	3.566563317207755
0.220756	15.317110011123916	3.5522886779326455
0.221055	3.4484726362620677	3.5754018505335896
0.221353	8.519136707452759	3.5484473731130937
0.221652	12.239502780868037	3.5558233107434964
0.221951	5.17765895439382	3.5343427205756415
0.222249	7.3427225806450025	3.544661931003424
0.222548	7.289068631812796	3.5596665394205003
0.222846	13.11875706340416	3.5260962309747477
0.223145	4.163430033370901	3.5399112332733096
0.223444	8.489732703003341	3.5166311214126185
0.223742	8.543904894327454	3.5302422849855346
0.224041	6.529540378197609	3.53203684643933
0.22434	11.736900667408321	3.5095378779646134
0.224638	9.943093548387267	3.5180632393857763
0.224937	15.023594215795839	3.511563234108903
0.225235	8.612267185762406	3.51679694809384
0.225534	8.175457842046967	3.4984514343427953
0.225833	8.948538820912049	3.498334856255897
0.226131	16.536597997774862	3.5166606036813817
0.22643	4.143057397108123	3.487857271746581
0.226729	10.66260233592864	3.504765044240728
0.227027	4.763591212457925	3.484780457878956
0.227326	14.229509232480169	3.5021280826803927
0.227624	8.227114905450321	3.4913235661133015
0.227923	9.474830255839422	3.4711309821862586
0.228222	6.43917296996662	3.496319532142259
0.22852	6.566354282536437	3.4627070867896523
0.228819	9.653691323693181	3.489155600107225
0.229118	13.056098776417713	3.458962414977268
0.229416	10.854057730811775	3.468894720425654
0.229715	7.519161290322955	3.4746477433468086
0.230013	2.1913561735254916	3.452311840868171
0.230312	8.377788654060367	3.4756991299081372
0.230611	12.498468520578783	3.4597496892245356
0.230909	11.31249210233598	3.456250998874161
0.231208	10.078447608453445	3.4711840899087374
0.231507	6.275239154615946	3.4293996135407077
0.231805	3.0846867630699393	3.4591130544390887
0.232104	9.643158286986022	3.432892188130273
0.232403	7.710650723024841	3.4511798819163526
0.232701	3.16716006674028	3.4404105590365557
0.233	6.0255443826473964	3.434236007331111
0.233298	14.852961957731168	3.453271063782156
0.233597	6.624210567297695	3.3995925986061275
0.233896	7.630688209121104	3.448886151462859
0.234194	12.649332146829693	3.426569445699174
0.234493	11.623078531701694	3.422696891363942
0.234792	7.232896885428488	3.4293571045347395
0.23509	10.092886985539025	3.400488893629866
0.235389	2.327618576196002	3.4368076965587457
0.235687	7.521243604004226	3.4092464315941196
0.235986	13.223663959955445	3.4156404945196375
0.236285	13.314971078976683	3.421943673615845
0.236583	7.327174972191415	3.3918945774587135
0.236882	3.9159971078978373	3.4139832468781512
0.237181	12.044372636263745	3.3860556348289346
0.237479	1.2838167964410019	3.412127251826204
0.237778	7.960133259176629	3.410272013610927
0.238076	8.969393659622185	3.3935171174071717
0.238375	9.87034171301417	3.4127504529872392
0.238674	7.565258175750671	3.3628743129408956
0.238972	14.357391657397258	3.3970659026051977
0.239271	12.155582869854982	3.3833691505752674
0.23957	6.325792992213124	3.3911800665510468
0.239868	4.4382887652948	3.3980856605203726
0.240167	12.093259621802304	3.36756430615028
0.240465	6.964994215794391	3.3811931904345083
0.240764	1.9475379310345886	3.359803140526743
0.241063	11.026494994437783	3.3730956466444755
0.241361	6.213109454950185	3.3697985556982837
0.24166	4.503085094549277	3.3796123687538078
0.241959	11.70533325917745	3.3674467395610805
0.242257	3.892681535039202	3.35387442497301
0.242556	12.976606117908673	3.368687900382434
0.242854	10.258613793103066	3.3587914534727847
0.243153	6.1591608453837665	3.3589861058042088
0.243452	6.4379923248050375	3.3691153530138864
0.24375	12.292498331479393	3.324099838198657
0.244049	14.126476751947763	3.339157456767224
0.244348	9.337506674082121	3.3321402698066866
0.244646	3.4386327030034636	3.3390273929239633
0.244945	8.25414660734097	3.339301347330561
0.245244	7.518122469410571	3.3319697377730555
0.245542	11.237989655171887	3.3411877473912415
0.245841	4.275349054504716	3.307752900609456
0.246139	3.552041713013878	3.3226344664754373
0.246438	7.763254171300957	3.329376100364568
0.246737	9.809629922136125	3.3189880061206574
0.247035	7.767404783091862	3.336730601659355
0.247334	9.036773192435561	3.29669606945478
0.247633	7.030734593993486	3.329766750592032
0.247931	5.63399599555062	3.315250990446836
0.24823	12.89864315906577	3.3124086565190463
0.248528	7.9457462736372975	3.330328632235331
0.248827	4.730375973304035	3.3003472095398427
0.249126	5.297606562847292	3.3262512947007803
0.249424	9.67606785317031	3.2966462567985104
0.249723	6.94846451612861	3.312429037498338
0.250022	4.791275639599704	3.3075248127741115
0.25032	5.504082981089553	3.3081347412742574
0.250619	6.864984093437769	3.306438863415835
0.250917	6.054235928809888	3.299887680024165
0.251216	9.468775194659926	3.2906333083264983
0.251515	3.4791664071186545	3.298267554634516
0.251813	9.37098687430435	3.292589243020054
0.252112	8.409177530590028	3.306993730825563
0.252411	10.181442046717848	3.288313909719211
0.252709	11.55786040044525	3.2934202163414237
0.253008	8.876454393771525	3.281963794648126
0.253306	7.987102892101632	3.2667086222568353
0.253605	8.325208898776566	3.277425317862014
0.253904	10.767573971078832	3.2844638990974238
0.254202	4.6071176863173235	3.2959641835298332
0.254501	0.426922358176256	3.258903637423569
0.2548	12.16978331479396	3.2781513714802495
0.255098	8.630392324804959	3.2549461510983173
0.255397	7.797799221357096	3.2856765149511618
0.255696	7.405090211346277	3.2751804812216716
0.255994	6.922151612902709	3.248600974865195
0.256293	7.382914905450519	3.2770633353420324
0.256591	11.13381757508364	3.2560342310354695
0.25689	5.7891440489424895	3.268194709618543
0.257189	7.0250669632923035	3.268372041022193
0.257487	7.191256618465545	3.240628356783268
0.257786	13.814555172414344	3.270684904451907
0.258085	4.465559065628852	3.2431323435682295
0.258383	12.039158175751083	3.2490396351939506
0.258682	11.11443704115672	3.2540934147930627
0.25898	6.4194644048942	3.2264096773464646
0.259279	12.534937041156553	3.269998487610727
0.259578	0.8466170189097255	3.234395453309523
0.259876	4.984497997775321	3.247701374502452
0.260175	6.789883314794167	3.2388008347504718
0.260474	3.0116639599549444	3.244545599837582
0.260772	12.11029454949859	3.2381498161841757
0.261071	9.326706006674215	3.220817324179683
0.261369	5.825440711901777	3.2382965858864643
0.261668	7.161507563960399	3.227642134281838
0.261967	12.131263848720408	3.2249270448948195
0.262265	3.685526696329191	3.227168884007964
0.262564	6.803082313682154	3.20976663600634
0.262863	5.5277456062292885	3.237394701228511
0.263161	9.469438598442395	3.2089436671081875
0.26346	1.900766295884324	3.2225067599544372
0.263758	4.792454616239965	3.2082518752474654
0.264057	8.801400333704024	3.226903796547287
0.264356	10.711115239154338	3.2215598194515405
0.264654	9.572876195773148	3.2041873295459156
0.264953	4.644269966628727	3.214801490338699
0.265252	6.426806896551653	3.181527928808421
0.26555	2.674295773080999	3.21711532957452
0.265849	4.205296885427998	3.2023015199602622
0.266148	9.419119688543631	3.1986369627323397
0.266446	7.667571523915342	3.2027238812732337
0.266745	6.959810456062101	3.186963009387005
0.267043	7.0464543937711	3.211251186891142
0.267342	7.66290400444916	3.184486251880644
0.267641	13.450168298109233	3.184090903128104
0.267939	6.979621802002498	3.2103877737778497
0.268238	9.703539043381895	3.1683146821939254
0.268537	5.774054616239255	3.1943819330405936
0.268835	2.2145392658509166	3.175298086394058
0.269134	7.616012903225595	3.18445027954994
0.269432	7.396340823136711	3.2082012786328327
0.269731	9.109179644048453	3.155629135866424
0.27003	-0.2376977753061027	3.1820212902803555
0.270328	9.211728587319428	3.1605486866821506
0.270627	5.066369299221378	3.1866839349863993
0.270926	7.367066629587882	3.1634373295646405
0.271224	9.524346273637647	3.2252206437216895
0.271523	9.370881423804605	3.283585925792586
0.271821	7.97739377085577	3.298573241562597
0.27212	9.472404560623104	3.3251979688322177
0.272419	3.0962893214681486	3.3431334617620583
0.272717	6.172556062291292	3.345755040055575
0.273016	10.440199888764923	3.362043700027172
0.273315	4.039850723025253	3.354574444272265
0.273613	10.550510789766108	3.374653009005544
0.273912	12.20605928809782	3.366179358003012
0.27421	7.119030033370706	3.4934911714836763
0.274509	7.772920912123595	3.5684141284368662
0.274808	9.604525695216992	3.5484184081170027
0.275106	10.237762291435146	3.617602957602087
0.275405	6.249624694105336	3.621928760647895
0.275704	7.531132591768568	3.6945251705548143
0.276002	8.187528253615568	3.6989391321048384
0.276301	2.672004226918787	3.7476393079779995
0.276599	12.49237374860975	3.798777558069347
0.276898	3.3852503893216834	3.7925226110514774
0.277197	4.672202002224992	3.8312425520366316
0.277495	9.280550723024561	3.8263745078829734
0.277794	9.932163070077493	3.863653889465654
0.278093	1.797524582869272	3.9019861794991644
0.278391	9.57652458287022	3.8853899972052512
0.27869	0.4924004449387809	3.921738713253112
0.278989	10.768909788653573	3.9066996672867695
0.279287	9.489838932146526	3.947091328677493
0.279586	6.754995550611511	3.9615868542481043
0.279884	6.0216957730804666	3.9780239330492915
0.280183	5.187673748609711	3.9914322419089787
0.280482	9.462558620689876	3.9847022895831894
0.28078	-1.257164182425683	4.025047671746171
0.281079	6.35580600667403	4.016742263054747
0.281378	4.07608965517241	4.049821121589234
0.281676	6.095611902113021	4.071132817972456
0.281975	3.7032810901002478	4.073976515648397
0.282273	14.182982869854754	4.09666040065622
0.282572	7.129849721913146	4.074194118593985
0.282871	6.5114629588435236	4.112616840085376
0.283169	9.117782869854665	4.120959348380656
0.283468	6.391507675194532	4.149551736026093
0.283767	9.337253058954076	4.175994674218028
0.284065	6.871045161289757	4.139238439108643
0.284364	8.415498887653001	4.193833183558472
0.284662	12.815211457174698	4.169601884118353
0.284961	8.777399999999602	4.222568202275614
0.28526	9.189457842046735	4.233608426506792
0.285558	3.6420593993324246	4.20251293529885
0.285857	9.016302113459389	4.2913344844008945
0.286156	12.114652057841866	4.18699270372045
0.286454	5.086992880978727	4.261733998584233
0.286753	-1.3933294771968718	4.23909902708399
0.287051	13.030789988877771	4.236444645031512
0.28735	15.334032146830054	4.306204305013223
0.287649	10.815547274749733	4.254654649445953
0.287947	2.056929810901167	4.294210979265213
0.288246	4.102391879866332	4.304176525596942
0.288545	7.4849205784202155	4.296936468866892
0.288843	2.0869294771966196	4.386634323457539
0.289142	6.672119132369261	4.287814502576974
0.289441	9.639416129032696	4.379898963259573
0.289739	0.06000033370412439	4.365342991945767
0.290038	3.3379621801999804	4.359969431618789
0.290336	13.804530700779267	4.429763402029813
0.290635	9.268229032258617	4.338247064558127
0.290934	3.6089582869857395	4.4800776303537875
0.291232	5.63159466073472	4.391142032887131
0.291531	9.764878865406601	4.435109652162393
0.29183	9.250292436040084	4.446664151432133
0.292128	3.9008809788658283	4.450330240348549
0.292427	7.2754311457179455	4.506381120300211
0.292725	4.247463737486257	4.4802629726496
0.293024	5.323018798665657	4.47403356774108
0.293323	-3.852336373748031	4.524819857208631
0.293621	-2.85838097886554	4.519618067705374
0.29392	15.64527196885436	4.583169243821887
0.294219	7.3376749721906975	4.523891516146707
0.294517	7.311350389321305	4.551964661927963
0.294816	2.856963070077825	4.594768096639966
0.295114	5.585972302559057	4.567905175561337
0.295413	6.279689098999697	4.631792435416925
0.295712	6.464727363738234	4.594741509073873
0.29601	11.542747608453752	4.632774812391355
0.296309	7.814662625138524	4.634924268945314
0.296608	9.181060177975837	4.619798118724681
0.296906	5.443237708565505	4.6994158903079875
0.297205	9.427545050056096	4.6618957306133275
0.297503	3.34646996663011	4.675138917924415
0.297802	14.17896307007723	4.701475877543255
0.298101	14.119689210233375	4.689168146372385
0.298399	11.141386651835674	4.756115701124078
0.298698	12.423019688542567	4.717387104140063
0.298997	18.453626028921022	4.7595609522089
0.299295	0.3254229143494314	4.719996366866852
0.299594	11.69217263626301	4.7794074413924115
0.299893	8.587560066740991	4.766581121903915
0.300191	-0.6377606229146693	4.778771284204172
0.30049	6.485492769743502	4.757491021146167
0.300788	-1.040588876529398	4.806762320671121
0.301087	2.3011498331477753	4.831160282220379
0.301386	3.740383314794826	4.788921456461331
0.301684	11.465481423804817	4.856309144336149
0.301983	5.867378309232407	4.808711382676147
0.302282	3.2355440489432397	4.89409789687521
0.30258	7.106872191323461	4.880124982785398
0.302879	-1.543822024471595	4.857456577522534
0.303177	7.784321579531905	4.925634065888898
0.303476	14.706508231367437	4.876117233109073
0.303775	4.257968075640122	4.963547383595317
0.304073	3.0296873192433793	4.925478896688617
0.304372	8.179185317019062	4.891813425799992
0.304671	3.2273232480535086	5.0343155129844614
0.304969	7.997472747497127	4.937210807767672
0.305268	2.9625540600667932	5.051800524961596
0.305566	3.9102784204672503	4.954247625150749
0.305865	3.5021162402676254	4.988919257033692
0.306164	16.207294104561072	5.104314721918228
0.306462	9.0298391546159	4.981022261496895
0.306761	8.27909032257999	5.123721818437683
0.30706	7.124179755283393	5.027609175148568
0.307358	17.74051268075688	5.072087738157109
0.307657	5.998333147942532	5.121693685958975
0.307955	11.604057730811732	5.054444220090684
0.308254	11.041477641824216	5.21357689752383
0.308553	9.335706006674087	5.077310650403155
0.308851	11.024456062291463	5.157133869058221
0.30915	5.983829365962734	5.163516016520056
0.309449	3.8781951056732566	5.15621319944518
0.309747	6.736842380422274	5.259943692304266
0.310046	7.1825155728587475	5.108585733930047
0.310344	3.9732156840932475	5.196970355305746
0.310643	7.696292102336031	5.19841297834625
0.310942	11.255823470522444	5.186105370258059
0.31124	7.678793325918178	5.26905056329367
0.311539	0.10569610678508923	5.118538412677637
0.311838	5.095089543937803	5.228037223319059
0.312136	17.572321134594233	5.178488162836955
0.312435	3.5738883203560334	5.273775763364826
0.312734	12.829925139043112	5.221339262037879
0.313032	9.437202113459975	5.229403181850037
0.313331	1.7751103448279792	5.31995764301269
0.313629	5.612932258064447	5.2233436400072115
0.313928	6.19060011123473	5.371253523796485
0.314227	13.980745828698886	5.304001979769321
0.314525	9.03824949944287	5.312777498566822
0.314824	5.979500222469127	5.397318835229523
0.315123	14.133320355950403	5.27705752492562
0.315421	0.4237565072303795	5.432179834500998
0.31572	7.762504338153704	5.360488410889962
0.316018	-1.705738264739054	5.397192355320517
0.316317	1.6240041156846274	5.432579100715638
0.316616	11.060229143492961	5.387081440181552
0.316914	10.327602447163784	5.524461361734089
0.317213	1.8898678531702728	5.376107419982682
0.317512	16.737383759733007	5.4898604535247015
0.31781	-1.7664130144603973	5.479426019944779
0.318109	6.346357842047041	5.503849607632617
0.318407	4.720054838710013	5.592561850104525
0.318706	7.1944912124580895	5.438172344422597
0.319005	9.190906117909066	5.616830757133715
0.319303	-1.2300163515007512	5.5326286279313965
0.319602	12.151007786428849	5.582918750837108
0.319901	6.322782981089787	5.695082055502134
0.320199	13.24381701890978	5.532516058466149
0.320498	7.73780823136768	5.666757727836106
0.320796	5.1820518353724765	5.61911995962834
0.321095	7.981533370411071	5.671813569582291
0.321394	5.645090989989541	5.678780495000385
0.321692	3.7968944382640757	5.676318063750766
0.321991	5.02143570634054	5.797298371030921
0.32229	15.9921253615137	5.650349446622762
0.322588	5.526850611790621	5.79871330378256
0.322887	16.001230144605003	5.718732788401802
0.323186	14.530743937707982	5.790008532278131
0.323484	6.909635706340254	5.901312650131862
0.323783	9.23390088987766	5.7152903280525225
0.324081	4.567543047831393	5.8721594099095515
0.32438	17.50036084538351	5.8021160518792305
0.324679	4.971177864293566	5.890928056338247
0.324977	-3.4241212458289993	5.938338760341104
0.325276	0.5895343715246781	5.833348900141242
0.325575	-0.03961968854305553	5.998562845239472
0.325873	13.18567842046697	5.855906730750376
0.326172	15.435922358176128	5.982208023305825
0.32647	1.4572484983310119	5.999037934893352
0.326769	-7.271846496106349	5.97344238916481
0.327068	3.592674193548433	6.078266012568234
0.327366	1.555060511679116	5.933427060606235
0.327665	-5.248214682981001	6.101402777542416
0.327964	-0.07093314794225591	6.0566507513901175
0.328262	10.233180867630765	6.078779527804196
0.328561	-6.874218353726249	6.169105400783712
0.328859	5.500424249165192	6.029959480149631
0.329158	-2.129554171300967	6.201250148065871
0.329457	9.0486917686313	6.102056465348372
0.329755	15.501948053392809	6.211909930647754
0.330054	5.2622252502776234	6.205217495007424
0.330353	5.501338932147135	6.1924181356070225
0.330651	2.7356382647389665	6.333947359004091
0.33095	15.112293437152644	6.16087346404446
0.331248	8.628689098999232	6.336989884836438
0.331547	9.498161512791867	6.263707195366118
0.331846	-1.9622169076755114	6.318879565304596
0.332144	2.8214689655173686	6.44964008906921
0.332443	6.691470967742035	6.255148555771922
0.332742	2.3888489432700055	6.476173035610335
0.33304	6.10600177975499	6.312935735210307
0.333339	1.0905850945487572	6.45040507176195
0.333637	2.4768487208012857	6.48566800568396
0.333936	8.601676084538212	6.434896084085231
0.334235	9.733128921022711	6.565408444569289
0.334533	2.597129032258465	6.409762563396541
0.334832	-0.5901483870971447	6.59294207503969
0.335131	5.542664516128752	6.548832289498761
0.335429	10.596618020022177	6.5652566366544605
0.335728	2.8652125695217023	6.719113707588246
0.336027	8.48789866518338	6.4860922698363845
0.336325	9.920469076751814	6.745880600600462
0.336624	9.48864627363676	6.611657364318219
0.336922	20.21178286985588	6.733677215673452
0.337221	16.5879610678536	6.824937674201923
0.33752	12.462078086763242	6.654205042366465
0.337818	1.2146182424916674	6.867198655433119
0.338117	2.487312013348131	6.700746639396605
0.338416	5.826357730811864	6.900260525553656
0.338714	8.60909065628455	6.821526144642534
0.339013	8.373745161290316	6.866984541233544
0.339311	5.274227586206592	7.021146668945644
0.33961	4.637786429366457	6.808358520930392
0.339909	14.317436929921925	7.026223341473377
0.340207	11.836366184649165	6.906858293418782
0.340506	11.636262513904185	7.050186193374775
0.340805	-1.7092391546159291	7.182840347793807
0.341103	-1.9971854282534451	6.912500768393815
0.341402	2.8123728587318197	7.201833967150114
0.3417	5.168546496106998	6.987965063575336
0.341999	9.426928031145891	7.204225092997613
0.342298	6.483914349276532	7.208387177961205
0.342596	15.153199221356601	7.1609063209515496
0.342895	7.267425917686126	7.416168250164227
0.343194	16.821001001112066	7.068347438266181
0.343492	11.207212458286762	7.435101467021017
0.343791	-2.902690211345771	7.245169224034498
0.344089	10.394631924360027	7.335917320851544
0.344388	4.378555394883108	7.51496325615717
0.344687	10.683176529476839	7.099095980205541
0.344985	2.68732725250338	7.452931774059389
0.345284	5.4178768631810215	7.197509177342659
0.345583	8.503933147941893	7.358318690424505
0.345881	4.139014238042549	7.414426853954584
0.34618	-0.37093081201298617	7.2119816399289975
0.346479	6.251062625139312	7.4699055984421365
0.346777	9.377693325917704	7.239161111695179
0.347076	16.45226529477199	7.433960388772656
0.347374	0.8948956618466042	7.418846524017225
0.347673	-0.29714816462686144	7.402688217463855
0.347972	17.895448832035825	7.686977262496847
0.34827	24.661944827586098	7.349179110808428
0.348569	6.638076974415483	7.606196779988391
0.348868	3.5269498331474125	7.473672657316277
0.349166	-0.4619649610680199	7.637043133648506
0.349465	11.640613014460683	7.813363934575149
0.349763	8.709012013347603	7.452203310715635
0.350062	8.979366073414425	7.8979598508313495
0.350361	6.4522494994435675	7.56590054040517
0.350659	6.094062513904035	7.920444744628802
0.350958	2.2208215795335207	7.773301631945755
0.351257	11.650836373748561	7.80382608436949
0.351555	2.125887764182366	8.1017505587257
0.351854	5.687932591768643	7.693930142735384
0.352152	11.40878142380366	8.146750992041746
0.352451	1.8348610678528843	7.859494249957212
0.35275	1.7305251390435927	8.065970643084748
0.353048	-1.8177313681862728	8.360694499883971
0.353347	-1.4384529477200658	7.830454454422905
0.353646	21.682736262513913	8.361014478277397
0.353944	17.893240044493623	7.995862315346678
0.354243	8.048156729699159	8.34778012366714
0.354541	-3.713710344827277	8.365565671369357
0.35484	20.650442269187863	8.225634285522004
0.355139	1.7600342602893448	8.61432213867586
0.355437	18.65457597330341	8.154172121747791
0.355736	18.40682135706352	8.66890343637203
0.356035	4.015772636262653	8.392107352880195
0.356333	2.3484860956615705	8.569041871745242
0.356632	3.906569299221161	8.849449126985345
0.356931	-6.697661512792266	8.347329223740763
0.357229	20.98712436040003	8.837071606535535
0.357528	0.30056062291400565	8.57740993489132
0.357826	4.885210678531635	8.889125004456801
0.358125	7.747353170188447	8.9989490451237
0.358424	16.15862235817552	8.589295908728964
0.358722	8.905485650723648	9.24507416534726
0.359021	5.96376373748619	8.73093246242904
0.35932	5.274428809788603	9.212596852846428
0.359618	1.2800576195774482	9.087168078876305
0.359917	14.76895862068936	9.07770992052866
0.360215	4.158691434927775	9.5566732586138
0.360514	-3.0326422691878463	8.946452972376994
0.360813	11.545605784204866	9.530630702382728
0.361111	13.106776084538083	9.204538376759917
0.36141	3.4955599555058114	9.476662200417648
0.361709	-6.138643047830854	9.955674280629637
0.362007	-3.5004964404897976	9.142007976168237
0.362306	2.8419497219137924	9.899773043741767
0.362604	18.19142436040046	9.449654420746246
0.362903	6.724813014460693	9.918340088480381
0.363202	13.609765294771847	9.902842279203238
0.3635	-3.6431002224689024	9.782726877456817
0.363799	21.09218309232503	10.331108029904899
0.364098	8.062723248053345	9.649480377927528
0.364396	17.547023359287763	10.406516152476863
0.364695	-4.745031590656055	10.044102023700368
0.364993	8.980155283649083	10.262535748286453
0.365292	-6.175225361513057	10.912390050363621
0.365591	-2.774544827586567	9.845090409013354
0.365889	29.938918464961333	10.930108334400671
0.366188	-2.6204966629592974	10.3310025023413
0.366487	0.8571357063401308	10.77687488398225
0.366785	-2.6999929922139643	11.038025512463353
0.367084	12.836668631812316	10.489362626350442
0.367382	14.830182647385755	11.483169117650284
0.367681	8.349373748609494	10.568075525469048
0.36798	-2.536127252502709	11.444803397447533
0.368278	4.257242602891793	11.167549993596703
0.368577	12.217844048943292	11.234848886284123
0.368876	3.8767988876529103	12.23837330491293
0.369174	15.91898609566229	10.822254647978014
0.369473	-3.5078969966636464	12.186545704833865
0.369772	1.1904243604001152	11.317429789241759
0.37007	-6.521497441602477	12.21424390204739
0.370369	1.8333340378193697	12.807239511898514
0.370667	-5.291630255839834	11.282824760277704
0.370966	-17.50254794215813	12.874453588699359
0.371265	8.905324805339063	11.905010875608546
0.371563	14.205195216907853	12.81331839055556
0.371862	-8.935737597330089	12.880269014115727
0.372161	0.05335428253594898	12.45957532701253
0.372459	28.497625695217224	14.116456399518174
0.372758	-18.422533815350945	12.097184678244822
0.373056	19.52768209121146	14.017698472046254
0.373355	11.122372525028013	13.052611990443456
0.373654	-4.457808120133606	13.640135073527423
0.373952	15.844315795327688	15.452791254454137
0.374251	7.277141045606399	12.621075090204027
0.37455	21.27559421579491	15.375279103533554
0.374848	-7.609821357063424	13.548421499023464
0.375147	-36.58156218020018	15.201924915307805
0.375445	2.581429254726686	15.144071106741416
0.375744	7.972810344828787	14.375923910930823
0.376043	27.754512680755923	17.020689558383665
0.376341	-8.678019243604354	13.980507236598875
0.37664	18.32727931034448	17.215543612276335
0.376939	-9.227477085650762	15.64110912466296
0.377237	16.225582091212516	16.537421219513256
0.377536	45.025042825361794	19.505502057534358
0.377834	23.418861290322255	14.931805203510509
0.378133	-2.5997382647386758	19.881618010158967
0.378432	1.3260517241378267	16.22555156237479
0.37873	-11.580141490545017	19.592692023107023
0.379029	15.241867408231329	20.637973469178966
0.379328	15.829492324805159	17.022647151946696
0.379626	-18.573900333703577	23.62409274266552
0.379925	17.274968743047836	17.570373848953757
0.380224	-0.5941391546160446	24.0867202101662
0.380522	-19.650959399332706	20.08125960251602
0.380821	33.22186151279254	23.19448336307462
0.381119	-12.268459288098441	27.629533174042447
0.381418	6.059336929921528	20.266400929743362
0.381717	-83.14266440489398	30.127923863861465
0.382015	11.195781423803624	22.22693638481205
0.382314	2.1190124582859227	33.463153335938486
0.382613	6.244965517241496	34.67687539547255
0.382911	-0.1329053392652213	26.311777779133283
0.38321	0.	0.
0.383508	3.875932258063699	30.85278839476501