0.00365322	-56.04761904782208	539.302180869207
0.00395185	821.0000000000582	329.4900815713601
0.00425048	1092.7142857142462	239.236268269348
0.00454911	730.6571428571624	198.81778920804723
0.00484773	632.9904761904618	170.1270724036571
0.00514636	909.0380952381383	143.0946166443366
0.00544499	981.3276190476608	129.39452964097677
0.00574362	664.6838095237945	111.53118835261743
0.00604225	687.828571428563	103.94785964887066
0.00634088	892.980952380949	90.33728146099931
0.0066395	970.8771428571345	82.7424804852264
0.00693813	760.1361904762052	73.82851673019314
0.00723676	960.2304761904816	68.73075045126528
0.00753539	770.6400000000212	64.02756501389834
0.00783402	734.5076190476175	56.798762628277146
0.00813264	709.0961904761934	54.22162671250337
0.00843127	874.1961904761956	48.93652376381545
0.0087299	658.7514285714133	45.93164928206666
0.00902853	735.3428571428594	43.13986210381501
0.00932716	785.8180952381053	39.5804324684382
0.00962579	658.6171428571288	38.16565454805288
0.00992441	762.0419047619043	35.25125396083629
0.010223	722.3733333333303	33.140657790099425
0.0105217	701.546666666668	31.26732014368362
0.0108203	712.110476190478	29.50877012221345
0.0111189	736.261619047616	28.337480562843194
0.0114176	694.3945714285769	26.782580151979857
0.0117162	707.2921904761847	25.189310300416096
0.0120148	719.8578095238076	24.13451800470255
0.0123134	688.8226666666651	23.00214548522902
0.0126121	648.7867619047597	22.104270976009502
0.0129107	678.6296190476173	20.680712778049468
0.0132093	661.8534285714281	20.327900385587583
0.013508	665.85380952381	19.166220084054558
0.0138066	644.0277142857167	18.38371698501326
0.0141052	664.7946666666644	17.452570834151814
0.0144038	660.9621904761889	16.97347071053831
0.0147025	646.5327619047594	16.436357598231282
0.0150011	666.8699999999978	15.697855900144734
0.0152997	636.1831428571429	15.175609098112524
0.0155984	646.3987619047589	14.40253034031466
0.015897	633.1975238095254	14.105331620090688
0.0161956	606.0887619047605	13.75534030899821
0.0164942	595.6840952380958	13.039969972087208
0.0167929	619.6303809523818	12.866786197556726
0.0170915	632.5366666666662	12.303619590235996
0.0173901	602.8323809523818	11.992775958140369
0.0176888	588.1823809523814	11.695735610186208
0.0179874	576.8974285714296	11.33592670639327
0.018286	574.1031428571432	11.615257222950564
0.0185846	563.0380000000008	11.181000593369566
0.0188833	553.9263809523811	11.23977789768289
0.0191819	558.5990476190477	10.946552013987809
0.0194805	569.1497142857156	10.601137671228676
0.0197791	540.7423809523817	10.760789584066545
0.0200778	559.1215238095236	10.281381925877632
0.0203764	529.0143809523795	10.30391542506377
0.020675	504.82190476190567	10.134009183772237
0.0209737	501.283619047619	10.151055946021703
0.0212723	509.953523809524	10.302344514858692
0.0215709	492.5223809523817	10.048895369590971
0.0218695	502.1011428571421	10.1918256989727
0.0221682	499.43028571428613	9.972061122887308
0.0224668	485.4242857142856	9.965013579513363
0.0227654	500.34238095238095	9.981528023388357
0.0230641	471.8707619047626	9.48316713063043
0.0233627	460.10914285714307	9.34305015224358
0.0236613	447.2719047619057	9.018028240718497
0.0239599	456.453619047619	8.990471259865325
0.0242586	440.333714285714	8.789784276867628
0.0245572	441.3172380952386	8.54544712755933
0.0248558	422.8209523809511	8.440649356130246
0.0251545	437.2185714285712	8.43383062835359
0.0254531	415.48704761904787	8.210914320273563
0.0257517	425.4775238095232	8.128766009054573
0.0260503	404.5436190476204	7.979868351343389
0.026349	406.9292380952385	7.899447649664586
0.0266476	398.6483809523804	7.764692928163606
0.0269462	398.2702857142857	7.625778612043391
0.0272449	380.03228571428565	7.534761093329557
0.0275435	375.51647619047685	7.558741215789283
0.0278421	382.87447619047583	7.3011610810695835
0.0281407	375.1763809523814	7.295445750796425
0.0284394	369.29790476190504	7.048883951310589
0.028738	367.2801904761903	7.092674587527268
0.0290366	356.8042857142859	7.0708233645944185
0.0293353	367.189619047619	6.80489566169451
0.0296339	341.9946666666675	6.880023825827806
0.0299325	347.06228571428625	6.691887735218805
0.0302311	343.91942857142936	6.704740920827687
0.0305298	343.38485714285724	6.604315702849966
0.0308284	328.68028571428596	6.54035181302731
0.031127	328.8682857142865	6.571154786423365
0.0314257	327.05504761904876	6.474858230003444
0.0317243	323.5421904761904	6.404641229108318
0.0320229	313.0950476190489	6.316937595924435
0.0323215	309.66228571428644	6.330075149043298
0.0326202	312.4331428571429	6.362303853144241
0.0329188	297.0607619047621	6.252149882160096
0.0332174	308.5699047619042	6.145367817591306
0.0335161	292.7614285714287	6.169144278525776
0.0338147	286.2073333333322	6.120204430978308
0.0341133	285.19704761904705	6.146024228543727
0.0344119	283.13199999999995	6.022177747257138
0.0347106	279.6129523809526	5.9968611969780925
0.0350092	283.3191428571422	6.018252446546551
0.0353078	259.40647619047667	5.956261487746369
0.0356064	255.67257142857187	5.938392528772064
0.0359051	277.4352380952382	5.824812280684988
0.0362037	255.7056285714276	5.875388699498602
0.0365023	260.79326666666645	5.846624817693428
0.036801	256.5235619047621	5.7720555771784365
0.0370996	252.01261904761964	5.759025301251585
0.0373982	249.74892380952383	5.7007673347829755
0.0376968	240.4434857142857	5.7644378898727116
0.0379955	244.42980952380935	5.657262106450292
0.0382941	234.73886666666658	5.624806439375842
0.0385927	233.27420952380947	5.637665849010139
0.0388914	236.80883809523806	5.609457268785739
0.03919	229.32564761904757	5.613369544959347
0.0394886	221.97359999999946	5.475930178179947
0.0397872	225.47280000000086	5.497995604882149
0.0400859	220.55355238095245	5.519601308349359
0.0403845	219.36147619047603	5.470494649998835
0.0406831	212.02737142857103	5.465382692787685
0.0409818	204.99978095238077	5.4165690866085034
0.0412804	213.868895238096	5.414268641056489
0.041579	216.49296190476235	5.383139649940779
0.0418776	197.9612000000006	5.305351965169533
0.0421763	210.13499047619007	5.463098231906863
0.0424749	194.9712857142856	5.4969059133710125
0.0427735	201.45190476190436	5.614391325129179
0.0430722	195.37876190476084	5.585525133809249
0.0433708	199.30728571428602	5.612292672604092
0.0436694	192.23145714285664	5.607284589696904
0.043968	188.30818095238044	5.696293263613127
0.0442667	186.74857142857178	5.700053046898547
0.0445653	198.04516190476193	5.637692780606876
0.0448639	172.95783809523812	5.705223251358836
0.0451626	186.2380380952382	5.705411636862064
0.0454612	178.00185714285732	5.720638355271021
0.0457598	180.77798095238137	5.701869459934608
0.0460584	171.9738857142852	5.735615498814914
0.0463571	179.47952380952387	5.762109870743062
0.0466557	162.3597714285708	5.762874513568425
0.0469543	165.7226	5.699845047149426
0.047253	167.013533333334	5.696119766806962
0.0475516	162.86350476190506	5.691739705540041
0.0478502	164.687438095238	5.725161597314306
0.0481488	165.456485714285	5.654133240870566
0.0484475	152.81846666666638	5.697689275186778
0.0487461	154.90039999999937	5.651008547717277
0.0490447	167.37660000000034	5.64435090215603
0.0493434	159.70247619047626	5.686874192785856
0.049642	152.0200571428569	5.573515127642023
0.0499406	156.35840000000002	5.675070240348921
0.0502392	150.06616190476223	5.610348999271347
0.0505379	148.99296190476235	5.604175175173163
0.0508365	153.12285714285764	5.58385697312438
0.0511351	151.32853333333287	5.56408740410607
0.0514337	132.62740952380852	5.574048708718835
0.0517324	145.1174666666671	5.545751948961659
0.052031	138.9474666666669	5.544975188090852
0.0523296	138.0699714285717	5.5613182217125505
0.0526283	139.156723809524	5.527452240489699
0.0529269	145.72059047619007	5.540542124953319
0.0532255	132.98194285714317	5.511148059950358
0.0535241	128.9729523809524	5.504202149763827
0.0538228	131.90739047619047	5.500630733740418
0.0541214	132.66522857142832	5.4994605336823374
0.05442	121.46577142857154	5.479053998273203
0.0547187	129.1993428571422	5.435925836165133
0.0550173	126.24887619047598	5.500313606833082
0.0553159	124.28490476190518	5.412948022051648
0.0556145	118.59055238095294	5.465166243613375
0.0559132	117.86502857142892	5.414666923317441
0.0562118	121.7665333333332	5.398954346258824
0.0565104	119.74065714285757	5.396006543805104
0.0568091	133.4579238095236	5.403137360996287
0.0571077	115.25997142857165	5.375710571079832
0.0574063	123.57426666666726	5.368604794581884
0.0577049	116.43215238095308	5.378131476921104
0.0580036	133.08580952380964	5.382382415098404
0.0583022	111.28041904761886	5.332138514685024
0.0586008	118.050628571429	5.348764572154346
0.0588995	115.5166380952383	5.325945003475737
0.0591981	115.69696190476208	5.3154798083534205
0.0594967	109.9236666666664	5.348581750148723
0.0597953	105.24514285714304	5.250187786819086
0.060094	102.51635238095218	5.29755696821856
0.0603926	111.37148571428526	5.287320635572611
0.0606912	106.36789523809568	5.288402360354557
0.0609899	109.90793333333329	5.266915977182837
0.0612885	98.69056190476158	5.219318319274592
0.0615871	93.32950476190462	5.286863382954819
0.0618857	100.8848857142857	5.2271736464659835
0.0621844	102.34714285714233	5.211252066490006
0.062483	102.41072380952374	5.277894237808869
0.0627816	100.40330476190434	5.14882055166874
0.0630803	95.52096190476135	5.245239240408212
0.0633789	94.24180000000007	5.181102163653928
0.0636775	96.97862857142894	5.173976043924533
0.0639761	101.6653238095239	5.174192450255346
0.0642748	102.29601904761893	5.163010543048124
0.0645734	92.24675238095273	5.188414963211063
0.064872	102.97525714285712	5.118836472168072
0.0651707	94.7611333333333	5.170543911482396
0.0654693	94.74915238095264	5.140215861936235
0.0657679	82.59246666666684	5.132870815588912
0.0660665	93.07402857142819	5.128547821964961
0.0663652	84.39489523809499	5.076126554732456
0.0666638	88.10319047619004	5.117204632970106
0.0669624	92.55062857142832	5.0978168223992295
0.067261	86.41621904761877	5.0825039359873525
0.0675597	89.98449523809484	5.128345323727715
0.0678583	88.74583809523813	5.02638241966001
0.0681569	94.36999047619082	5.083778456331013
0.0684556	85.77467619047582	5.012270401953418
0.0687542	81.56467619047618	5.0841289915746195
0.0690528	84.62129523809523	5.034533974560985
0.0693514	87.7305714285717	5.015664175463938
0.0696501	83.7878571428567	5.054489502155705
0.0699487	83.81866666666724	4.989514909171332
0.0702473	77.26104761904764	5.036326900809172
0.070546	92.16110476190437	4.989980627584591
0.0708446	75.95425714285767	5.002723193645556
0.0711432	82.5139904761906	4.983223533588658
0.0714418	77.81819999999982	4.919751669266225
0.0717405	78.61904761904782	5.026672819675574
0.0720391	72.01319047619023	4.960554286519792
0.0723377	74.93541904761884	4.945643063689213
0.0726364	82.1017809523812	4.964597843441018
0.072935	77.30949523809556	4.906447384656828
0.0732336	76.83376190476139	4.941909282572846
0.0735322	74.55146666666622	4.906374774025016
0.0738309	82.3338000000004	4.912891862937121
0.0741295	65.86508571428567	4.90823032654806
0.0744281	76.99893333333335	4.905266775490642
0.0747268	70.89290476190484	4.907263164118863
0.0750254	69.4063523809524	4.846035083562695
0.075324	73.20251428571424	4.890496888231441
0.0756226	68.17465714285731	4.8830706642463095
0.0759213	73.70876190476196	4.882990443051416
0.0762199	72.0289904761907	4.858067209770959
0.0765185	69.73732380952384	4.814285459042907
0.0768172	69.4880095238102	4.875350339583744
0.0771158	68.66409523809523	4.847964345733939
0.0774144	70.8955619047623	4.824352143485874
0.077713	71.9145428571423	4.820764468826535
0.0780117	74.05006666666651	4.793602010064299
0.0783103	73.80431428571399	4.855733889791644
0.0786089	60.572999999999695	4.760017625220301
0.0789076	59.51920952380959	4.807940879676032
0.0792062	66.28570476190532	4.783503215871836
0.0795048	75.18404761904748	4.8208946987746035
0.0798034	67.0135809523805	4.810597815663897
0.0801021	66.4972761904761	4.72208753028369
0.0804007	64.86320000000035	4.7716085157479435
0.0806993	64.54348571428596	4.764978155756461
0.080998	66.53045714285668	4.754363898365842
0.0812966	68.08137142857134	4.849581377885011
0.0815952	65.88523809523792	4.937643025262291
0.0818938	65.016447619048	5.076155481673163
0.0821925	61.674380952380545	5.053643006385756
0.0824911	59.1401619047619	5.152716365075321
0.0827897	60.63309523809494	5.188985909450029
0.0830883	62.71321904761919	5.187883085672475
0.083387	58.32982857142838	5.3208782223256055
0.0836856	55.99125714285748	5.233676639101123
0.0839842	55.80801904761984	5.366577713362849
0.0842829	72.53906666666694	5.324170054699863
0.0845815	71.06116190476172	5.369936456707998
0.0848801	51.266352380952185	5.3364725071119015
0.0851787	54.69551428571435	5.297116667470068
0.0854774	57.575999999999965	5.38206630373936
0.085776	60.915438095237846	5.371588431333613
0.0860746	54.393828571429026	5.418789185456129
0.0863733	57.80016190476232	5.2197482850937105
0.0866719	52.53816190476158	5.091063337498869
0.0869705	61.08948571428584	5.0602439014086285
0.0872691	51.414400000000455	4.986456149839691
0.0875678	53.97956190476236	4.903933252121676
0.0878664	48.82313333333286	4.8569401737204085
0.088165	66.78137142857196	4.871899232396613
0.0884637	59.144952380952134	4.81963454274346
0.0887623	51.577590476190665	4.750224238232573
0.0890609	55.00540000000001	4.813482943949411
0.0893595	47.59974285714293	4.729726145384241
0.0896582	54.42642857142857	4.779247524292249
0.0899568	56.16766666666706	4.730961861298315
0.0902554	54.308828571429046	4.717827104927289
0.0905541	49.06662857142862	4.738496791650288
0.0908527	55.82692380952409	4.676805505979441
0.0911513	56.02382857142828	4.717385349974147
0.0914499	60.36941904761875	4.68058094539806
0.0917486	49.103495238095434	4.6759606824466555
0.0920472	49.590485714285535	4.714294006982277
0.0923458	51.82594285714316	4.631392240035755
0.0926445	60.706076190476495	4.678681004949349
0.0929431	51.0531714285716	4.616744349332558
0.0932417	43.47091428571446	4.629303204554944
0.0935403	56.7395619047619	4.653613415279177
0.093839	48.79659999999973	4.609719174573704
0.0941376	50.741219047619666	4.642357170131797
0.0944362	46.34282857142864	4.581890297547023
0.0947349	50.84106666666656	4.596132632770427
0.0950335	45.3549238095232	4.610401183014518
0.0953321	51.48050476190491	4.571292200426015
0.0956307	52.3181142857149	4.59482871790151
0.0959294	47.79858095238097	4.5311570310738505
0.096228	47.14888571428645	4.5791529609558035
0.0965266	41.192295238095085	4.567390456671432
0.0968253	48.42974285714263	4.524770732547558
0.0971239	43.5869047619056	4.565338615162358
0.0974225	50.30064761904811	4.529415782992184
0.0977211	47.77132380952423	4.530773062465448
0.0980198	40.61228571428529	4.504281675786769
0.0983184	43.27030476190458	4.507720034471838
0.098617	37.72947619047642	4.52736003479355
0.0989156	51.62900952380937	4.50140262582401
0.0992143	46.667819047618764	4.512425401000035
0.0995129	48.32739047619043	4.442507997319264
0.0998115	48.434000000000026	4.515479458683035
0.10011	43.09825714285694	4.453457550390011
0.100409	45.940247619047625	4.4877760257975
0.100707	28.85386666666676	4.4614109576429355
0.101006	38.97176190476159	4.444768211106285
0.101305	44.0447238095237	4.467150247937156
0.101603	43.87019047619077	4.4483122731118785
0.101902	46.63826666666665	4.450224561810614
0.102201	41.38731428571418	4.42603787729679
0.102499	46.14059047619065	4.424686647817585
0.102798	43.67979047619116	4.4364173708422765
0.103096	39.78010476190491	4.394513648287403
0.103395	34.182057142857616	4.418195494441863
0.103694	36.68236190476193	4.414100834800051
0.103992	37.414657142857095	4.390669475835616
0.104291	48.888304761904635	4.419344183464844
0.10459	42.76166666666654	4.350007575085249
0.104888	38.53231428571405	4.410886043953539
0.105187	47.78205714285747	4.348998400890896
0.105485	44.10061904761932	4.376755240704616
0.105784	39.30983809523781	4.38645743399432
0.106083	43.88105714285729	4.338577493323278
0.106381	35.53474285714316	4.3655111665164155
0.10668	41.39547619047619	4.350515981019663
0.106979	36.73916190476177	4.334775476089664
0.107277	35.940352380953016	4.3514605690009995
0.107576	32.969809523810056	4.341904298554301
0.107874	36.87229523809492	4.314187038949239
0.108173	39.248447619047795	4.3230496498207795
0.108472	42.16338095238086	4.340037437037256
0.10877	40.46471428571465	4.311953768868702
0.109069	33.27474285714288	4.319150724970894
0.109368	37.53063809523809	4.314010488174585
0.109666	31.90026666666654	4.265023050459309
0.109965	35.99601904761954	4.316149196717102
0.110264	39.928809523809434	4.264834874857847
0.110562	45.71205714285753	4.294457120176222
0.110861	33.2284666666672	4.265597464175
0.111159	39.62956190476234	4.276321311270557
0.111458	36.09327619047576	4.293418725062049
0.111757	27.489523809523746	4.226461186258836
0.112055	36.501285714285814	4.273327044381441
0.112354	34.133961904761634	4.243362695906905
0.112653	36.01423809523794	4.249642300094266
0.112951	25.836980952381055	4.249678979699818
0.11325	40.549647619047846	4.213599167147705
0.113548	33.7883428571422	4.251112283646152
0.113847	36.97371428571415	4.217163616243319
0.114146	28.403409523809557	4.226006429904619
0.114444	37.75434285714255	4.221949828210921
0.114743	36.385266666666496	4.201193947718203
0.115042	34.542504761904524	4.201952203076502
0.11534	28.577771428571452	4.199587105618332
0.115639	46.05801904761904	4.214723838603054
0.115937	30.218809523809682	4.202794573100423
0.116236	37.619161904761995	4.177306651255237
0.116535	32.02804761904787	4.190458026737097
0.116833	24.136866666666776	4.200418331159214
0.117132	27.13533333333288	4.1524381666757595
0.117431	29.306219047618924	4.175747482701364
0.117729	30.391095238094863	4.158338406883734
0.118028	34.73288571428583	4.171718527188624
0.118326	40.826600000000326	4.15587291177255
0.118625	35.252571428571	4.142371749379548
0.118924	29.86353333333369	4.152953682642635
0.119222	32.047038095238065	4.140312061585274
0.119521	22.1459428571427	4.136952564447169
0.11982	26.368514285713616	4.1328849357414885
0.120118	23.911895238095155	4.141204299380617
0.120417	31.905238095238246	4.099472753951315
0.120716	34.13349523809501	4.136139819414676
0.121014	33.248476190476595	4.103404547517772
0.121313	27.376190476190345	4.131588010085056
0.121611	39.78782857142846	4.099380985161525
0.12191	29.129466666666985	4.097440854255709
0.122209	30.44632380952379	4.107842091709175
0.122507	29.561942857142753	4.078124042279018
0.122806	32.44565714285727	4.094410138323718
0.123105	26.90517142857118	4.092522036929032
0.123403	31.291114285714343	4.069569949220249
0.123702	29.21862857142827	4.100061701791792
0.124	28.16753333333338	4.0567436600876
0.124299	28.06717142857167	4.086338570961434
0.124598	27.996114285714384	4.038561406223623
0.124896	32.10872380952338	4.054549214396181
0.125195	27.48768571428542	4.0856988633936036
0.125494	32.514571428571344	4.02189165337264
0.125792	23.357219047619253	4.071239259351368
0.126091	31.118209523808957	4.0408201367384535
0.126389	34.279733333333695	4.024948964123544
0.126688	26.048133333333396	4.19866752061485
0.126987	34.290123809523436	4.194672227020299
0.127285	27.69588571428585	4.3062639333764805
0.127584	23.708095238095268	4.341727120509563
0.127883	34.11347619047632	4.329556837884162
0.128181	32.64712380952432	4.380851648334877
0.12848	21.00131428571416	4.358377812913879
0.128778	25.65626666666674	4.250724294789291
0.129077	30.662790476190764	4.196380208826373
0.129376	26.592533333333392	4.1622154291618205
0.129674	31.981399999999667	4.1465165860649495
0.129973	26.78751428571445	4.150072931205512
0.130272	26.59658095238143	4.174320314877416
0.13057	27.91680000000042	4.126022085589024
0.130869	25.28156190476153	4.1519078732814565
0.131168	20.779761904761642	4.098103128307878
0.131466	26.71919047618985	4.134103104425365
0.131765	23.291057142857028	4.087957649700379
0.132063	26.45560952381004	4.090264869476392
0.132362	25.434514285714442	4.089850616336742
0.132661	25.64452380952389	4.064891301763341
0.132959	28.32220952380908	4.092601633346997
0.133258	23.577695238095373	4.0367031159296065
0.133557	25.450399999999718	4.030971770438468
0.133855	16.227914285714462	4.045942315099939
0.134154	27.215076190476566	3.987241159432669
0.134452	19.680209523810106	4.013219938769289
0.134751	23.640114285713878	3.959155930844833
0.13505	30.17935238095191	3.999224854802419
0.135348	25.32588571428562	3.982750968944449
0.135647	29.741361904761447	3.944778330922972
0.135946	25.651323809523774	3.9770139679305574
0.136244	22.354152380952144	3.9339357857545836
0.136543	25.026733333333482	3.9641097833783046
0.136841	24.71201904761898	3.9531369923892408
0.13714	31.098180952380687	3.9408578225799595
0.137439	19.177838095237973	3.941892137101065
0.137737	27.240580952381208	3.905139613644619
0.138036	28.96967619047615	3.9335002683194515
0.138335	15.466066666666904	3.940040355910389
0.138633	24.158619047618686	3.8945145656830467
0.138932	28.88417142857122	3.941429959936074
0.13923	20.359666666666385	3.8776688392303367
0.139529	25.927000000000362	3.9152730360055066
0.139828	25.693447619047447	3.8902792224347853
0.140126	32.84304761904764	3.909511976458819
0.140425	25.461876190475436	3.9163362905811643
0.140724	21.670495238094816	3.8719866896677093
0.141022	23.456923809523857	3.8937691644983996
0.141321	27.38197142857132	3.8607239648744542
0.141619	26.50366666666656	3.8903564612118133
0.141918	19.4190857142857	3.8470075521416187
0.142217	20.21095238095228	3.889877867284773
0.142515	28.048504761904667	3.8892007980369985
0.142814	24.131028571428885	3.839286380701293
0.143113	24.58999047619045	3.854901505432014
0.143411	23.93522857142841	3.8515318682114352
0.14371	25.202438095237767	3.8544822721014564
0.144009	26.165504761905254	3.854899503086717
0.144307	22.463266666666755	3.8398892888631284
0.144606	27.449580952381325	3.9279065302963323
0.144904	16.45914285714298	3.961247943358285
0.145203	21.49485714285646	4.054228760271989
0.145502	20.17588571428604	4.115548629240617
0.1458	23.83328571428592	4.1253386483023595
0.146099	26.139609523809497	4.1546295901270565
0.146398	15.579723809524069	4.126144166367557
0.146696	29.055676190476163	4.191173620416743
0.146995	22.973247619047754	4.1627337570437035
0.147293	23.687371428570998	4.191880994000795
0.147592	29.820485714286065	4.242228527387017
0.147891	22.679704761904702	4.195181375058011
0.148189	16.98216190476188	4.209585732006625
0.148488	17.152619047619453	4.202209283945355
0.148787	20.44358095238124	4.233979798519258
0.149085	23.497000000000128	4.233284542890995
0.149384	28.186695238094615	4.249833685999826
0.149682	19.303628571428817	4.181583071332193
0.149981	22.6386285714284	4.045297663063111
0.15028	18.399238095238672	4.008442596522184
0.150578	23.184619047619037	3.957927155814258
0.150877	18.422104761904734	3.9251850538254724
0.151176	18.960828571428863	3.9253460302119376
0.151474	21.85791428571406	3.877496116604923
0.151773	18.421999999999628	3.8946605802113594
0.152071	22.92839047619026	3.843158418440113
0.15237	16.588999999999885	3.8566508607928203
0.152669	19.07341904761921	3.857737511375079
0.152967	23.153352380952583	3.842206419976079
0.153266	24.5973619047615	3.860324489605276
0.153565	19.659752380952966	3.8245204769742585
0.153863	17.984895238095362	3.8336340834745246
0.154162	22.416438095237368	3.834434044394999
0.154461	17.54419999999982	3.8334112407133296
0.154759	26.509171428571108	3.8620115758365037
0.155058	18.265009523809397	3.810983184327854
0.155356	12.487914285713941	3.8325923750731827
0.155655	27.71503809523807	3.8059268005006186
0.155954	27.180885714285807	3.799888302673222
0.156252	17.982485714286156	3.813084607869266
0.156551	23.56177142857149	3.787935049052078
0.15685	21.559933333333277	3.820170157827627
0.157148	20.17525714285739	3.7672678474343146
0.157447	24.42834285714298	3.791452446646757
0.157745	19.363428571428756	3.7664178405863074
0.158044	18.40801904761861	3.78503099665308
0.158343	22.00797142857141	3.7750198370023584
0.158641	18.30829523809541	3.765536616917963
0.15894	20.78516190476165	3.7596988916973895
0.159239	20.85998095238125	3.757203765558172
0.159537	21.929561904762238	3.7600229081580645
0.159836	17.627333333333013	3.7641407165195675
0.160134	9.713209523809496	3.726540791938878
0.160433	17.137361904761406	3.751299394119167
0.160732	13.09575238095249	3.7226756791356603
0.16103	17.414752380952336	3.7398966410524985
0.161329	13.891057142857335	3.710515683901583
0.161628	20.46079047619088	3.7283217278277023
0.161926	19.581761904762516	3.736559587733513
0.162225	14.625676190475758	3.6966564974111904
0.162523	22.758171428571643	3.7362641810220265
0.162822	19.3969142857145	3.691436003424418
0.163121	18.041076190476133	3.6914415424183296
0.163419	20.094590476190604	3.7291333156366457
0.163718	14.622390476190503	3.686188929712999
0.164017	15.329428571428707	3.6939286709108794
0.164315	16.485561904761994	3.671498634900756
0.164614	14.650438095237917	3.6865631003768673
0.164913	15.754314285714486	3.7000969118829756
0.165211	16.100352380952643	3.656428995646669
0.16551	16.00893333333289	3.688392010337437
0.165808	24.17168571428533	3.6660233699352887
0.166107	16.147714285714585	3.676079045542598
0.166406	15.896009523809767	3.645254407977111
0.166704	18.600238095237955	3.659720814489194
0.167003	21.411295238095533	3.679814638659006
0.167302	13.61239047619108	3.6320593001921218
0.1676	15.702685714285849	3.6539205823084786
0.167899	17.146676190476455	3.6473140356900395
0.168197	15.391085714285566	3.6393021174666487
0.168496	6.2493619047626225	3.654404008878526
0.168795	17.780647619047727	3.6197918745493234
0.169093	14.61819047619116	3.6409267290612464
0.169392	16.773171428571345	3.6320208977030832
0.169691	15.675114285714642	3.6295387006392055
0.169989	19.04007619047661	3.6283870299046885
0.170288	16.262809523809665	3.60507286510036
0.170586	14.298409523809141	3.614921760392215
0.170885	13.354561904762079	3.610342301092156
0.171184	18.841180952379943	3.6271498433401606
0.171482	15.034609523809479	3.588418854505227
0.171781	18.261428571428837	3.6098061167316455
0.17208	21.84306666666714	3.6163623430175584
0.172378	22.48375238095292	3.5730030031377
0.172677	18.949038095238393	3.6021753771494054
0.172975	21.97715238095242	3.577054165730487
0.173274	11.877009523809647	3.603339286062776
0.173573	16.18613333333343	3.585465806034824
0.173871	16.509990476190524	3.5665209905121236
0.17417	17.827828571428483	3.583987547758193
0.174469	15.61083809523808	3.558718299981254
0.174767	20.37189523809502	3.5741096552162293
0.175066	19.80275238095288	3.5665967877962848
0.175364	18.727419047619946	3.560512065311962
0.175663	13.69773333333427	3.5749949364594085
0.175962	18.073809523809814	3.5293872782126057
0.17626	13.476857142857455	3.56829993598964
0.176559	22.856114285714	3.540003344572635
0.176858	12.702971428571459	3.549456737785464
0.177156	17.149142857142863	3.560331841980482
0.177455	11.333733333333385	3.5285968031641106
0.177754	19.780657142857194	3.5473245515085576
0.178052	12.733142857142923	3.532265572131945
0.178351	15.445666666666682	3.5313649721036935
0.178649	13.931542857142745	3.53024893491488
0.178948	15.157514285714342	3.5257360994977507
0.179247	17.20972380952361	3.5320991998845357
0.179545	11.817780952381156	3.5326422060651397
0.179844	15.382980952381047	3.503500208669629
0.180143	18.61740952380984	3.513897658757908
0.180441	17.253438095237925	3.509914392197562
0.18074	10.226800000000367	3.520917693929226
0.181038	18.42182857142859	3.5030657865839525
0.181337	15.760323809523413	3.495553711308512
0.181636	17.631838095238663	3.5027377261365613
0.181934	15.634438095237897	3.5066910019670328
0.182233	17.216495238095035	3.495758538193762
0.182532	15.098171428571163	3.475696783991904
0.18283	9.814695238095226	3.5100563000326233
0.183129	8.72408571428565	3.480624897560351
0.183427	15.61215238095258	3.498537618677319
0.183726	18.495599999999968	3.451348570317763
0.184025	18.59097142857138	3.4854316969053327
0.184323	15.543876190476453	3.490350748441156
0.184622	14.808790476190836	3.460171027137405
0.184921	17.613257142857037	3.4789446475436234
0.185219	17.928561904761295	3.4529679337200774
0.185518	14.936095238095675	3.458738877443742
0.185816	22.161152380952274	3.4667860578686387
0.186115	12.85954285714297	3.439278566217668
0.186414	16.891733333333434	3.47514676214907
0.186712	10.812723809523845	3.441556206300253
0.187011	17.97604761904779	3.4527051424832704
0.18731	9.099352380952155	3.4389856300044856
0.187608	15.261733333333325	3.424317232597943
0.187907	14.090523809523745	3.4710508794435304
0.188206	14.03288571428618	3.4299514031008727
0.188504	15.833457142856844	3.4258839807478085
0.188803	12.89075238095279	3.430771474426528
0.189101	13.453276190475947	3.4272422140947265
0.1894	18.09384761904795	3.45206980369886
0.189699	16.396609523809218	3.4111552208167377
0.189997	15.019599999999684	3.418413777266215
0.190296	9.886847619047785	3.406299566055103
0.190595	21.716219047619063	3.4146549434815614
0.190893	15.928352380952617	3.4123047950567296
0.191192	12.886542857143297	3.40996023115217
0.19149	11.55468571428571	3.418484149138936
0.191789	11.88619999999986	3.3892535726116444
0.192088	8.070066666666946	3.41890360341056
0.192386	12.690790476191012	3.381531486936002
0.192685	10.475819047619268	3.387592055349976
0.192984	19.20270476190467	3.3852869489821376
0.193282	13.377066666666906	3.368630136414455
0.193581	16.45068571428567	3.4015066432175143
0.193879	11.782599999999377	3.361380509688102
0.194178	14.914733333333174	3.3737569855598593
0.194477	8.279400000000123	3.3669173255670453
0.194775	15.489876190476366	3.3692826453073876
0.195074	15.48005714285722	3.3632923972787703
0.195373	13.13630476190525	3.353112576445216
0.195671	16.342799999999897	3.369993429485634
0.19597	12.500485714285503	3.360214231832343
0.196268	15.230866666665861	3.3441225017002907
0.196567	16.65786666666662	3.38576700158931
0.196866	7.965009523809385	3.3355622625615067
0.197164	20.063314285714284	3.3789221717848434
0.197463	14.541466666666452	3.3564535358840484
0.197762	18.85627619047625	3.3475939728458695
0.19806	7.115219047618666	3.3619263164275477
0.198359	12.009619047619253	3.3292090243393795
0.198658	12.026333333333241	3.363330750239642
0.198956	18.158257142858076	3.3363209822830475
0.199255	11.011742857142508	3.348571368662343
0.199553	14.67465714285737	3.340497017762536
0.199852	8.391819047619151	3.3285338209123703
0.200151	17.44027619047671	3.339301029368001
0.200449	15.012209523809759	3.3198469001791286
0.200748	15.00246666666726	3.3254633248904546
0.201047	13.61740952380984	3.3446745473999755
0.201345	12.646523809523842	3.3307695327956273
0.201644	15.645533333333503	3.333708222635119
0.201942	15.505447619048311	3.298517282880974
0.202241	13.913914285713815	3.3275755946007166
0.20254	11.778933333333441	3.305429893508827
0.202838	6.68850476190471	3.3187157014977284
0.203137	16.45139999999998	3.3033804650821703
0.203436	16.79410476190469	3.311247964707355
0.203734	13.809942857143085	3.3100006541451927
0.204033	15.244676190476127	3.2943300485485807
0.204331	8.580142857142903	3.300611549184346
0.20463	16.740961904762344	3.291268328646617
0.204929	8.357628571428108	3.3073701819370473
0.205227	15.848952380952994	3.282089564543052
0.205526	9.424523809523464	3.27736226423057
0.205825	7.6800380952380465	3.29446892300658
0.206123	12.72403809523837	3.293778989242288
0.206422	11.214371428571042	3.2884887816544106
0.20672	17.56862857142835	3.2858740624746066
0.207019	12.783533333333708	3.2641883775255454
0.207318	11.565552380952226	3.274865629088379
0.207616	7.823171428571243	3.2675422620398793
0.207915	18.53092380952404	3.3243903292936787
0.208214	9.599095238095572	3.395303956391244
0.208512	12.076066666667202	3.4269312767160254
0.208811	13.992047619047696	3.465331527215365
0.209109	10.736323809524322	3.466083651612624
0.209408	9.96682857142872	3.4769965336187747
0.209707	9.106847619047755	3.4943003098594905
0.210005	17.729066666666995	3.4997818744114224
0.210304	16.94180000000017	3.5238123662289884
0.210603	16.296695238095253	3.50536867209293
0.210901	18.526780952381046	3.5171026778694108
0.2112	11.235857142856673	3.5323454113423605
0.211499	13.151161904762034	3.544852404700084
0.211797	10.768942857143031	3.5484617057249848
0.212096	12.086323809524231	3.5463050451276117
0.212394	24.17284761904739	3.5630379774237615
0.212693	18.028009523809487	3.541770287329845
0.212992	13.9391999999998	3.5141245811066795
0.21329	10.274676190476555	3.413816070239764
0.213589	11.685038095237985	3.3996816874157734
0.213888	7.259266666666235	3.3803979721976436
0.214186	11.405266666666876	3.3422419259171345
0.214485	15.359276190475839	3.3542906891763353
0.214783	10.217666666666787	3.3160267141503006
0.215082	13.907466666666721	3.348537259947678
0.215381	7.440571428570593	3.327088732433059
0.215679	9.963876190475958	3.300437342977111
0.215978	9.288495238095038	3.334282476695267
0.216277	7.073514285713429	3.296886351126754
0.216575	11.616847619047803	3.3000962315071507
0.216874	13.71516190476143	3.298594735564464
0.217172	15.293933333333314	3.2854867097773903
0.217471	12.712104761904754	3.311492365491552
0.21777	7.954114285714695	3.2682557440289948
0.218068	9.594266666666158	3.2754428389445556
0.218367	10.732599999999763	3.274601037429461
0.218666	13.45892380952364	3.26694996489591
0.218964	8.74664761904711	3.2868585262548526
0.219263	15.66085714285748	3.2426409064546746
0.219561	8.182123809523887	3.2595252785234474
0.21986	9.520161904762006	3.2509595741507886
0.220159	9.658485714285803	3.2625077476817643
0.220457	7.197361904761692	3.250651016348094
0.220756	12.480790476190293	3.23946977730682
0.221055	14.618761904762039	3.2578799198440223
0.221353	9.017638095238283	3.2337804737995297
0.221652	11.329047619047401	3.2385699681827123
0.221951	15.25830476190464	3.2206566362287345
0.222249	14.977342857141878	3.2311380811995196
0.222548	9.674866666667015	3.2444541313164987
0.222846	12.310495238094745	3.213002182688135
0.223145	10.895904761905228	3.2262356106672136
0.223444	14.025476190476525	3.2044816825923803
0.223742	12.002028571428411	3.2182837048199757
0.224041	18.2608095238092	3.214777466413964
0.22434	13.547438095238533	3.1979174871170213
0.224638	7.228133333333062	3.207936327191958
0.224937	14.290238095238124	3.1998037968167803
0.225235	16.736466666666843	3.206653631635503
0.225534	10.474428571428405	3.1897669341751937
0.225833	6.916819047618503	3.187866473737076
0.226131	8.576066666666122	3.203636926768105
0.22643	15.259466666666697	3.180394083080679
0.226729	11.773123809524009	3.193752012922229
0.227027	10.875828571428201	3.1758524627173994
0.227326	8.54605714285782	3.189988833954195
0.227624	10.279847619048041	3.1849953928751567
0.227923	8.38153333333338	3.163291573524854
0.228222	6.435676190476443	3.1845672100488702
0.22852	7.347066666667104	3.153231846321853
0.228819	9.964104761905048	3.183085251849109
0.229118	14.722885714286065	3.1518025197561492
0.229416	3.19890476190551	3.162710796351213
0.229715	11.858561904762155	3.1673130005763013
0.230013	12.006399999999644	3.1491790094441034
0.230312	10.895514285714683	3.166047515441739
0.230611	11.299457142857818	3.1555985571893173
0.230909	12.163076190475977	3.1508296220695247
0.231208	12.604323809523521	3.164805113484202
0.231507	7.111466666666502	3.128998182924943
0.231805	11.658895238095397	3.1542685337567016
0.232104	10.928571428571558	3.128734969852862
0.232403	8.482828571428911	3.146996196714464
0.232701	10.843942857142679	3.134096979283592
0.233	8.422876190476245	3.1299383597081167
0.233298	14.318361904762185	3.1499838714441006
0.233597	7.82542857142829	3.0975564458898104
0.233896	11.245676190476388	3.140158254140152
0.234194	7.193638095238271	3.12069092374951
0.234493	10.127209523809313	3.122324255828004
0.234792	15.109552380952778	3.125672875073182
0.23509	6.1965523809524825	3.0974110849413004
0.235389	10.024857142857115	3.129486400091459
0.235687	13.515866666667478	3.107578877846789
0.235986	8.393066666666869	3.1116279466173675
0.236285	6.377409523809661	3.118639614572041
0.236583	4.508933333333687	3.0878811791040937
0.236882	8.066142857142609	3.1097380538812764
0.237181	10.724838095238454	3.088132091701455
0.237479	8.544476190475905	3.113000656534774
0.237778	4.164142857143531	3.1033745102246524
0.238076	10.387466666666683	3.0932177643593657
0.238375	13.474095238094606	3.110386515585191
0.238674	14.691038095238298	3.0664511729138324
0.238972	13.476114285713834	3.0932360537666685
0.239271	11.829809523809445	3.0800649680424708
0.23957	9.19967619047668	3.0928444014344287
0.239868	7.773504761905201	3.097338051337611
0.240167	10.313466666666784	3.070543502055692
0.240465	11.256485714285418	3.080819282551688
0.240764	14.435447619047181	3.060737091176762
0.241063	15.757733333333874	3.0729550219331414
0.241361	8.67430476190492	3.0710841031537623
0.24166	7.197323809523368	3.0791394951669955
0.241959	14.67265714285702	3.069396061164362
0.242257	11.297171428571744	3.0535995748114972
0.242556	10.234761904762308	3.067386928812199
0.242854	14.536514285713906	3.057771483210949
0.243153	7.80781904761966	3.061727776910553
0.243452	8.157209523810138	3.0679908432534964
0.24375	12.56479047619024	3.0308567326363143
0.244049	6.77819047618982	3.0424844863826674
0.244348	10.942161904762315	3.0391151990375787
0.244646	5.991399999999487	3.041875561727792
0.244945	8.875171428571491	3.0370425630997975
0.245244	10.554666666667174	3.0346787985034194
0.245542	7.395780952381017	3.0443987753363935
0.245841	12.452857142857567	3.013890400067203
0.246139	11.18428571428609	3.0296322588089675
0.246438	9.973333333333017	3.0297177102125987
0.246737	8.338152380952977	3.024226053115007
0.247035	9.454104761904603	3.0403095866904195
0.247334	15.364638095238092	3.000181959922616
0.247633	7.977752380952552	3.030366547734989
0.247931	9.089371428571837	3.02056487544083
0.24823	5.343819047618865	3.019713741683174
0.248528	7.493809523809887	3.034429403857122
0.248827	14.758133333333205	3.004158331160451
0.249126	5.67455238095306	3.0278515860308346
0.249424	10.063038095237573	3.000463843262788
0.249723	11.809276190476226	3.0183325768378095
0.250022	11.24145714285703	3.009449394391866
0.25032	10.609038095238077	3.015288928232726
0.250619	8.93649523809529	3.01109188133885
0.250917	11.493066666666891	3.0016660349794333
0.251216	8.194180952380918	2.994535458259736
0.251515	7.948771428571035	3.001000278895102
0.251813	7.249314285714945	2.999264329462077
0.252112	9.348076190475751	3.008342096335292
0.252411	11.029485714285556	2.9926560243422804
0.252709	10.752933333333772	2.9979966573813925
0.253008	11.759780952381789	2.986752102540035
0.253306	6.177104761904957	2.975692759401742
0.253605	12.905838095237812	2.9828851006415573
0.253904	5.971171428571154	2.9911836091887496
0.254202	1.0826095238095945	3.0013644416376604
0.254501	11.706961904761783	2.967018624144198
0.2548	7.132485714285224	2.9861681993807516
0.255098	7.710019047619312	2.964395551799965
0.255397	9.927799999999536	2.9910974601117317
0.255696	6.834904761904852	2.982232271387098
0.255994	6.657961904761862	2.9579950426547947
0.256293	12.48359999999991	2.9837641660950758
0.256591	6.5456476190476565	2.9641397530516
0.25689	14.128380952381292	2.977046856203935
0.257189	8.029561904761806	2.9740204648304003
0.257487	13.128447619047847	2.9475005220489754
0.257786	12.811885714286007	2.9743464751293196
0.258085	8.189019047619297	2.9531916806611074
0.258383	6.116647619047342	2.958457452261478
0.258682	6.239914285714008	2.9593767278653873
0.25898	8.16017142857163	2.9372563625798542
0.259279	5.21317142857157	2.977327913280453
0.259578	8.85795238095227	2.9425780068310443
0.259876	11.696380952381276	2.9567433629135875
0.260175	7.360561904761482	2.9463472596039493
0.260474	8.752085714285727	2.9530039904854783
0.260772	9.004514285714436	2.9460107554679875
0.261071	9.307676190476286	2.931977549581366
0.261369	6.166400000000181	2.946277090428588
0.261668	6.3682571428574875	2.9393981826956357
0.261967	7.402619047618657	2.9346674310449234
0.262265	8.635676190476147	2.9340945204823483
0.262564	13.751238095237852	2.9242931814054085
0.262863	7.828847619047963	2.9425093907004096
0.263161	9.453009523809612	2.9213857334309417
0.26346	9.299342857142676	2.9326621518954004
0.263758	5.063590476190996	2.91739504595883
0.264057	7.562238095237603	2.9363131033609036
0.264356	4.385457142857376	2.9312213065201824
0.264654	10.702123809523982	2.9153341361803427
0.264953	8.653857142856793	2.927844896322107
0.265252	10.333533333333094	2.8967780870715676
0.26555	6.287380952380772	2.927492604531727
0.265849	7.360542857142889	2.912970046692276
0.266148	14.188304761904362	2.9088915975356153
0.266446	7.307704761904574	2.91468877391035
0.266745	13.291752380952175	2.8962044892690706
0.267043	10.732552380952427	2.92184469479859
0.267342	12.316857142857032	2.8987714813461203
0.267641	6.368828571428367	2.896452087425021
0.267939	3.607761904761446	2.9219396997194296
0.268238	5.992961904761671	2.8812720903507145
0.268537	7.416647619048149	2.9038113418839613
0.268835	8.90059999999977	2.8888044320006445
0.269134	13.81204761904769	2.897634531684645
0.269432	7.892447619048255	2.916348435450672
0.269731	7.998257142857028	2.87054379405957
0.27003	9.444266666667147	2.8946445354434513
0.270328	8.40170476190508	2.873112054167484
0.270627	10.657628571428575	2.89593898037844
0.270926	8.137533333333238	2.8735076449294796
0.271224	8.641314285713975	2.9345104240152726
0.271523	5.8742666666665855	2.9858976296121744
0.271821	9.027219047619042	2.999133987930315
0.27212	10.552857142856737	3.0206622148146653
0.272419	10.012523809523941	3.040612914678687
0.272717	4.850019047619014	3.0426324995762815
0.273016	8.271200000000363	3.0571742565415514
0.273315	9.963400000000036	3.0495833188345562
0.273613	10.416171428571204	3.067712889507227
0.273912	11.346628571429562	3.0593669360137916
0.27421	11.47420952380969	3.177049156460998
0.274509	8.337266666667063	3.2401405545341024
0.274808	6.362942857142571	3.2300045135070676
0.275106	10.117742857142957	3.2871790397029765
0.275405	7.495066666666617	3.292775794733027
0.275704	6.590561904761785	3.355229275007008
0.276002	5.454219047618665	3.366438787686355
0.276301	10.002266666666628	3.4102299750224585
0.276599	10.996476190476585	3.4491017766908714
0.276898	10.108523809524002	3.4439548622294636
0.277197	8.42917142857118	3.4831708274242694
0.277495	7.807990476190696	3.479457774414569
0.277794	7.58539047619081	3.514978054332849
0.278093	7.6878666666669915	3.547774989664018
0.278391	7.2723238095238685	3.532718158559589
0.27869	-0.7131714285711155	3.5581769530276004
0.278989	7.128228571428394	3.5492638992098358
0.279287	7.563571428571265	3.5915634990095624
0.279586	5.034180952380609	3.607241097384424
0.279884	18.243647619047465	3.61632734927281
0.280183	5.345247619047768	3.634025225134131
0.280482	4.177914285714621	3.621183412383779
0.28078	4.666599999999619	3.6568095079257157
0.281079	4.177895238095175	3.6533932884010936
0.281378	13.080523809523754	3.6826057593071138
0.281676	7.241742857142128	3.7033986929854157
0.281975	15.477647619048298	3.7044161048694413
0.282273	9.176295238094951	3.724312900603688
0.282572	9.68153333333305	3.701543671816323
0.282871	8.903685714285814	3.736583716907364
0.283169	12.573047619047202	3.7485220482266755
0.283468	7.170276190475988	3.766771469374185
0.283767	5.592780952380849	3.795772613363299
0.284065	8.14832380952339	3.764645998536757
0.284364	8.56413333333336	3.808726954061943
0.284662	10.56738095238046	3.7918434607213087
0.284961	5.213123809524234	3.8397691546033164
0.28526	8.7723523809521	3.853086181217136
0.285558	9.570990476190104	3.819691527306354
0.285857	9.84572380952386	3.899105912615217
0.286156	10.209676190476102	3.8116805340454194
0.286454	11.974219047618533	3.878282624265439
0.286753	14.955247619047896	3.853569655504951
0.287051	8.309866666666608	3.85371665010235
0.28735	7.764828571428097	3.9154705121145144
0.287649	1.15118095238131	3.862564543488639
0.287947	10.059371428572206	3.9011889553445736
0.288246	9.514685714285918	3.9214742046729354
0.288545	3.5743238095238894	3.907286151786198
0.288843	13.846828571428489	3.9874382992875077
0.289142	13.472009523809163	3.8941693565998485
0.289441	5.840295238095337	3.98099926338829
0.289739	8.383752380952103	3.9702278583418833
0.290038	11.254285714285857	3.9619292653887346
0.290336	19.03295238095211	4.027699215560142
0.290635	1.2527333333335378	3.9445226265297118
0.290934	6.575742857143041	4.071275225238145
0.291232	16.22432380952347	3.9883796434187
0.291531	7.428400000000295	4.028126307689191
0.29183	11.208657142857419	4.0443744524597625
0.292128	11.186076190475376	4.050181363442435
0.292427	16.128133333332926	4.097277280314256
0.292725	5.727409523809683	4.070650652902502
0.293024	10.72306666666691	4.065825700985738
0.293323	8.196523809523626	4.114145999458982
0.293621	2.4297619047624153	4.10108815518058
0.29392	8.327266666667015	4.161815662031465
0.294219	9.448485714285368	4.1108961415223
0.294517	13.141304761904564	4.138135831831623
0.294816	6.969733333332897	4.175137934820059
0.295114	8.018038095237898	4.15021341025691
0.295413	12.586533333333136	4.196166207944244
0.295712	7.146342857142827	4.168497288322797
0.29601	18.55536190476215	4.209389252756548
0.296309	10.858257142856473	4.209915054371404
0.296608	4.697495238095257	4.198169554489869
0.296906	12.330866666666793	4.270866776150396
0.297205	6.905428571428729	4.241410066122291
0.297503	9.62283809523825	4.2497339224242605
0.297802	1.4774285714287316	4.277643252984477
0.298101	11.166990476189937	4.263835386192669
0.298399	7.729485714285715	4.319888658040304
0.298698	7.334257142857439	4.280716771686334
0.298997	2.617114285714308	4.3295852480192485
0.299295	13.723942857143072	4.28965590398468
0.299594	22.374952380952493	4.344084324931586
0.299893	3.346885714285861	4.3320995349610945
0.300191	7.65618095238068	4.335556569334866
0.30049	8.717800000000011	4.32455987735605
0.300788	5.517199999999889	4.375777489847809
0.301087	8.825571428571948	4.385868281006327
0.301386	10.95811428571352	4.3507467147978724
0.301684	9.042019047618908	4.416469891993522
0.301983	5.650723809523299	4.372183786260492
0.302282	6.815342857142639	4.454327949232412
0.30258	5.120142857142582	4.428283379517348
0.302879	6.2505809523810285	4.41637201052071
0.303177	7.618761904761868	4.475976469462095
0.303476	6.621009523809391	4.429794473828657
0.303775	14.07077142857105	4.505851024824501
0.304073	8.165771428571418	4.476322816546777
0.304372	10.308361904762648	4.443883701798509
0.304671	13.363876190475992	4.574364572266543
0.304969	8.724657142857097	4.488132596023373
0.305268	6.815495238095366	4.587098703171117
0.305566	11.849666666666394	4.5057191320315475
0.305865	7.84170476190468	4.52851661828928
0.306164	3.6965142857141586	4.641718729628095
0.306462	5.615647619047479	4.520857801869187
0.306761	10.293676190475765	4.655209632486817
0.30706	6.590885714285548	4.558976606120192
0.307358	5.1456857142858325	4.609070559514021
0.307657	6.736333333333562	4.657878569473823
0.307955	10.980371428571232	4.586981449813926
0.308254	5.057580952381215	4.7339459027581015
0.308553	0.653514285714607	4.6112602084157475
0.308851	3.069657142856954	4.689948844511717
0.30915	12.330914285714414	4.6910805790517465
0.309449	2.798999999999978	4.685539435931997
0.309747	-0.7818857142854085	4.772508695852765
0.310046	11.61533333333324	4.636048317952023
0.310344	11.306866666666906	4.723367221743848
0.310643	13.035866666666891	4.721057018286963
0.310942	-0.44767619047661356	4.7100718448517656
0.31124	2.1390857142856134	4.781052310569614
0.311539	-2.5168380952385405	4.646184304501874
0.311838	16.077314285714408	4.743828100687225
0.312136	3.09291428571413	4.7067727806613515
0.312435	6.904228571428632	4.7933200452859275
0.312734	5.142380952380847	4.731883706802658
0.313032	1.5913523809524577	4.743978741775265
0.313331	8.369085714286086	4.836134399698117
0.313629	0.49506666666673027	4.740882861073406
0.313928	10.77800952380926	4.878313243375569
0.314227	1.1564285714285916	4.807608732256082
0.314525	4.068342857142682	4.822022560019116
0.314824	10.880352380952445	4.896075417295314
0.315123	8.771123809523829	4.7919949036262715
0.315421	9.972123809523339	4.919978872785137
0.31572	7.729580952380672	4.865455566617073
0.316018	1.9751428571424867	4.905321956402951
0.316317	10.627314285713965	4.930559330062915
0.316616	8.764895238094823	4.896305101508257
0.316914	11.452580952380913	5.02164695950822
0.317213	3.6672476190474868	4.8853660133503976
0.317512	10.07857142857091	4.982202937738339
0.31781	14.8375238095241	4.984291592479201
0.318109	5.694866666666769	5.001125126047499
0.318407	9.379228571428655	5.0791252872139205
0.318706	10.643180952381215	4.935845915796237
0.319005	8.472419047618871	5.1011481396424525
0.319303	9.701819047619153	5.026281812473271
0.319602	1.9354571428570466	5.072652904914126
0.319901	7.7973142857143785	5.167165941590613
0.320199	7.004257142857284	5.017642478286176
0.320498	12.307285714286138	5.145269983986058
0.320796	-5.666599999999562	5.1038676745419
0.321095	15.775619047618648	5.153730671635031
0.321394	8.907380952380493	5.1693278221372605
0.321692	8.636647619047721	5.152357094214245
0.321991	-0.29006666666646197	5.256492898376477
0.32229	11.546790476190552	5.124711271646328
0.322588	5.345133333333649	5.253912007201046
0.322887	7.851333333333059	5.199467823456343
0.323186	4.1614666666663425	5.262091772305611
0.323484	7.043723809523783	5.351362144747017
0.323783	10.165352380952584	5.186524087284804
0.324081	6.2698190476186255	5.3297786388565775
0.32438	8.488076190475624	5.263963683649427
0.324679	7.640885714286014	5.342994232396972
0.324977	3.67948571428542	5.385101743078958
0.325276	6.503885714286071	5.292841530664216
0.325575	6.731552380952337	5.454809936343049
0.325873	1.2662285714284849	5.319972472245339
0.326172	4.622514285714487	5.4169686076117065
0.32647	5.540923809523406	5.438342182726296
0.326769	2.344552380952507	5.421248650044372
0.327068	1.3889238095242717	5.519329572985604
0.327366	11.251028571428492	5.3931812577364635
0.327665	8.494923809523698	5.5174129991523255
0.327964	6.68871428571407	5.499076822372302
0.328262	8.989809523809527	5.509713202986647
0.328561	-0.10276190476247393	5.601004244817583
0.328859	5.5603047619047175	5.479363483080826
0.329158	10.519380952380573	5.63273705163714
0.329457	8.156771428571119	5.534374532023544
0.329755	7.193847619047631	5.6286811722717625
0.330054	3.4640380952376404	5.6271658827856905
0.330353	5.035352380952247	5.623469652373506
0.330651	16.815447619047177	5.7489666287062064
0.33095	4.701047619047927	5.600247739802366
0.331248	1.7676952380958255	5.742164048075783
0.331547	5.283504761904396	5.6879337570488655
0.331846	-0.2583523809519761	5.739620222927865
0.332144	8.13545714285766	5.869508912642623
0.332443	8.146533333333252	5.673690923872368
0.332742	-0.7237809523812189	5.853986796577724
0.33304	-5.046914285714479	5.752820551212547
0.333339	6.003247619048011	5.855840239701855
0.333637	12.111523809523703	5.892653489455385
0.333936	10.830400000000111	5.827734429304585
0.334235	6.928933333333305	5.970441789275646
0.334533	3.3379904761903845	5.825738769731669
0.334832	13.97446666666724	5.986432380696492
0.335131	5.173628571428708	5.938681077059812
0.335429	10.362047619047985	5.95418622616017
0.335728	8.882190476190885	6.1077210794188375
0.336027	8.372485714286029	5.890979947059719
0.336325	7.2548761904755565	6.116855017797791
0.336624	3.73110476190476	5.9923563917339155
0.336922	8.084123809523192	6.090067512597422
0.337221	19.50075238095252	6.187402840681983
0.33752	14.746971428570816	6.032043538125441
0.337818	15.88833333333298	6.225739957847653
0.338117	7.884057142857159	6.078525231952159
0.338416	9.22455238095182	6.253190751253104
0.338714	8.678104761904706	6.1821842506597635
0.339013	5.432857142857017	6.221722835669797
0.339311	13.05516190476169	6.364395021156919
0.33961	-0.060980952380589315	6.179195908254788
0.339909	4.26500952380934	6.378009012105278
0.340207	-13.127409523809774	6.2673511776248025
0.340506	8.50267619047571	6.404100807892187
0.340805	7.654542857142985	6.517627327612327
0.341103	6.454047619047856	6.269986122286356
0.341402	9.174752380952498	6.532752624701179
0.3417	5.838714285714275	6.341202654328696
0.341999	5.134904761904693	6.544564206044613
0.342298	-4.637961904761596	6.5327994745176134
0.342596	4.004847619047496	6.49845234086888
0.342895	5.08657142857146	6.713688643488678
0.343194	2.945714285714587	6.417861588934305
0.343492	11.458619047618868	6.732720202314242
0.343791	4.081923809524142	6.568658247470113
0.344089	12.530866666666327	6.633555899051659
0.344388	5.608790476190393	6.823793671839894
0.344687	-0.7984952380954269	6.439886601703409
0.344985	5.504133333332959	6.766776349515402
0.345284	9.19433333333302	6.537753270558781
0.345583	17.192438095238174	6.667135625129453
0.345881	8.982133333333309	6.7221660829890215
0.34618	15.120133333333001	6.560943836628546
0.346479	0.9348190476183049	6.789144173233113
0.346777	8.860257142857506	6.566491868689033
0.347076	9.836571428571403	6.72173592994738
0.347374	-0.2878380952381576	6.724697790751415
0.347673	-9.908809523809339	6.714944921556364
0.347972	3.901419047618333	6.948589942616704
0.34827	13.5128952380947	6.68911550704145
0.348569	8.177028571428764	6.905765131735372
0.348868	3.942761904762051	6.771415146125195
0.349166	1.5511523809530559	6.922001508227833
0.349465	-1.8148000000005027	7.101354646759713
0.349763	6.717314285714906	6.755355061124293
0.350062	1.8721619047619242	7.154524127345962
0.350361	-5.008133333333262	6.840808195358591
0.350659	-2.9581428571430024	7.16552567602289
0.350958	7.802114285714481	7.04432301066659
0.351257	12.244542857142449	7.069843402744869
0.351555	-2.121676190476478	7.351303432721124
0.351854	2.9144857142853198	6.983648719877439
0.352152	8.350304761904397	7.377519202028198
0.352451	11.003580952381071	7.12101840465918
0.35275	15.661695238094921	7.333874878481358
0.353048	15.630914285714539	7.578386865800103
0.353347	20.71663809523784	7.092662557661638
0.353646	10.502095238095137	7.582610907549457
0.353944	9.451038095238005	7.271147966617656
0.354243	6.064952380951922	7.563107125744159
0.354541	9.345190476190623	7.59196215152647
0.35484	7.59961904761866	7.452300413788935
0.355139	7.250380952381192	7.813510946906033
0.355437	-4.446885714285997	7.373234493895538
0.355736	4.5168666666668855	7.859228420309607
0.356035	5.895971428571443	7.607161010727694
0.356333	16.094828571428366	7.759410792951858
0.356632	7.203885714286002	8.024825329158503
0.356931	-5.807971428571932	7.549649801839152
0.357229	9.068447619047788	8.034920769149203
0.357528	2.820209523809183	7.778364190086671
0.357826	2.2129142857141915	8.065097082371713
0.358125	6.320219047618991	8.157783083494872
0.358424	4.687571428571289	7.787973883800534
0.358722	14.479466666666383	8.376706278394908
0.359021	7.537533333333499	7.9019886753257795
0.35932	14.90906666666632	8.3505150522455
0.359618	-3.8368476190478873	8.250557772716322
0.359917	19.466590476190788	8.240585796693061
0.360215	16.11516190476209	8.681200704814335
0.360514	9.84060000000028	8.106658945286389
0.360813	-5.0281619047618165	8.626797657500218
0.361111	3.136742857142565	8.343547531443377
0.36141	11.394571428571965	8.584180478057263
0.361709	23.088895238095688	9.037080969866329
0.362007	6.081399999999917	8.274791387797535
0.362306	5.63510476190487	8.983569722096231
0.362604	-11.326447619047713	8.543086504741197
0.362903	-3.0016380952375243	8.984534007582468
0.363202	5.233247619046892	8.965213699011844
0.3635	15.462247619047957	8.862891838990706
0.363799	-7.568542857142688	9.38308816939055
0.364098	22.807704761904972	8.754776435438528
0.364396	23.24912380952412	9.463127499155572
0.364695	16.81274285714295	9.134844479067507
0.364993	15.924171428571015	9.337714479688005
0.365292	5.160114285714599	9.901236192489177
0.365591	11.351733333333698	8.933468683518152
0.365889	23.42115238095232	9.896400712858842
0.366188	15.282152380952141	9.370065637194363
0.366487	28.74019047619015	9.773526378703753
0.366785	-2.4258190476186314	10.012794290415389
0.367084	11.834009523809073	9.494507836339015
0.367382	20.63996190476189	10.37195921378515
0.367681	21.041580952381196	9.55463545288773
0.36798	-10.185123809523589	10.396328626474995
0.368278	12.561342857142677	10.14473309405119
0.368577	5.628838095238393	10.217313425252982
0.368876	27.500380952380965	11.062887220095131
0.369174	7.972685714285603	9.83859162852769
0.369473	-1.0032571428570236	11.064677623574934
0.369772	-0.9955333333337535	10.256098480894249
0.37007	10.924476190476184	11.040743217145575
0.370369	15.21003809523819	11.58513557723672
0.370667	15.783390476190675	10.260767827997872
0.370966	-1.585180952380938	11.669293935017757
0.371265	3.3764857142861615	10.760682472374048
0.371563	-17.817342857142933	11.55893613469745
0.371862	17.88941904761913	11.625600657617689
0.372161	-0.4747714285710458	11.285999377238412
0.372459	19.518742857142684	12.771171017800926
0.372758	5.83621904761884	10.985038023421756
0.373056	17.947019047618653	12.723267830102191
0.373355	-3.369552380952996	11.837859986827306
0.373654	10.097419047619098	12.393156331419862
0.373952	1.8300857142858717	14.003162167121566
0.374251	17.5741238095236	11.438619328406311
0.37455	16.776666666666813	13.985458942471611
0.374848	6.90214285714319	12.316083625337024
0.375147	14.844114285714625	13.764802430471851
0.375445	12.99354285714287	13.710046440538799
0.375744	8.631523809523856	13.024955719040854
0.376043	23.335866666666902	15.375446158442687
0.376341	0.07046666666667534	12.657838397593586
0.37664	25.720628571428108	15.50896502999036
0.376939	3.8370666666671127	14.188704684406112
0.377237	-6.041542857143156	15.016222592966677
0.377536	-0.09201904761965807	17.595070032984136
0.377834	11.109504761904248	13.498055822915678
0.378133	-15.574380952381262	17.77475976284155
0.378432	12.840114285714037	14.669655713467012
0.37873	-6.600933333333501	17.645277325267852
0.379029	-0.15579047618984987	18.63286029116091
0.379328	0.19368571428572068	15.430138514490668
0.379626	9.696476190476346	21.247145465474464
0.379925	-32.78855238095247	15.876509478723072
0.380224	5.672609523810195	21.711307814075823
0.380522	21.336942857142844	18.169911426500253
0.380821	46.83146666666687	20.884314427014836
0.381119	7.932857142857586	24.91987811090791
0.381418	-13.410723809523972	18.37604552733541
0.381717	23.01571428571407	27.248912760593168
0.382015	12.12709523809508	20.251354667252933
0.382314	51.72872380952441	30.001484151999488
0.382613	42.425180952380686	31.142544620446536
0.382911	45.012590476190724	23.678557706799328
0.38321	0.	0.
0.383508	82.9699047619053	28.009373498426932