0.00365322	6843.939903846149	775.495715930881
0.00395185	1507.4158653847007	473.63426565013674
0.00425048	1579.521634615594	344.0533520875796
0.00454911	2326.7415865383555	285.730510755977
0.00484773	2484.9987980769583	244.62682856689554
0.00514636	2483.3906249999927	204.53258330599544
0.00544499	2190.5456730768037	184.3817364664046
0.00574362	2394.667307692316	158.869300976617
0.00604225	2000.9188701922994	147.45836393434735
0.00634088	1950.7860576923122	128.02274979775834
0.0066395	2156.3829326922814	117.13897860489242
0.00693813	1969.8704326923462	104.476165802434
0.00723676	2163.6532451922903	97.0804167853924
0.00753539	2146.7930288461616	90.17839604867194
0.00783402	2248.5588942307686	79.66712775092783
0.00813264	2158.115144230783	76.09554871363467
0.00843127	2114.2183894230698	68.5584349198726
0.0087299	2258.4460336538314	64.24192765637305
0.00902853	2016.3786057692391	60.29428699823017
0.00932716	2046.942427884602	55.31112587734113
0.00962579	2265.137860576937	53.2120390783435
0.00992441	2245.909134615391	49.09249259450296
0.010223	2098.8884615384623	46.1792993293786
0.0105217	2099.0085336538527	43.510146227615536
0.0108203	2104.8820913461495	41.078085171592065
0.0111189	2134.5034855769254	39.43852134156353
0.0114176	2122.3669471153926	37.28605002558428
0.0117162	2034.0949278846153	35.07137993727191
0.0120148	2065.5150240384614	33.62793351331448
0.0123134	2034.162379807691	32.08647745223252
0.0126121	1978.301105769225	30.833545706915817
0.0129107	1997.5392067307666	28.857284320925547
0.0132093	1958.3905048076986	28.352664598366534
0.013508	1997.1287139423055	26.716169195649066
0.0138066	1978.3886298076964	25.662443079341056
0.0141052	1930.1715745192296	24.37178883546071
0.0144038	1918.0466586538473	23.702902652295855
0.0147025	1888.6389182692342	23.011110292215378
0.0150011	1926.3303245192346	21.97434592241448
0.0152997	1879.2294831730758	21.253006487706774
0.0155984	1855.9579086538492	20.16174210864672
0.015897	1863.1356129807684	19.758073194777236
0.0161956	1850.8191466346148	19.265223919918103
0.0164942	1827.3570793269187	18.261843007680508
0.0167929	1779.931959134612	18.04231411610254
0.0170915	1745.0142067307681	17.27305488401709
0.0173901	1748.0437379807668	16.8000096360931
0.0176888	1736.7287860576937	16.382296932395843
0.0179874	1710.9582932692333	15.899863691045187
0.018286	1688.2178365384605	16.302402050931907
0.0185846	1710.1525841346174	15.681488505840733
0.0188833	1663.1678365384616	15.773805798436616
0.0191819	1651.0392067307691	15.399726610590939
0.0194805	1618.1300120192318	14.889871631641268
0.0197791	1633.3878846153852	15.116042316626341
0.0200778	1586.673401442311	14.440114896442763
0.0203764	1570.723713942307	14.456883109994308
0.020675	1591.6710576923088	14.217592347563215
0.0209737	1542.9079326923088	14.251181272265645
0.0212723	1525.7556370192312	14.471716405511131
0.0215709	1501.2278846153847	14.115088697816985
0.0218695	1484.2906370192318	14.311640843234356
0.0221682	1467.460108173077	14.007208348599296
0.0224668	1469.7479687499992	13.995387815005895
0.0227654	1441.74576923077	14.015472891415417
0.0230641	1411.468978365385	13.333867643844357
0.0233627	1416.3453245192316	13.134634193219652
0.0236613	1400.9813581730768	12.666555175817539
0.0239599	1386.096430288461	12.642863855493394
0.0242586	1334.970889423078	12.354133970046197
0.0245572	1335.5333413461544	12.012065917262483
0.0248558	1334.492379807692	11.857099612478795
0.0251545	1305.5692788461536	11.83343739093853
0.0254531	1300.9027524038472	11.542248571253442
0.0257517	1280.669879807691	11.4028598200529
0.0260503	1259.0335096153844	11.193010890793708
0.026349	1244.0995673076934	11.100484208497228
0.0266476	1233.9114062500003	10.909031448933588
0.0269462	1211.8825480769233	10.701380266364298
0.0272449	1220.8834855769226	10.572407634192217
0.0275435	1201.58657451923	10.616652779247685
0.0278421	1187.3841826923076	10.227871370941116
0.0281407	1173.6812379807702	10.240592840053788
0.0284394	1148.949567307693	9.901279535801535
0.028738	1133.3084375000005	9.962818260415872
0.0290366	1107.3054567307693	9.928099877459017
0.0293353	1109.0051923076928	9.55249826900802
0.0296339	1104.1374158653846	9.646321002372549
0.0299325	1074.8220192307692	9.39874324178831
0.0302311	1062.554350961539	9.396948004404203
0.0305298	1048.0742187500007	9.261683454619481
0.0308284	1033.5789062499998	9.171551220806803
0.031127	1034.9952764423065	9.21720791643446
0.0314257	1016.5212379807691	9.07399508564808
0.0317243	1019.1845072115392	8.968853163205212
0.0320229	993.0744230769235	8.84807060018751
0.0323215	977.3204807692309	8.861747962110456
0.0326202	972.9061057692317	8.914410540034778
0.0329188	955.6548918269236	8.758876829811049
0.0332174	947.1224879807686	8.614433749157383
0.0335161	931.2273798076919	8.644870952522647
0.0338147	929.9569591346155	8.579534269736032
0.0341133	927.1019951923083	8.608711377238663
0.0344119	893.0088581730779	8.43518501484699
0.0347106	869.9303124999997	8.413367789704642
0.0350092	858.954002403847	8.421311488656496
0.0353078	884.0430168269226	8.335736948703827
0.0356064	867.7949038461542	8.297552595797466
0.0359051	850.3283293269235	8.150558912597802
0.0362037	839.2293750000003	8.21582317354885
0.0365023	832.584014423076	8.178903424029583
0.036801	824.5828365384622	8.071564629824032
0.0370996	812.3468870192305	8.050708350725243
0.0373982	791.7068269230767	7.970560840342407
0.0376968	790.0066706730772	8.059467056709417
0.0379955	784.4393870192299	7.905000930741071
0.0382941	772.5869951923073	7.853777836790732
0.0385927	757.8116706730772	7.878413255246844
0.0388914	748.3715264423093	7.829664865679903
0.03919	747.9887139423084	7.829866002780626
0.0394886	724.299771634616	7.649153381514086
0.0397872	716.7759855769223	7.680178185695449
0.0400859	711.6943149038462	7.707554926758431
0.0403845	705.455420673077	7.631496740778383
0.0406831	692.970564903846	7.602376459999431
0.0409818	695.4878365384616	7.548010657160402
0.0412804	689.8129086538464	7.550530967727179
0.041579	677.4178846153841	7.506873746854184
0.0418776	668.1528124999993	7.41843379448842
0.0421763	653.9765985576925	7.629122085716156
0.0424749	638.8699639423073	7.6760614727747924
0.0427735	626.7921875000006	7.837376668632548
0.0430722	649.0056971153851	7.778388041061398
0.0433708	639.9825240384619	7.81848429142081
0.0436694	622.637692307692	7.809833502864394
0.043968	597.2395312500012	7.948175473442891
0.0442667	608.0871634615391	7.947043374442391
0.0445653	600.457632211539	7.8618105034128245
0.0448639	568.4413461538459	7.9610752584174636
0.0451626	593.058653846154	7.940121292235484
0.0454612	567.1987740384623	7.9774389843011075
0.0457598	570.0498317307702	7.936909420815377
0.0460584	575.7926201923087	7.992811684582094
0.0463571	553.271454326924	8.015382185999123
0.0466557	563.3410697115387	8.010153831531072
0.0469543	540.1383293269226	7.940146385487553
0.047253	529.0479086538469	7.934023887758301
0.0475516	539.6602764423079	7.922356698253011
0.0478502	535.4405048076931	7.972356883578226
0.0481488	514.9896514423073	7.88280967023882
0.0484475	519.3942548076936	7.936986507925033
0.0487461	499.19248798076944	7.867952232108494
0.0490447	498.0128966346161	7.865123501946944
0.0493434	498.9473437500003	7.913574624328207
0.049642	483.99569711538567	7.750231217477023
0.0499406	487.69721153846143	7.887860008505333
0.0502392	476.2162860576925	7.8082866807741125
0.0505379	491.3789062499998	7.790362763258483
0.0508365	469.23086538461655	7.771615989304463
0.0511351	472.01683894230797	7.734290236013665
0.0514337	489.5201081730772	7.7503260760924615
0.0517324	470.37180288461434	7.708705897560998
0.052031	456.25586538461533	7.7156516655801015
0.0523296	450.95299278846176	7.733134292246226
0.0526283	446.1574879807706	7.674741658444763
0.0529269	461.65181490384555	7.691836674951761
0.0532255	455.70808894230765	7.6557478049004315
0.0535241	440.53141826923047	7.6333052823240335
0.0538228	427.8885216346151	7.636864359474105
0.0541214	419.10620192307704	7.6391641308241764
0.05442	425.03903846153895	7.614156544566334
0.0547187	430.69298076923064	7.553929578861177
0.0550173	426.9616586538468	7.63788624960551
0.0553159	405.4831490384622	7.511467346489561
0.0556145	412.9388100961535	7.588508652315339
0.0559132	399.95343750000103	7.511597018524618
0.0562118	396.80433894230805	7.495821913751969
0.0565104	388.13046875000055	7.49214339898426
0.0568091	395.6952884615383	7.493154135064277
0.0571077	387.17417067307736	7.461446709505242
0.0574063	382.5797355769229	7.4516109585982075
0.0577049	378.41489182692385	7.477641978338753
0.0580036	375.33271634615346	7.460320202938305
0.0583022	373.38409855769186	7.399900872936234
0.0586008	368.26638221153803	7.42018090800995
0.0588995	372.600576923077	7.383118340958782
0.0591981	360.6473437500007	7.37853420421463
0.0594967	350.09240384615407	7.404879667999982
0.0597953	360.8814543269226	7.284893665736875
0.060094	351.2271274038465	7.345382993794465
0.0603926	339.92749999999955	7.332992109100367
0.0606912	354.49520432692407	7.336186703889573
0.0609899	339.1929206730776	7.306169666281027
0.0612885	340.1018028846156	7.239459092574687
0.0615871	325.27367788461527	7.334577535748693
0.0618857	339.71789663461607	7.252517844485889
0.0621844	329.08450721153883	7.225673223509298
0.062483	335.3907692307697	7.307935164324926
0.0627816	314.85799278846184	7.141339486926846
0.0630803	308.1485697115383	7.289344370922953
0.0633789	313.926237980769	7.190995097807387
0.0636775	312.6318149038465	7.164164431646358
0.0639761	326.3800240384615	7.168979390551597
0.0642748	300.14618990384605	7.170269542563686
0.0645734	309.7525961538473	7.186348144958601
0.064872	301.9224278846153	7.09880841889
0.0651707	313.13721153846143	7.148467473258144
0.0654693	303.3441826923088	7.1276175043443315
0.0657679	298.5222836538462	7.10073399584276
0.0660665	295.4395192307697	7.104501746002125
0.0663652	295.60884615384566	7.038997439937327
0.0666638	282.27766826923073	7.08550475193821
0.0669624	283.8624278846158	7.063145533760608
0.067261	293.1601033653845	7.043768705260807
0.0675597	275.11703124999974	7.110612495709597
0.0678583	292.8689038461542	6.95519508509891
0.0681569	274.7165024038463	7.042877343724682
0.0684556	273.03519230769166	6.935576668602274
0.0687542	274.85506009615364	7.035327033907407
0.0690528	279.91246394230734	6.965498156840054
0.0693514	256.4048317307687	6.950104876799223
0.0696501	266.49055288461625	7.002561512885122
0.0699487	269.71084134615353	6.892510868394173
0.0702473	264.860901442308	6.974958711269965
0.070546	256.5971153846146	6.902135756310562
0.0708446	252.260637019231	6.925004397402218
0.0711432	257.6216586538461	6.899615819497135
0.0714418	251.85603365384637	6.810329724407664
0.0717405	246.431021634616	6.957998729404426
0.0720391	256.32048076923155	6.861865683198134
0.0723377	243.06783653846225	6.851983627932764
0.0726364	241.13787259615478	6.872662996572289
0.072935	249.57652644230814	6.79564542541594
0.0732336	249.51925480769256	6.833054469412142
0.0735322	245.38269230769245	6.799474481661714
0.0738309	230.74167067307698	6.807785066413675
0.0741295	233.27396634615383	6.793777928837633
0.0744281	247.0347836538469	6.7830243477448215
0.0747268	237.7821514423079	6.795444879939229
0.0750254	215.0795552884624	6.715304386510204
0.075324	237.0471394230762	6.768153194757448
0.0756226	230.43629807692304	6.748681408310234
0.0759213	225.42853365384622	6.761242524831476
0.0762199	236.29081730769244	6.729207489433415
0.0765185	220.67293269230888	6.66538384054989
0.0768172	226.47568509615502	6.743419399328181
0.0771158	216.01519230769276	6.708758870117395
0.0774144	218.54020432692317	6.668802333790717
0.077713	219.03653846153867	6.67623414929801
0.0780117	225.7989182692313	6.626786294815282
0.0783103	217.06617788461563	6.703484156134314
0.0786089	210.8273557692307	6.584978793081985
0.0789076	213.48669471153806	6.655562020542914
0.0792062	211.01975961538528	6.680646921801002
0.0795048	219.65823557692266	6.663149280676764
0.0798034	210.96431490384725	6.64016869320985
0.0801021	220.70862980769272	6.525129432279399
0.0804007	211.68620192307728	6.587997469524518
0.0806993	201.43507211538534	6.5998675731031184
0.080998	199.53245192307776	6.570714899177944
0.0812966	199.24210336538408	6.701542310273566
0.0815952	202.92163461538416	6.826823176461573
0.0818938	202.9130288461534	7.014289099506427
0.0821925	195.22587740384586	6.985063805806589
0.0824911	188.93200721153852	7.121521758080994
0.0827897	192.4348557692312	7.168893012278529
0.0830883	190.0617956730773	7.164436279583806
0.083387	193.49708173076897	7.3560738482446455
0.0836856	196.19190384615342	7.2201537003625855
0.0839842	194.936433894231	7.403807662897824
0.0842829	190.67631009615445	7.331706571399632
0.0845815	181.6492752403857	7.419222567725413
0.0848801	189.19321995192354	7.369917606974378
0.0851787	183.0165985576926	7.318795286944608
0.0854774	175.42521394230766	7.4351119263847565
0.085776	179.31348557692354	7.4198557848767885
0.0860746	179.38984374999976	7.493991502157181
0.0863733	176.64932812500035	7.1932153212142875
0.0866719	178.63247836538463	7.043150714241911
0.0869705	174.26306490384675	6.9946938306223325
0.0872691	175.55606129807694	6.886881874758408
0.0875678	170.8217067307693	6.795442671413343
0.0878664	174.8850240384602	6.69644940017336
0.088165	163.54300480769268	6.735333404465398
0.0884637	164.14632932692328	6.650823921220235
0.0887623	172.64514423076952	6.56248159308255
0.0890609	162.66700721153882	6.634388584468642
0.0893595	169.08025240384603	6.53176934276659
0.0896582	165.6605324519237	6.600887258238447
0.0899568	169.47524759615433	6.540375078395878
0.0902554	157.13353365384677	6.524969215680968
0.0905541	164.43204447115357	6.537072900656687
0.0908527	171.44622836538517	6.45906308091577
0.0911513	171.08178004807613	6.5187162213415455
0.0914499	165.64310336538455	6.46470056775617
0.0917486	165.45213942307805	6.454152656067713
0.0920472	173.39863701923122	6.502078848402521
0.0923458	158.67821754807636	6.391637047105027
0.0926445	146.24439903846246	6.459978798126449
0.0929431	150.25849759615363	6.385222260667578
0.0932417	159.59182211538553	6.399051584860947
0.0935403	152.70979086538398	6.427538868827022
0.093839	144.92485576923215	6.3687144550768
0.0941376	145.83394230769287	6.419983007485514
0.0944362	132.8763221153846	6.334728786313104
0.0947349	151.8182055288463	6.347269381595151
0.0950335	151.30430528846227	6.36225439721569
0.0953321	138.3417908653847	6.315604373596274
0.0956307	153.69331971153917	6.341042246736789
0.0959294	153.48597716346114	6.2632405260323525
0.096228	141.68374999999997	6.322165320650938
0.0965266	142.45198317307734	6.308850421166435
0.0968253	140.29137379807645	6.249763216284013
0.0971239	138.05618990384616	6.307080559598706
0.0974225	138.02679206730807	6.258981433666304
0.0977211	130.18149399038458	6.270909307785674
0.0980198	147.9619831730776	6.216254749813991
0.0983184	147.62527403846093	6.222250382858499
0.098617	129.83764062499966	6.2474275772925
0.0989156	139.0762740384613	6.221528006948447
0.0992143	140.89694951923164	6.2251168780690955
0.0995129	130.3546514423079	6.132893962397605
0.0998115	137.18778725961585	6.23087268211752
0.10011	141.8680709134602	6.149197531192871
0.100409	138.6118064903851	6.197464714972973
0.100707	129.75018028846216	6.167230079142885
0.101006	129.63633173076977	6.1445530165159825
0.101305	136.11553004807638	6.161799408413818
0.101603	127.83440624999969	6.143340398677434
0.101902	129.6653461538458	6.145061048692957
0.102201	117.61443509615255	6.110743924813864
0.102499	126.96511658653904	6.107256924331999
0.102798	124.6674242788469	6.12009420472556
0.103096	127.8316850961545	6.059669820521594
0.103395	121.07052403846126	6.09655825305973
0.103694	120.4505661057702	6.0944459433320075
0.103992	118.34376322115396	6.0677323858197285
0.104291	116.64045552884623	6.099869539093009
0.10459	129.08209014423164	6.004776363565267
0.104888	125.9489651442312	6.08903211509578
0.105187	109.13145913461584	6.002164425658808
0.105485	122.61390624999962	6.0387684719245796
0.105784	124.60342427884612	6.045814633701354
0.106083	133.8748798076928	5.988579455951594
0.106381	111.15449639423183	6.027560392315034
0.10668	120.17983653846187	5.996471882532741
0.106979	116.19557932692253	5.981582312043916
0.107277	114.5559290865382	6.0138950154744535
0.107576	128.15332451923103	5.99406402558514
0.107874	118.18117307692333	5.95024924077196
0.108173	116.19773677884524	5.9581557193758865
0.108472	110.150509615384	5.989464288164018
0.10877	121.41432572115392	5.943488237993669
0.109069	110.17296634615406	5.965306977114439
0.109368	114.26206850961549	5.951805376361969
0.109666	107.16056250000001	5.884479486943558
0.109965	115.05104086538438	5.959783193391561
0.110264	122.41834375000025	5.881217044775097
0.110562	111.88323677884568	5.92607219683198
0.110861	121.44291706730783	5.882253641793487
0.111159	107.23226201923168	5.901807826305534
0.111458	105.2113341346157	5.921324759729687
0.111757	102.62013701923145	5.835996085007948
0.112055	115.29406971153975	5.892555180650676
0.112354	110.70158293269259	5.850961295403342
0.112653	110.01185216346236	5.868490651256927
0.112951	110.96222235576896	5.8677581630936775
0.11325	107.72248317307742	5.816924790912221
0.113548	110.56473197115402	5.862361424301928
0.113847	104.31656610577029	5.824490730503165
0.114146	115.3991682692304	5.829581032665013
0.114444	94.41315264423054	5.830644081109232
0.114743	102.26988461538475	5.807377772448004
0.115042	101.16522716346168	5.7993476289883255
0.11534	101.49977764423	5.799609765130309
0.115639	103.90646274038531	5.809466533507454
0.115937	109.20864062500044	5.79632596347456
0.116236	101.17971634615444	5.7682692682381385
0.116535	96.07730288461589	5.779805200736744
0.116833	98.5065504807686	5.800056734746754
0.117132	90.39386538461578	5.728425945499899
0.117431	105.85774278846252	5.762778353072111
0.117729	97.81464783653959	5.745225439086645
0.118028	98.72204086538474	5.755488480463875
0.118326	95.74381850961515	5.733876373666631
0.118625	102.6396622596156	5.714493665828149
0.118924	96.65249879807689	5.734661136459045
0.119222	98.12237740384546	5.718603848660659
0.119521	91.75031249999996	5.713685061312195
0.11982	88.47853605769274	5.710706932762423
0.120118	85.92578605769212	5.720170612751453
0.120417	107.2495324519231	5.659623346597594
0.120716	85.81866826923097	5.707770242890383
0.121014	103.8057187499998	5.659351845021524
0.121313	90.53326923076952	5.703209141993244
0.121611	101.13921153846235	5.654169900077526
0.12191	90.62676682692299	5.656920573585722
0.122209	83.40562860576917	5.671572230605416
0.122507	85.7856874999996	5.632445673967785
0.122806	87.75482331730835	5.644661841480807
0.123105	101.23572355769213	5.6483591656685626
0.123403	98.14987379807718	5.615844809560574
0.123702	89.0304086538464	5.648862183891749
0.124	93.97817427884618	5.591860381301346
0.124299	90.79588461538499	5.6385486713439885
0.124598	94.59092307692316	5.569144832820474
0.124896	91.21280889423105	5.586668973160414
0.125195	82.08345192307753	5.637469024540411
0.125494	95.58947596153935	5.549699719597711
0.125792	82.69758413461545	5.617685810531008
0.126091	81.86172355769159	5.574788238873609
0.126389	83.61233293269201	5.557027752433965
0.126688	76.83255528846225	5.7942526006328485
0.126987	83.21991586538431	5.791295376967732
0.127285	90.47737980769277	5.946081716809802
0.127584	87.86762379807662	5.995465782597713
0.127883	89.56008774038438	5.978606058027922
0.128181	83.84618509615365	6.04510782960892
0.12848	79.45631850961625	6.022984219022412
0.128778	79.37330528846118	5.86554104690012
0.129077	85.2489771634616	5.788799888133435
0.129376	87.90296033653853	5.737930109681088
0.129674	86.15452644230785	5.721219269268885
0.129973	88.86311778846121	5.72945731988102
0.130272	79.05560576923101	5.766877221473284
0.13057	81.04041466346139	5.6945934773976035
0.130869	83.86045673076978	5.725884830475661
0.131168	83.2866718750001	5.655800424324104
0.131466	74.0087752403845	5.710511159460804
0.131765	78.82467427884521	5.644324137635766
0.132063	75.88937019230748	5.642731977908051
0.132362	85.52325721153835	5.6442466080319535
0.132661	77.53382692307689	5.607846823039159
0.132959	77.54124879807662	5.653717179872394
0.133258	84.22024999999955	5.569615234881187
0.133557	77.73228725961516	5.5581200517665215
0.133855	71.03287259615456	5.589697071521856
0.134154	77.9558016826929	5.495370799672282
0.134452	86.08484615384597	5.528756823584937
0.134751	69.85863100961645	5.471533135357035
0.13505	81.2778233173077	5.504525865458336
0.135348	82.77749519230788	5.4931030184651615
0.135647	80.39199158653823	5.435019828523058
0.135946	72.2011526442305	5.493076200993306
0.136244	78.07509735576907	5.424175556365211
0.136543	71.73103966346162	5.466915811877548
0.136841	80.53687500000173	5.44198647166936
0.13714	83.59245312500043	5.43014332948706
0.137439	63.357519230769554	5.442084351640615
0.137737	74.4844411057695	5.386252346942951
0.138036	72.5980216346155	5.436925553863311
0.138335	90.21273437499993	5.435142459125789
0.138633	75.45414182692198	5.376595096252402
0.138932	72.11846634615462	5.436476725096654
0.13923	74.31410096153854	5.350752770007029
0.139529	75.41812620192339	5.395150661061498
0.139828	70.23282812500007	5.366923082180498
0.140126	72.58535096153906	5.3967668770467805
0.140425	78.22496634615419	5.403197793343337
0.140724	70.85820913461589	5.344454066157358
0.141022	68.25280769230879	5.381722862114375
0.141321	62.176468750000424	5.330136599943203
0.141619	64.74367788461493	5.368077761607769
0.141918	74.51112379807725	5.307948901630243
0.142217	66.9202067307694	5.370587622774886
0.142515	67.24034735577007	5.3676331078706285
0.142814	66.25645432692373	5.30033360251559
0.143113	74.84291225961535	5.3214962972498805
0.143411	70.60747235576947	5.306836299707266
0.14371	70.88008533653856	5.317554613947998
0.144009	69.35623437499956	5.312507314116322
0.144307	63.31961418269216	5.2925419707246
0.144606	68.60054086538447	5.417745758413814
0.144904	64.64826081730806	5.466798509568508
0.145203	64.84437860576975	5.592856008691387
0.145502	55.090260817307524	5.680107542312296
0.1458	66.60718629807647	5.693648957971531
0.146099	56.16243990384682	5.735592383128238
0.146398	60.95686658653818	5.695112531357639
0.146696	68.07896394230717	5.779205382643425
0.146995	64.22358894230733	5.744233617552901
0.147293	70.51349278846182	5.786067000732219
0.147592	77.431598557693	5.839343228205421
0.147891	63.913522836539016	5.782464135116414
0.148189	69.37592307692313	5.816209099329627
0.148488	70.6202355769232	5.799790722187648
0.148787	70.92736177884724	5.835559683141129
0.149085	65.92104567307722	5.85020668721399
0.149384	59.855331730769734	5.863394780148799
0.149682	71.35946274038503	5.764806113476592
0.149981	59.233141826922875	5.5812886241480655
0.15028	53.05978605769219	5.535396513709139
0.150578	47.92073076923131	5.463469518738469
0.150877	59.70193629807703	5.4240019337990555
0.151176	52.43117427884627	5.419909996988509
0.151474	66.80201081730779	5.348836698180906
0.151773	63.17214543269252	5.366794170954478
0.152071	56.9445540865388	5.302330797501125
0.15237	67.75277764423038	5.327441262522915
0.152669	62.56029927884583	5.322023121792224
0.152967	63.97396634615369	5.3012750689586525
0.153266	61.04721274038489	5.329772100675643
0.153565	59.819905048076905	5.278129708381713
0.153863	61.54413581730793	5.29404020385264
0.154162	67.95501081730713	5.296243636664098
0.154461	56.24959134615466	5.290277385580558
0.154759	50.50877163461536	5.328637683200779
0.155058	52.684069711538584	5.2582875454887565
0.155356	60.42580649038456	5.2907176936529225
0.155655	63.1129831730771	5.250762380761495
0.155954	55.86450600961541	5.248447913244845
0.156252	60.19441466346116	5.257601282742425
0.156551	63.57477283653843	5.229125895707479
0.15685	60.13888221153856	5.269420289979653
0.157148	53.96102764423105	5.197045650844262
0.157447	64.45990745192276	5.22498147472348
0.157745	58.40053725961525	5.1928400687511225
0.158044	59.7762451923078	5.220305282520832
0.158343	59.01444110576968	5.208660710218386
0.158641	57.9825624999998	5.191789871814353
0.15894	55.878360576923214	5.189797658808471
0.159239	57.18018749999949	5.172979406800122
0.159537	54.02422596153933	5.181524764554936
0.159836	58.162304086537375	5.190446350877079
0.160134	47.623443509614916	5.140068778558681
0.160433	45.950651442308654	5.1799591638608895
0.160732	57.91914302884642	5.133198863231479
0.16103	57.25236177884696	5.150712235711734
0.161329	57.90425360576883	5.119103489772362
0.161628	48.022810096153634	5.14694833194969
0.161926	52.71836057692383	5.151034899782017
0.162225	46.50958052884597	5.107453004340055
0.162523	58.906579326923136	5.156346280940545
0.162822	55.23924038461523	5.087481204311463
0.163121	53.61733052884645	5.097878169545701
0.163419	60.59786298076979	5.141049563396381
0.163718	52.39906730769306	5.0838260598033775
0.164017	46.112699519230915	5.103417550764308
0.164315	53.940381009615024	5.068952084706791
0.164614	51.16898437499984	5.079057255380111
0.164913	60.361457932692275	5.108519535925194
0.165211	53.742322115384766	5.04309819899168
0.16551	58.612759615384746	5.0879605497202505
0.165808	56.999278846154056	5.057108340528268
0.166107	48.00779567307707	5.066149240371802
0.166406	57.966368990384254	5.032377966625509
0.166704	51.08799639423118	5.0451362158825415
0.167003	51.75447475961583	5.084174068014422
0.167302	53.72502283653873	5.017279450619359
0.1676	50.558515624999956	5.037999663741214
0.167899	47.66288942307568	5.031592575269146
0.168197	56.52628245192304	5.019558862121764
0.168496	52.355376201922965	5.0356967564687345
0.168795	53.16118509615393	4.987804370427653
0.169093	44.140092548076026	5.0199907551738
0.169392	48.302743990385366	5.009579674981493
0.169691	46.87545312500063	5.009386880950886
0.169989	50.65993990384605	5.005010311026501
0.170288	40.65711057692276	4.976994301178608
0.170586	45.689949519230666	4.985357515848206
0.170885	53.149295673076935	4.9777332414556525
0.171184	45.703560096154305	5.006290063949037
0.171482	52.553901442307804	4.952531564192062
0.171781	48.791854567308235	4.9821266567114435
0.17208	50.606527644230326	4.986510966573817
0.172378	46.50636298077018	4.928001613123357
0.172677	52.980402644230296	4.967369965189285
0.172975	60.45738581730795	4.930988021931067
0.173274	45.75952764423121	4.974057966217835
0.173573	56.09306129807656	4.945563323060228
0.173871	45.17562860576945	4.922537533206932
0.17417	49.50363942307625	4.940985432420207
0.174469	48.403254807693585	4.909298752702519
0.174767	51.52908894230741	4.9363923866925
0.175066	48.11046394230729	4.918628669124934
0.175364	48.49068269230763	4.913033082849122
0.175663	55.44456490384562	4.930468920066691
0.175962	53.175137019231755	4.8658191981903975
0.17626	45.874138221154936	4.923056460892025
0.176559	48.02518870192252	4.8852109939858925
0.176858	50.13025721153852	4.898449464488642
0.177156	43.26802884615404	4.918908800127117
0.177455	45.5575985576921	4.86711108374065
0.177754	55.158908653845984	4.8968053256287325
0.178052	48.69289062500037	4.866293887690981
0.178351	51.92203846153838	4.874190714996112
0.178649	44.069311298077096	4.866310731516068
0.178948	44.86063581730697	4.8636520749527286
0.179247	48.74946875000035	4.8717278690984145
0.179545	47.08512379807708	4.871667550045139
0.179844	48.56715985576869	4.837936508573407
0.180143	47.47510576923162	4.843105966297665
0.180441	37.90826442307704	4.8373801423414955
0.18074	51.01618389423059	4.857340462955425
0.181038	40.81481129807685	4.832480687465623
0.181337	50.25259735576988	4.819763565213364
0.181636	41.98922115384569	4.831016491935579
0.181934	43.50479567307737	4.838181923805488
0.182233	49.301528846153175	4.813354993417101
0.182532	48.33387019230777	4.789289432483434
0.18283	44.30432451923032	4.839546366930758
0.183129	40.18983533653895	4.797019597822937
0.183427	56.048299278847225	4.824525094948404
0.183726	51.57630889423075	4.765679437562689
0.184025	49.04020673077021	4.808114383609329
0.184323	42.24558173076929	4.821314510117663
0.184622	45.030293269229915	4.776534222654797
0.184921	53.78483052884597	4.799493140142146
0.185219	42.39750000000022	4.770155881915514
0.185518	43.07166466346217	4.775091654299785
0.185816	47.55547475961528	4.780082436415439
0.186115	42.11845793269191	4.742451498791483
0.186414	57.06227043269294	4.789458582438242
0.186712	51.46017067307618	4.742207147509524
0.187011	45.39246514423034	4.7622680428791275
0.18731	45.15166586538406	4.746166015207406
0.187608	53.31278605769185	4.722924257031933
0.187907	34.14171274038473	4.792789953679074
0.188206	43.82339062500016	4.729167591150478
0.188504	45.676475961539964	4.729852292230879
0.188803	42.32903125000007	4.735396068940276
0.189101	34.61656730769178	4.724093875563877
0.1894	45.407195913460896	4.764377190462458
0.189699	40.560289663461546	4.704088618001835
0.189997	48.722246394231306	4.712291711901406
0.190296	40.866846153845415	4.694829520472648
0.190595	43.17452163461617	4.7162490854921435
0.190893	43.02856490384599	4.707402815562232
0.191192	39.5198858173071	4.703033030402476
0.19149	41.555236778846805	4.71444313999449
0.191789	37.14517668269295	4.679560410625803
0.192088	44.243963942307474	4.715575279830202
0.192386	46.40779687500043	4.667280143159561
0.192685	47.34937139423181	4.67100111999349
0.192984	39.615322115384544	4.668494718129142
0.193282	41.31651682692308	4.6480116613828875
0.193581	38.66652403846125	4.690729185916675
0.193879	46.225177884615576	4.637873795664227
0.194178	47.612064903846374	4.650877356291731
0.194477	45.94911899038472	4.642963565802837
0.194775	44.17659975961534	4.645850977360807
0.195074	40.444811298076644	4.6372858896630005
0.195373	38.11917427884559	4.628295465984573
0.195671	40.64794350961485	4.653243961587182
0.19597	36.62868028846198	4.632381554947304
0.196268	38.00283894230745	4.615479497788115
0.196567	50.661334134616	4.671084375316279
0.196866	40.41212139423074	4.599809727069715
0.197164	41.80178725961561	4.657356502095334
0.197463	38.19508774038489	4.629662129892806
0.197762	29.893817307692316	4.6205903159739155
0.19806	35.50481850961482	4.640350420236729
0.198359	40.128401442308004	4.59081857027493
0.198658	38.03556850961556	4.645684687899002
0.198956	40.05779567307712	4.598394984388493
0.199255	41.02546634615365	4.615532894251244
0.199553	34.94800120192387	4.609077821229341
0.199852	34.92281250000033	4.590368910615351
0.200151	38.669117788461094	4.60561091980514
0.200449	34.54528966346189	4.582638522712364
0.200748	43.01434855769308	4.5831423337376735
0.201047	24.429840144231108	4.609634155769453
0.201345	36.129824519230525	4.590123197201907
0.201644	36.12342908653794	4.599097803758437
0.201942	40.25234254807728	4.551373781936529
0.202241	39.669549278846006	4.591617732616023
0.20254	42.36804086538477	4.556961022285768
0.202838	42.72032692307626	4.573276201325385
0.203137	32.695763221154195	4.5543712584798
0.203436	40.90741706730725	4.569829485850785
0.203734	37.56120552884674	4.564113204253659
0.204033	30.807314903846006	4.5410163292714865
0.204331	28.662031250000553	4.565565633577008
0.20463	35.49877163461588	4.540407209464611
0.204929	37.42741346153835	4.564601896236624
0.205227	32.79890384615456	4.528089087818886
0.205526	45.38665625000036	4.522344344652673
0.205825	39.49163701923126	4.5409608159914265
0.206123	38.35070312500015	4.550134173723225
0.206422	35.48833894230761	4.5342481060271265
0.20672	32.75623798076985	4.53666017803762
0.207019	26.03912500000014	4.503783116755788
0.207318	44.06697475961536	4.513835360271356
0.207616	36.936352163461095	4.501873894152999
0.207915	37.666537259615396	4.58411379411336
0.208214	28.553781249999233	4.686731396715166
0.208512	41.46614423076862	4.731329319999034
0.208811	33.32569951923077	4.780696880106829
0.209109	31.550643028846892	4.782120887482222
0.209408	31.73126802884525	4.797170529508651
0.209707	38.40010096153925	4.8195638980003945
0.210005	32.28413581730756	4.826689621800368
0.210304	37.85721153846211	4.860916650517404
0.210603	37.94171394230865	4.834806597277439
0.210901	42.061081730768635	4.851230873257703
0.2112	36.41908052884624	4.868389420546061
0.211499	41.07686057692277	4.889528303540203
0.211797	34.93594230769261	4.895768105630142
0.212096	32.208098557692466	4.891063789982086
0.212394	35.361783653846146	4.917028866587617
0.212693	43.74065264423095	4.888412044349499
0.212992	34.14150480769251	4.85219041152303
0.21329	29.676429086538647	4.710919719878944
0.213589	29.409528846153776	4.691844180256134
0.213888	40.37062019230753	4.6663082924999255
0.214186	35.59539182692326	4.604135756380591
0.214485	35.94592548077031	4.62292080579246
0.214783	42.886252403845404	4.57332089546796
0.215082	28.61472115384629	4.623860030779374
0.215381	28.728943509615945	4.586415562992886
0.215679	40.77022716346157	4.549784326965802
0.215978	28.280704326922645	4.601208654027106
0.216277	34.08650480769175	4.545893259485293
0.216575	33.924036057692675	4.551751509224919
0.216874	24.865620192307247	4.5534962364538165
0.217172	33.59759495192378	4.528147901564591
0.217471	33.688054086539054	4.5716632928402285
0.21777	36.07393149038458	4.508157637976861
0.218068	31.21593389423154	4.524844103282618
0.218367	32.83138461538506	4.510260590146704
0.218666	28.715993990384447	4.5090278038340434
0.218964	36.057957932692375	4.535098999056685
0.219263	31.05662259615478	4.47663719675954
0.219561	35.660256009615665	4.499134889138017
0.21986	33.85544110577001	4.475814720515451
0.220159	35.93819350961489	4.495517067284265
0.220457	35.040328125000286	4.481986060234288
0.220756	34.39957091346244	4.463174726713714
0.221055	36.17188942307692	4.495311531569237
0.221353	38.11357572115419	4.4585305517229035
0.221652	38.96894951923109	4.4685032428219955
0.221951	31.794400240384135	4.440708263096971
0.222249	25.88823197115353	4.456826735942743
0.222548	39.31173317307746	4.473680921545787
0.222846	32.24886658653823	4.432401253313378
0.223145	30.1750132211545	4.4463125457991275
0.223444	40.37152644230808	4.420523620746744
0.223742	43.24168509615376	4.434205981153328
0.224041	32.038186298077065	4.438176446346262
0.22434	36.788743990383566	4.411822065632972
0.224638	34.003222355769225	4.422984375647242
0.224937	38.70312620192351	4.410977137230015
0.225235	39.12488221153829	4.419173676122242
0.225534	33.69926802884606	4.4021361087878885
0.225833	37.221912259615664	4.399289412585426
0.226131	29.751620192307016	4.420386609489949
0.22643	34.33106730769282	4.379687511035196
0.226729	34.98890625000044	4.404321810204792
0.227027	28.867558894231493	4.374947782071716
0.227326	28.85028365384521	4.401773781216396
0.227624	36.76282812500027	4.386517075062692
0.227923	32.40944711538596	4.360629110346046
0.228222	32.682152644230555	4.393143900381555
0.22852	26.13088701922983	4.351595220484269
0.228819	33.857377403846556	4.3852443186473815
0.229118	27.099549278847235	4.347278657214715
0.229416	25.16825961538558	4.366850672736883
0.229715	20.432830528846324	4.366412275902825
0.230013	33.329086538461894	4.339436966828513
0.230312	30.613034855769072	4.363985133525511
0.230611	38.72396394230719	4.3507304895151675
0.230909	32.458983173076206	4.342841863524356
0.231208	29.09887620192322	4.367015440218893
0.231507	27.214248798076568	4.311887043095292
0.231805	25.11120552884698	4.349762331493094
0.232104	30.969544471153654	4.314537550471463
0.232403	29.10226081730798	4.338275854690233
0.232701	35.5116298076922	4.321168627270485
0.233	37.17414783653865	4.314462124593063
0.233298	28.724228365384974	4.346769347270872
0.233597	25.943933894230753	4.2753135334436605
0.233896	20.992593750000665	4.331187838731501
0.234194	28.65489903846239	4.306226318304441
0.234493	34.51645432692274	4.303582945873522
0.234792	33.297623798076614	4.309845967367931
0.23509	24.33036177884631	4.271394219771725
0.235389	28.816147836538875	4.314089745817681
0.235687	30.621561298077182	4.284629381163338
0.235986	25.589781249999888	4.294344148179816
0.236285	27.961224759615533	4.296126186128232
0.236583	35.16706490384607	4.263573385966978
0.236882	25.22918149038418	4.29316400845801
0.237181	38.30715624999961	4.2572365847007045
0.237479	32.38954447115425	4.283036370931807
0.237778	30.293444711539053	4.282993882347124
0.238076	37.61166346153857	4.258029983737749
0.238375	39.0586995192308	4.287027916574438
0.238674	29.058331730769282	4.22644967353861
0.238972	32.066621394230665	4.269615340762189
0.239271	32.89094831730743	4.249709533188338
0.23957	34.59910456730775	4.261041965130734
0.239868	30.338957932692168	4.269541957174825
0.240167	31.50108653846111	4.231149400024693
0.240465	20.32246033653813	4.246222693730592
0.240764	25.129445913461623	4.219373913935922
0.241063	27.432211538461715	4.233122449012228
0.241361	24.19856850961537	4.234184031462504
0.24166	25.6280372596148	4.243459497488585
0.241959	33.569026442308925	4.231539973458903
0.242257	30.426185096154157	4.205600157884613
0.242556	28.998938701923294	4.23114310603421
0.242854	26.853538461539017	4.217115413601499
0.243153	31.895225961538287	4.218004952507564
0.243452	25.255068509616052	4.229055091435109
0.24375	24.04021514423036	4.178223720785348
0.244049	35.053965144231825	4.189950592546065
0.244348	27.107234374999933	4.183888851047965
0.244646	21.094611778846684	4.194410420103205
0.244945	32.246104567307654	4.189617531534752
0.245244	21.539569711538675	4.185768152930955
0.245542	30.78013701923048	4.198600839183597
0.245841	40.685325721153376	4.151352920829724
0.246139	30.81118629807662	4.174748635178154
0.246438	26.630944711538262	4.179057266824645
0.246737	29.055484374999807	4.166176550282777
0.247035	26.945182692307057	4.189710881240794
0.247334	36.07787259615485	4.137038212218294
0.247633	23.000034855768803	4.179479603254071
0.247931	32.17642067307693	4.161139181792669
0.24823	29.642058894229706	4.1594501078792545
0.248528	27.208625000000808	4.180405055778995
0.248827	23.789420673077544	4.144047960761466
0.249126	28.0799795673083	4.172626961106339
0.249424	32.37328605769214	4.137338265299685
0.249723	28.2319050480762	4.15604551873288
0.250022	22.138847355769542	4.148727210717664
0.25032	26.22879086538532	4.155155473468483
0.250619	26.932471153847004	4.149192239351438
0.250917	31.812213942307466	4.138502423211019
0.251216	29.610692307692332	4.133468796545978
0.251515	28.301131009615332	4.140440756040419
0.251813	31.133465144230854	4.133299126810874
0.252112	30.05931009615459	4.144769831593688
0.252411	20.291885817308497	4.1313839854777115
0.252709	28.008930288461897	4.133209343433357
0.253008	22.467951923076157	4.119758451147751
0.253306	23.448212740385088	4.10739386986857
0.253605	22.00913221153904	4.112808003045332
0.253904	22.659074519230415	4.124014191458591
0.254202	26.041250000000105	4.139199092581008
0.254501	31.789658653845976	4.088963407166786
0.2548	30.46524278846192	4.117286777085697
0.255098	24.56849038461506	4.088092528704444
0.255397	26.968592548076842	4.122328488410097
0.255696	23.153370192306255	4.108075246251791
0.255994	26.815038461539586	4.07531181826203
0.256293	26.964596153846898	4.109571133333916
0.256591	30.75913701923092	4.085486979756496
0.25689	23.794066105769573	4.0994614907483875
0.257189	27.675055288462147	4.0968569045753505
0.257487	28.194699519231037	4.066205233417223
0.257786	30.972299278846194	4.104457495615972
0.258085	33.49332451923139	4.067706094230003
0.258383	25.2346298076926	4.075136302169833
0.258682	24.97833173076991	4.08126433932999
0.25898	27.45746995192313	4.045355600806076
0.259279	27.767807692307755	4.101622131276759
0.259578	23.42681009615397	4.055485173400457
0.259876	27.83056009615379	4.073186035794294
0.260175	27.24320793269257	4.064503206050833
0.260474	23.274010817308266	4.070845350791263
0.260772	35.182507211538194	4.060377514900587
0.261071	32.98084375000023	4.041622084273365
0.261369	27.683181490385067	4.056641228398903
0.261668	27.164491586538375	4.04716057923422
0.261967	19.550765624999755	4.051259282861661
0.262265	22.37160937499958	4.046821324823821
0.262564	21.952966346153246	4.028308287629877
0.262863	24.344847355769872	4.058179900408762
0.263161	27.044289663461285	4.019316606677312
0.26346	30.25915144230744	4.0405888595631225
0.263758	26.696366586537934	4.02334997961579
0.264057	28.876882211538657	4.049144634112209
0.264356	29.291788461538815	4.040618813084346
0.264654	32.28567187500069	4.012047004947063
0.264953	28.05706009615392	4.032999836078572
0.265252	27.281831730769923	3.988870257689499
0.26555	16.124180288461076	4.035875076936524
0.265849	25.872825721153703	4.014150492272286
0.266148	28.375530048075603	4.012314219706979
0.266446	25.082253605770077	4.015067490363322
0.266745	25.57235336538426	3.990969624950723
0.267043	16.504292067308057	4.030302336626874
0.267342	19.401008413461795	3.9963727543694065
0.267641	26.061486778846188	3.9925046182173753
0.267939	24.988794471152787	4.023597680353444
0.268238	27.363472355769503	3.965477299096716
0.268537	20.270918269230975	4.00228022699226
0.268835	17.799680288461772	3.9812163719832436
0.269134	29.881460336538268	3.9932390879684942
0.269432	13.003575721154093	4.026533122421396
0.269731	25.047604567308213	3.951191567534747
0.27003	27.346066105769395	3.984955331883703
0.270328	23.431254807692525	3.9609052563911757
0.270627	19.37697235577005	3.990355626752431
0.270926	20.791104567307528	3.9652464945487673
0.271224	26.215617788461643	4.042096196519181
0.271523	25.33292427884639	4.111807732764155
0.271821	20.1507127403854	4.135256348327257
0.27212	18.556368990385153	4.1685115719884225
0.272419	28.356891826923913	4.180374175403285
0.272717	22.50805288461528	4.192038080126804
0.273016	26.947477163462352	4.215455408271268
0.273315	27.34980889423113	4.197041840144786
0.273613	29.00487500000004	4.227052737959719
0.273912	24.2998401442307	4.214161698095897
0.27421	24.35653004807783	4.377986192681268
0.274509	27.83597355769274	4.464228204966387
0.274808	24.801503605770137	4.44540893520541
0.275106	28.92140625000046	4.532251086705063
0.275405	28.8103365384611	4.537353761044885
0.275704	22.261390624998967	4.634067244668108
0.276002	29.637492788460662	4.639492783758615
0.276301	24.961060096153886	4.696352133704037
0.276599	20.617838942307642	4.755540982454967
0.276898	31.46098197115421	4.74991695532753
0.277197	18.97677884615412	4.801490348096608
0.277495	23.361853365383922	4.795391983854602
0.277794	24.721465144230947	4.84368809421226
0.278093	19.6816899038474	4.887492168218048
0.278391	22.367668269231444	4.869283576569264
0.27869	27.840268028846182	4.908527225039764
0.278989	22.390383413461024	4.894949019971282
0.279287	23.541740384616716	4.948594002975419
0.279586	19.319223557691956	4.964971832347666
0.279884	20.6657512019234	4.982601278784585
0.280183	24.20726562500022	5.007022525095188
0.280482	27.92845312499921	4.990770807346876
0.28078	21.485374999999607	5.047231654113505
0.281079	20.506569711539058	5.027906098226226
0.281378	26.904169471153594	5.076873299377769
0.281676	24.940474759615228	5.101718245425807
0.281975	24.246317307692067	5.101416838589358
0.282273	14.659490384615026	5.147657887671101
0.282572	29.00352163461548	5.104757707432524
0.282871	23.87705528846169	5.155110806607938
0.283169	19.895866586538702	5.1730018416438
0.283468	15.528623798077135	5.194970022393468
0.283767	10.390502403845758	5.238503532241808
0.284065	14.930024038461553	5.190484957809612
0.284364	27.039587740384263	5.251904047541596
0.284662	27.008561298077538	5.2301817295693835
0.284961	21.647468749999987	5.301574314666942
0.28526	21.119403846153872	5.31040061313431
0.285558	22.869423076923212	5.266962917061157
0.285857	25.861617788460833	5.376823253365172
0.286156	26.213566105769104	5.250076606513748
0.286454	28.699040865384973	5.343440144072731
0.286753	19.96739543269257	5.319803376226889
0.287051	28.14620192307622	5.314135499553398
0.28735	18.78497115384583	5.406252146828236
0.287649	24.85008533653783	5.326233029744721
0.287947	19.296251201923198	5.38091320038159
0.288246	20.23368750000145	5.398613770371966
0.288545	36.201194711538065	5.386367950318355
0.288843	17.722204326922864	5.497220828617302
0.289142	26.310627403846354	5.363800747209234
0.289441	15.253893028846477	5.487296234502574
0.289739	19.627711538461412	5.471253371488849
0.290038	21.50938461538452	5.458469697271663
0.290336	24.010543269230666	5.556823570135195
0.290635	25.534625000000233	5.434314571368406
0.290934	23.471143028845987	5.611950817194185
0.291232	25.186451923077158	5.502386549959078
0.291531	32.37145793269214	5.554436283384952
0.29183	25.876965144231434	5.582389776609557
0.292128	21.515800480769443	5.590709292803809
0.292427	23.74365024038596	5.644039374171764
0.292725	25.121688701923972	5.6096008578815075
0.293024	17.94054807692298	5.60742357964477
0.293323	19.42300360576965	5.669498630613407
0.293621	28.23821033653857	5.658527645853081
0.29392	14.73092307692312	5.74810980667834
0.294219	23.02315144230782	5.665528881497806
0.294517	25.851256009615398	5.700990557169916
0.294816	24.885558894231607	5.763788528240941
0.295114	16.75161538461616	5.720994397291199
0.295413	28.283643028846583	5.790922171355406
0.295712	19.5221778846161	5.75244215974528
0.29601	25.67562139423103	5.80944418771889
0.296309	25.767612980769172	5.81003520996022
0.296608	19.340298076922835	5.792352283287471
0.296906	25.454769230769614	5.88090050221316
0.297205	23.036516826923048	5.844794128246205
0.297503	22.48979206730759	5.853142801189658
0.297802	22.273549278846616	5.896380269554192
0.298101	26.945608173077318	5.872195774957955
0.298399	29.368938701923852	5.954409551981554
0.298698	25.84321754807668	5.899097448494468
0.298997	10.221616586537863	5.973497634619453
0.299295	18.76957932692278	5.91581907461526
0.299594	31.800626201923166	5.985744685010285
0.299893	30.190777644230593	5.963875377969603
0.300191	22.587219951923387	5.9767984152496
0.30049	14.997862980769483	5.962589530078823
0.300788	28.50273197115456	6.019116764537805
0.301087	16.274849759615506	6.051209186414829
0.301386	29.147254807692846	5.992144355233509
0.301684	23.01870552884573	6.085404620462948
0.301983	16.03924639423049	6.0314038386250335
0.302282	35.62447716346142	6.14004648199888
0.30258	19.538272836538795	6.10884180691253
0.302879	30.93369230769305	6.083717444879314
0.303177	28.373049278846807	6.170837225383996
0.303476	23.137117788462547	6.105139189804575
0.303775	22.45511177884687	6.220968544466573
0.304073	7.278129807692935	6.185872136719587
0.304372	15.810252403847258	6.130339311664892
0.304671	16.590449519230788	6.301959117741003
0.304969	25.012367788461276	6.191447118626489
0.305268	23.01802644230868	6.314836385910981
0.305566	22.047605769231282	6.214355060311546
0.305865	18.986266826922105	6.255895007214843
0.306164	8.996514423076718	6.390422429824487
0.306462	22.147052884615448	6.231764051268264
0.306761	22.959993990385286	6.419596928631856
0.30706	24.460783653846008	6.290323059528068
0.307358	11.949134615385404	6.362855869958024
0.307657	22.77878846153847	6.415237708099784
0.307955	18.45197355769237	6.324316996868788
0.308254	13.266528846153136	6.531548702167251
0.308553	27.402646634615735	6.35500578242797
0.308851	23.71530769230752	6.462497443851397
0.30915	15.711109375000376	6.469819866157605
0.309449	21.74050961538434	6.461086796522679
0.309747	20.16045072115311	6.593670436217593
0.310046	22.656977163461534	6.39611227780634
0.310344	7.18071274038472	6.514198923319182
0.310643	13.055045673077004	6.506478880325725
0.310942	11.905330528846392	6.497511068053842
0.31124	16.6208040865385	6.593361662245442
0.311539	18.045736778846333	6.4167541558734
0.311838	17.06143990384632	6.543713646217183
0.312136	11.560939903845835	6.506149478930584
0.312435	30.773156250000255	6.610063526225915
0.312734	26.124419471153715	6.539045228059108
0.313032	22.632455528846762	6.549356917589084
0.313331	6.770378605768812	6.673342260268113
0.313629	31.66765985576916	6.536614112956199
0.313928	10.827734375000375	6.722164261314835
0.314227	18.279087740384625	6.6354665946394995
0.314525	18.596360576923132	6.645206152536278
0.314824	23.102487980769837	6.745593417900462
0.315123	35.292112980769375	6.611764894138303
0.315421	15.80184254807726	6.78918975323008
0.31572	26.110692307693384	6.705591382470098
0.316018	-101.3561430288469	6.866521307338422
0.316317	25.967001201923523	6.796848915014329
0.316616	11.84639062499997	6.755838883123041
0.316914	19.93439302884603	6.925893686525836
0.317213	24.16981610576947	6.745565500204006
0.317512	12.5850576923078	6.88048100439204
0.31781	21.500727163461875	6.8710688891874705
0.318109	17.53289423077007	6.8802602006411835
0.318407	30.52586057692359	7.009920143050784
0.318706	28.069534855769973	6.801410816399928
0.319005	28.21413581730816	7.02324895402376
0.319303	23.438155048077647	6.933438807786326
0.319602	23.69383894230772	6.999060856906893
0.319901	34.04898677884667	7.113963300298865
0.320199	29.63492908653933	6.915096750586935
0.320498	22.18209254807668	7.09667037672517
0.320796	14.536997596153611	7.027586710029474
0.321095	21.797300480769977	7.105538726982899
0.321394	18.38930048076932	7.1194408823961695
0.321692	21.198004807692428	7.102638577198432
0.321991	23.775489182692056	7.246106353675411
0.32229	21.36883774038516	7.066559217559084
0.322588	8.997621394231103	7.253308419255309
0.322887	16.736871394230235	7.159978035212991
0.323186	17.59358774038482	7.2540336745505725
0.323484	16.847855769231757	7.387142709497397
0.323783	29.34190865384636	7.150915747411379
0.324081	7.869007211538559	7.354701646416169
0.32438	18.07350841346107	7.2625576819183175
0.324679	9.847112980769879	7.376583450235838
0.324977	20.619257211538766	7.426694374293091
0.325276	29.902157451923372	7.300747016113575
0.325575	21.460724759615246	7.519248929486495
0.325873	14.543662259615076	7.328487225092525
0.326172	30.31767788461508	7.478038219460285
0.32647	15.139352163461695	7.494609689505283
0.326769	23.774824519231075	7.478878063201977
0.327068	16.077887019230985	7.6092982613058995
0.327366	13.75878125000014	7.421202176076594
0.327665	5.880828124999837	7.628187625772489
0.327964	26.50702043269213	7.58512814055038
0.328262	17.45629086538507	7.60855982610386
0.328561	9.895749999999737	7.7342456223366165
0.328859	30.085377403846536	7.559218594388667
0.329158	22.936808894230865	7.769079494097032
0.329457	19.976044471153998	7.639552807751207
0.329755	18.349406249999944	7.763225754309117
0.330054	28.896431490385055	7.780967859839236
0.330353	31.956795673076854	7.757576220404859
0.330651	26.111218750000376	7.9138572528577225
0.33095	15.414814903846263	7.730493643524111
0.331248	10.73782091346196	7.914201703881171
0.331547	31.74539062500017	7.842610931818592
0.331846	21.799155048077168	7.90547176350479
0.332144	29.209123798077385	8.08417941586778
0.332443	19.95390745192296	7.821239133491413
0.332742	28.62227043269243	8.084994424681614
0.33304	29.493018028846052	7.9125567713034455
0.333339	32.248060096154774	8.060146258867938
0.333637	20.332710336538184	8.114419611610463
0.333936	6.2042884615387095	8.05740271705546
0.334235	28.33458413461578	8.234603834609839
0.334533	13.578287259615607	8.031723082672208
0.334832	19.968522836537872	8.247649685344278
0.335131	23.50296514423107	8.195466493202215
0.335429	26.45039543269263	8.20240869484998
0.335728	24.42112379807746	8.422070121148769
0.336027	16.001943509615657	8.12045202389377
0.336325	3.1511250000004765	8.452656894666548
0.336624	9.02786658653909	8.279460929673098
0.336922	-1.757222355768917	8.427098322631924
0.337221	22.748996394231114	8.522819179615643
0.33752	13.287421874999694	8.328425077773653
0.337818	25.978317307692222	8.58014956151659
0.338117	13.43961658653825	8.385727444343722
0.338416	22.318179086538592	8.618659528219906
0.338714	16.741361778846198	8.527703484519275
0.339013	20.400399038461714	8.573952707404978
0.339311	21.93125600961565	8.797087792392656
0.33961	23.846765624999833	8.505629482959291
0.339909	29.6929747596149	8.775218287758655
0.340207	8.313846153846427	8.651919665880726
0.340506	12.076199519230357	8.835870931511334
0.340805	17.199931490384657	8.995565367213922
0.341103	24.740298076922684	8.635180017934642
0.341402	10.325473557692533	9.018920261624743
0.3417	23.36843870192311	8.737319626268738
0.341999	26.6024062500005	9.0118104541105
0.342298	22.122709134615093	9.005216231337196
0.342596	26.34662259615368	8.953354225859654
0.342895	12.173362980769298	9.276907311983647
0.343194	17.030566105769296	8.849158309665423
0.343492	19.539164663462216	9.288605389058617
0.343791	18.14804447115499	9.066667524985336
0.344089	21.033444711538607	9.16484116034716
0.344388	32.34763100961544	9.384821769123613
0.344687	8.957258413461844	8.86621612464395
0.344985	33.59683533653843	9.342992694859875
0.345284	16.430246394231318	9.021517250606554
0.345583	22.929413461537962	9.19138830903802
0.345881	38.83976081730829	9.264467597190066
0.34618	19.214651442308295	9.02665154572624
0.346479	18.586145432693257	9.354779542492155
0.346777	20.121555288462645	9.052330854246696
0.347076	12.513771634615267	9.291814241997134
0.347374	24.017146634615827	9.277506194878903
0.347673	15.044700721154314	9.25442504199917
0.347972	16.909715144230475	9.58066466181242
0.34827	23.513870192308772	9.209759827384618
0.348569	27.2234639423079	9.522091357203525
0.348868	12.981883413461048	9.368371197250685
0.349166	19.20124519230768	9.54607103365905
0.349465	20.247016826924025	9.778779615400262
0.349763	24.40206490384611	9.315832481762095
0.350062	7.062652644230738	9.864621658742772
0.350361	25.48838100961497	9.435154466646368
0.350659	-6.086930288461545	9.90062835510219
0.350958	7.075050480769818	9.729005186324517
0.351257	13.130512019230522	9.76255781153147
0.351555	13.746520432692222	10.133054774849699
0.351854	15.218829326923	9.63418100830489
0.352152	9.59101201923147	10.183640511157055
0.352451	32.49046754807665	9.83732262319747
0.35275	14.347597355770247	10.098480069186852
0.353048	28.362337740385257	10.428052417712262
0.353347	23.78600480769215	9.76564814663662
0.353646	23.173276442307866	10.445688482900845
0.353944	12.582871394230821	10.001334755576266
0.354243	13.030579326922975	10.394430836918636
0.354541	23.077426682692348	10.44949890054707
0.35484	14.428609375000079	10.286339989063851
0.355139	23.16488341346208	10.765793987281539
0.355437	15.14307572115463	10.164725382486052
0.355736	14.691749999999715	10.831091639314366
0.356035	9.451983173076428	10.501676502446148
0.356333	24.157867788460408	10.705046603550063
0.356632	1.931128605769672	11.09311741237148
0.356931	15.625900240384638	10.432069407913533
0.357229	12.680605769230269	11.061055247798704
0.357528	23.96325000000097	10.723071151836699
0.357826	21.477006009614996	11.12835246737934
0.358125	18.017897836537955	11.263920482984789
0.358424	15.542999999999552	10.747969304059081
0.358722	11.221622596153935	11.571392639375482
0.359021	8.224575721153826	10.900623165855501
0.35932	33.194224759614954	11.530447920974394
0.359618	9.73254687500038	11.336565078108423
0.359917	35.179762019231475	11.354247286759534
0.360215	21.611310096153957	11.931799721958537
0.360514	24.593801682692273	11.19092637018628
0.360813	15.4236790865383	11.91246370876146
0.361111	28.32905288461518	11.47925321105998
0.36141	30.943959134615184	11.829125588504102
0.361709	-6.214271634615187	12.471089625564156
0.362007	26.221162259615483	11.408005476525064
0.362306	11.733855769230672	12.379481581667374
0.362604	29.390599759615554	11.764267644134003
0.362903	26.434390624999793	12.397531625313075
0.363202	19.62096995192333	12.387410083488595
0.3635	17.221443509615852	12.186868726148566
0.363799	8.5504891826929	12.908606043046175
0.364098	31.29864663461568	12.056557640758173
0.364396	45.03249999999994	12.987934864843176
0.364695	0.4006310096158927	12.566332138188043
0.364993	-8.326893028847238	12.82427601177549
0.365292	25.920605769231386	13.636263824276803
0.365591	22.48505769230782	12.31439909721607
0.365889	19.13921754807717	13.625819990282482
0.366188	22.063211538461047	12.902682028055995
0.366487	13.098235576923045	13.454920262700481
0.366785	14.486544471153806	13.78083089702308
0.367084	32.707670673077516	13.13210594820115
0.367382	20.453366586538024	14.350962961216155
0.367681	32.56239182692333	13.174613281712624
0.36798	14.57952043269195	14.322988388702395
0.368278	5.957599759614851	13.995038051542007
0.368577	-4.19553004807689	14.114720223579772
0.368876	18.289420673077217	15.214185788089916
0.369174	18.496260817308396	13.526286530417329
0.369473	-10.462175480769176	15.28449131659678
0.369772	28.769049278846737	14.11364352602192
0.37007	5.364062499999989	15.231102196578938
0.370369	9.25310576923053	15.974789493243923
0.370667	15.23893749999985	14.14709087890597
0.370966	10.698752403845901	16.099771956673806
0.371265	24.065986778846238	14.889462449848592
0.371563	31.53518149038419	15.989039196398444
0.371862	27.805618990384318	16.024680890619948
0.372161	33.0094314903846	15.444138093880172
0.372459	22.383432692308247	17.599856639286774
0.372758	27.13038461538453	15.136759334271844
0.373056	22.700554086538816	17.504747179080283
0.373355	39.12238942307695	16.29637983981698
0.373654	9.197009615385099	17.020725117644552
0.373952	-1.7683161057689745	19.287932186780086
0.374251	29.621510817307595	15.726870703309512
0.37455	24.651257211538535	19.216206892799097
0.374848	47.21880769230786	16.891875775971226
0.375147	18.870894230769153	18.87181531151842
0.375445	-8.878878605768747	18.88384478898282
0.375744	16.54077163461558	17.99616572197091
0.376043	30.32592908653875	21.212181999355607
0.376341	29.147348557692254	17.472945464089612
0.37664	20.233397836538458	21.50861420371808
0.376939	18.900229567307747	19.55553469745676
0.377237	20.206316105769773	20.56352370584904
0.377536	18.08561057692266	24.35081858563519
0.377834	24.64425480769279	18.628863639313458
0.378133	-3.0746382211546575	24.61326118648343
0.378432	20.329210336537784	20.153607203065498
0.37873	43.69710697115323	24.30011009552933
0.379029	-37.119128605768736	25.828771645801957
0.379328	10.024959134615585	21.248438799548122
0.379626	16.93941466346125	29.305747952974748
0.379925	7.523823317308853	21.865794534120482
0.380224	47.55363221153921	29.912218207694703
0.380522	18.267697115384962	25.044584077824627
0.380821	26.05926081730736	28.61520821788794
0.381119	3.563348557693047	34.543441676819505
0.381418	-38.0192247596149	25.431252814182216
0.381717	45.99213461538447	37.3724901311599
0.382015	-15.10565024038435	27.987006290335437
0.382314	32.22826562499961	41.49796512829642
0.382613	-55.695765625000604	43.33819312963965
0.382911	17.27129687499982	32.63854609781392
0.38321	0.	0.
0.383508	44.499550480768946	38.302233522176685