0.00476754	807.3672811063079	252.93060027153288
0.00506427	336.2391705068512	166.31631953773845
0.00536101	501.7543778801519	123.20067161142967
0.00565774	810.8594470046592	107.65335844706019
0.00595448	770.8423963134192	89.571148079079
0.00625121	665.6103225807055	82.90285156465238
0.00654794	773.2028110599367	71.31570227481038
0.00684468	827.339585253485	64.93382982354363
0.00714141	756.0308294930837	58.94423625020336
0.00743815	812.764285714311	51.56467383809329
0.00773488	753.0366359447089	48.99842482089615
0.00803162	808.8116589861556	43.1091528392814
0.00832835	764.2923041474387	39.67297278383083
0.00862509	807.3211520737232	36.77383589717814
0.00892182	750.8197695852641	33.18179443369275
0.00921856	717.1024423962945	31.364691832406912
0.00951529	763.0403225806435	28.143085058194487
0.00981202	775.1400921659069	26.608156070854392
0.0101088	689.0637788018512	24.346922647009837
0.0104055	733.4292626727984	23.029108133894375
0.0107022	781.2095852534458	21.779705395487564
0.010999	721.9769124423942	19.817814467237255
0.0112957	755.6397649769565	18.950606242909732
0.0115924	759.4134562212048	17.65405832297907
0.0118892	725.6335161290406	17.303995804186115
0.0121859	710.4145069124365	16.16287870289089
0.0124826	739.896778801841	15.512677550368211
0.0127794	700.9671566820316	14.988811276364588
0.0130761	726.0922211981529	13.91488797471052
0.0133728	701.9527741935497	13.583416433582926
0.0136696	687.5147834101369	12.836570061981133
0.0139663	678.3876082949354	12.506575880258719
0.014263	696.8256543778824	12.073603996816246
0.0145598	688.3700506912447	11.268765834413218
0.0148565	697.2470230414746	11.344032871629931
0.0151532	687.8227834101335	10.578635502187016
0.01545	677.5810092165938	10.420985880390614
0.0157467	662.6550552995417	9.973641128998192
0.0160435	652.0833410138243	9.557443274662242
0.0163402	648.0168525345613	9.513398344326939
0.0166369	642.100317972351	8.894782966100106
0.0169337	631.5066589861751	8.939055723965694
0.0172304	640.80207373272	8.528823856048106
0.0175271	648.1888709677435	8.307507260720403
0.0178239	627.3781474654373	8.228046932102078
0.0181206	629.417345622121	7.838528332498978
0.0184173	621.0800967741945	7.743393157567935
0.0187141	628.0900552995386	7.52087016923627
0.0190108	596.8058387096769	7.437488600548513
0.0193075	600.2433317972341	7.2173079144595365
0.0196043	592.1912304147477	6.927710526163144
0.019901	584.8516866359446	6.996098820666
0.0201977	586.8864654377896	6.752231616910074
0.0204945	580.2562258064527	6.632908848014232
0.0207912	568.0137281106001	6.478382617885092
0.0210879	569.0705069124417	6.323619881063503
0.0213847	560.2775391705065	6.30536589925742
0.0216814	559.6865898617525	6.0792433288542975
0.0219781	557.4896589861746	6.059492408437276
0.0222749	544.6254101382488	5.908823862806469
0.0225716	538.1665898617501	5.858523683371029
0.0228683	535.8207972350224	5.73965465394649
0.0231651	529.6692949308767	5.601548305739339
0.0234618	534.188221198158	5.596211268192217
0.0237586	525.1265437788015	5.410221891727582
0.0240553	513.1010875576043	5.4353498737010675
0.024352	516.974769585254	5.348821790742429
0.0246488	507.61854838709723	5.228275049927973
0.0249455	504.45168663594404	5.221633744643189
0.0252422	485.7959216589873	5.05477196163531
0.025539	487.4874608294938	5.066345961761678
0.0258357	485.3628525345633	4.952535928371741
0.0261324	481.3411336405518	4.932013071969198
0.0264292	472.8152603686634	4.876021816868022
0.0267259	472.08775437788063	4.78727811952532
0.0270226	460.9322880184344	4.789095413245615
0.0273194	457.9640216589857	4.673188799759635
0.0276161	450.079256682028	4.635559728564351
0.0279128	445.3164645161287	4.723346704068867
0.0282096	444.9680539170501	4.744002542836905
0.0285063	439.04618755760424	4.833376641934561
0.028803	438.27071152073785	4.7443016202385895
0.0290998	430.40892165898526	4.818596594206121
0.0293965	430.90792764976896	4.823728711309882
0.0296932	429.29446405529904	4.830141083682991
0.02999	414.7062013824882	4.830379032950447
0.0302867	418.4776313364067	4.693841439060645
0.0305834	398.2502967741932	4.775754173531488
0.0308802	391.94663548387143	4.668887899295447
0.0311769	393.16105576037046	4.8295457086283795
0.0314737	392.56469585253467	4.97769330864025
0.0317704	389.4789216589865	4.987493726076258
0.0320671	393.1151207373267	5.143381638265274
0.0323639	373.8141165898629	5.021861099628169
0.0326606	365.53581705069166	5.221899620033121
0.0329573	385.6815396313373	5.134729592390327
0.0332541	369.6727239631342	5.178408424587725
0.0335508	358.04260184331827	5.266105570827618
0.0338475	356.6866847926258	5.1157889495966735
0.0341443	349.12624838709746	5.213951730123573
0.034441	350.0257658986185	5.126008672564855
0.0347377	345.8545317972347	5.198733792572566
0.0350345	335.8730193548389	5.21617387555321
0.0353312	335.9567221198149	5.091850528810024
0.0356279	337.18204700460876	5.288097809263752
0.0359247	333.51187557603765	5.119156609374334
0.0362214	322.6924373271886	4.897519857740082
0.0365181	321.34909124423984	4.796296793774563
0.0368149	322.0154133640558	4.635624208064768
0.0371116	311.61533179723517	4.694014399336012
0.0374083	315.9096723502313	4.436243126318775
0.0377051	315.73217373271973	4.459951296709538
0.0380018	305.30025622119837	4.383610349757021
0.0382985	314.3256313364059	4.4333230718865435
0.0385953	300.6736894009222	4.391753345479174
0.038892	302.71573502304204	4.316714527359643
0.0391888	292.78948064516226	4.372935464157374
0.0394855	293.9329764976951	4.279627856387256
0.0397822	287.0946230414738	4.278374163471154
0.040079	285.57201797234984	4.254947789341921
0.0403757	280.0552631336403	4.233558337002743
0.0406724	280.8368285714283	4.236677233230449
0.0409692	275.5442345622123	4.194199653318505
0.0412659	273.3284917050686	4.169436055963196
0.0415626	267.4424216589867	4.110180949116698
0.0418594	271.5464880184331	4.167364737742292
0.0421561	258.8933534562216	4.135384154178935
0.0424528	270.4883502304145	4.09350194726037
0.0427496	259.87910552995487	4.0896102374994925
0.0430463	263.014580645161	4.026943532069126
0.043343	253.3033184331795	4.0720776406647685
0.0436398	258.65500552995456	4.00437633387974
0.0439365	248.3082184331785	4.014060533551037
0.0442332	252.58323917050646	4.003746782768703
0.04453	241.88702073732713	3.993177233077877
0.0448267	235.74411612903134	3.9745319448371035
0.0451234	237.06592350230395	3.9375654139781644
0.0454202	240.9793967741929	3.929782372506378
0.0457169	235.55773686636016	3.937977244411977
0.0460136	223.6136525345627	3.904839409917735
0.0463104	230.2711331797228	3.8877229470637795
0.0466071	230.84884930875447	3.87023952020147
0.0469039	218.82445437787894	3.872597207067035
0.0472006	218.8997216589864	3.8608744671251043
0.0474973	215.2850055299541	3.8336359443986496
0.0477941	215.5009262672806	3.8577428276300445
0.0480908	214.5251290322568	3.8049708675536653
0.0483875	214.45650184331825	3.814437834804037
0.0486843	213.07459493087592	3.8024089370732024
0.048981	205.97362626728142	3.7275241413525393
0.0492777	202.71962350230496	3.7581332507609977
0.0495745	200.94731244239668	3.7758619777780065
0.0498712	206.029017050691	3.754098248943319
0.0501679	199.8742147465444	3.7169986316969252
0.0504647	201.5855493087554	3.680601754701475
0.0507614	202.65336451612924	3.725028276109445
0.0510581	200.7069396313365	3.7016183301098993
0.0513549	195.39836497695873	3.693733893110731
0.0516516	192.4226350230427	3.662670263671747
0.0519483	187.74641474654373	3.668930465623135
0.0522451	189.89230967741875	3.6460291836900547
0.0525418	183.42796820276462	3.61384714797665
0.0528385	185.4411170506924	3.6394554530740537
0.0531353	180.14057649769626	3.607745237324469
0.053432	178.3578880184328	3.650118422152096
0.0537287	177.96015714285687	3.595459339813233
0.0540255	172.9687290322579	3.5903393674594364
0.0543222	175.46422857142773	3.5649411158320747
0.0546189	176.73648525345612	3.5573650292060353
0.0549157	167.76001336405542	3.590713597058821
0.0552124	169.43108847926297	3.5322157090608712
0.0555092	167.45913317972324	3.5304225503753504
0.0558059	161.44898525345639	3.512355366224912
0.0561026	165.17920967741972	3.53015665412364
0.0563994	159.25420276497732	3.512482183860677
0.0566961	162.50027373271877	3.46872905434161
0.0569928	156.05540092165853	3.5061126502170605
0.0572896	160.26150276497674	3.49399808508562
0.0575863	154.84302442396285	3.431090065634522
0.057883	158.01074331797304	3.4661963357876995
0.0581798	151.5400304147461	3.420310895621864
0.0584765	153.2868101382491	3.459426670694182
0.0587732	152.33327557603673	3.4152880810176085
0.05907	145.29598525345605	3.430914964353106
0.0593667	147.69379447004616	3.3938977574114033
0.0596634	147.92170322580597	3.387575091609766
0.0599602	147.8687626728113	3.3957044263876868
0.0602569	146.50310737327197	3.355764001334462
0.0605536	139.64651843318	3.3894302488858945
0.0608504	142.74106082949302	3.3713956433423786
0.0611471	139.6008930875577	3.3719436072985927
0.0614438	134.45861981566856	3.3485432102252335
0.0617406	133.33579493087564	3.3157916327331667
0.0620373	135.43836728110563	3.3484544830146845
0.062334	130.51514930875578	3.3152926449778826
0.0626308	138.4866548387095	3.334566679561765
0.0629275	133.00242350230477	3.314583838041776
0.0632243	130.11910506912415	3.289754213785234
0.063521	128.13425299539205	3.3117075399623994
0.0638177	128.49837741935494	3.2572230772396864
0.0641145	133.59593640553	3.2909021721928866
0.0644112	133.7330046082949	3.256671504499462
0.0647079	133.25896682027627	3.2824626871999776
0.0650047	125.32087972350247	3.254319137071777
0.0653014	122.01453686635993	3.235265806518415
0.0655981	119.10429078341025	3.2461563827878184
0.0658949	117.40001290322539	3.231146272739781
0.0661916	123.3824027649765	3.228776558416503
0.0664883	115.78492672811024	3.2586361514647604
0.0667851	114.16599585253458	3.1739392710767826
0.0670818	122.26940829493032	3.2013728323189623
0.0673785	112.45906221198204	3.1786561943659692
0.0676753	112.05206405529978	3.2117809616097324
0.067972	112.83794838709674	3.197274431925631
0.0682687	114.03660921658997	3.1705382296226765
0.0685655	110.60984700460907	3.2023187321374027
0.0688622	110.59629861751098	3.134725920617551
0.0691589	110.8230138248851	3.1670520445678574
0.0694557	102.36943548387174	3.1369314990449757
0.0697524	111.08590046082924	3.1560498370807353
0.0700491	103.67100691244204	3.176937673903764
0.0703459	100.314616129032	3.105693060061734
0.0706426	106.72855898617534	3.123619234448988
0.0709394	108.7480092165903	3.1092780353931264
0.0712361	104.6107866359447	3.11051648093263
0.0715328	104.06726958525368	3.118574045528218
0.0718296	98.49908847926287	3.096045062387828
0.0721263	100.41188064516092	3.108588935661063
0.072423	106.07825529953914	3.076868631307398
0.0727198	103.16152350230382	3.0909249950005306
0.0730165	96.03975576036895	3.064324199899723
0.0733132	100.29978709677408	3.070128365444611
0.07361	92.08518986175122	3.0757385125633268
0.0739067	93.62606221198163	3.0541783607071586
0.0742034	97.08881797235009	3.0599346996468006
0.0745002	87.07141612903264	3.0057508563251605
0.0747969	94.39287649769639	3.046504136463902
0.0750936	90.02323317972355	3.06081366662064
0.0753904	96.16366221198142	3.0339831220406057
0.0756871	92.81272534562206	3.0374483251788806
0.0759838	90.50980921659011	2.9914609519269786
0.0762806	93.5927267281103	3.01964779464128
0.0765773	87.8872732718898	3.0116023621262076
0.076874	93.10590599078353	2.9757734849900426
0.0771708	85.69426129032259	3.0230102637952787
0.0774675	88.08537050691235	2.978136872156282
0.0777642	82.61385299539221	3.0003955397960422
0.078061	86.22866866359438	2.9682985186998354
0.0783577	82.60653133640538	2.9701944560499696
0.0786545	82.77058248847986	2.9840272498793117
0.0789512	82.75002119815682	2.9452013456027446
0.0792479	85.8489207373271	2.9929454852578186
0.0795447	76.13739262672837	2.9159469293764366
0.0798414	82.2242525345618	2.9443725417681135
0.0801381	84.58917557603655	2.947525583896981
0.0804349	81.6305235023038	2.9403012913240056
0.0807316	84.3858552995384	2.9324048635323265
0.0810283	78.49943548387145	2.927511355358469
0.0813251	80.85101152073705	2.912766215999422
0.0816218	75.63474930875557	2.9132266253433325
0.0819185	78.22432073732706	2.903368222885075
0.0822153	73.98808248847907	2.922639308659676
0.082512	75.50384055299538	2.883009843404782
0.0828087	74.48406866359463	2.9156764060808626
0.0831055	72.88431981566845	2.8873773355099743
0.0834022	75.57159723502366	2.8901591464492524
0.0836989	74.54602350230438	2.8785087968955136
0.0839957	71.9553423963135	2.8514363170698838
0.0842924	75.33989354838745	2.8966195219911937
0.0845891	69.33512211981565	2.854002374852024
0.0848859	71.30385944700514	2.8816615993700325
0.0851826	69.26239493087465	2.824234216450108
0.0854793	68.94862718894004	2.851518539977254
0.0857761	69.33923133640526	2.8539631723179344
0.0860728	70.96132718893983	2.8321437635810924
0.0863696	64.94205668202753	2.8552921548071333
0.0866663	67.88264838709665	2.826596739926526
0.086963	70.15149907834129	2.816801272273455
0.0872598	66.75500230414748	2.8415854762941084
0.0875565	67.58787972350227	2.8050046736884284
0.0878532	67.98623870967702	2.830449491735116
0.08815	65.19149124424004	2.791955049362113
0.0884467	66.39872811059888	2.8048665026048596
0.0887434	64.52630967742031	2.7914038560673804
0.0890402	62.74566589861806	2.7864586647367022
0.0893369	65.43358018433175	2.805838604842969
0.0896336	63.52120184331824	2.769618941872055
0.0899304	68.46446497695808	2.8105693220942287
0.0902271	64.88768709677416	2.775710093071182
0.0905238	61.136495852534054	2.7653901324547316
0.0908206	61.234447926266995	2.7761703300242773
0.0911173	60.74939308755731	2.743361661601878
0.091414	62.23068156681968	2.76084713499545
0.0917108	57.87215207373251	2.761502582301736
0.0920075	63.961094009215955	2.754450683766305
0.0923042	58.01535345622064	2.756558976789848
0.092601	60.435790783410326	2.714945896507772
0.0928977	61.79861382488383	2.7482723911968954
0.0931944	60.39417603686687	2.724530680216388
0.0934912	52.80289539170468	2.734674042386759
0.0937879	55.611203225806634	2.725630564042616
0.0940847	61.12832027649816	2.8082866102972974
0.0943814	59.47096820276563	2.8828005392053258
0.0946781	53.49895576036907	2.8888908589154005
0.0949749	57.68306221198195	2.944781606840089
0.0952716	51.32680599078327	2.9284338215326016
0.0955683	52.737783410138874	2.9593570397335656
0.0958651	55.36941566820275	2.972961194152366
0.0961618	50.718770506912776	2.9465215611946007
0.0964585	52.28376267281135	2.9908673096332046
0.0967553	53.41718433179629	2.9729166058401164
0.097052	49.426713824884914	3.0134479225024147
0.0973487	52.84043410138224	3.0075636860967614
0.0976455	52.22751658986134	2.993331679580947
0.0979422	52.591167281106124	3.0144727858778366
0.0982389	53.22014930875632	2.9816885765040015
0.0985357	52.58093317972346	3.066629701968874
0.0988324	51.21566451612935	3.0098650016750814
0.0991291	51.96311152073811	2.926287620404371
0.0994259	49.8691645161292	2.8708174478092867
0.0997226	50.80145391705102	2.7971687017704245
0.100019	47.220997695852276	2.827043109527734
0.100316	47.55627880184328	2.767517575014695
0.100613	45.55394976958503	2.7862017120287685
0.10091	46.349447465437734	2.766337914800147
0.101206	49.27583594470008	2.7505235392260694
0.101503	47.868532718894414	2.759787930495715
0.1018	44.80324239631322	2.7368340926812387
0.102096	48.809643778802254	2.7371765863371165
0.102393	50.0436165898617	2.721768657656159
0.10269	40.36679216589924	2.6947019794218408
0.102987	48.98706958525359	2.7309328816438474
0.103283	42.14508525345579	2.6740513816714193
0.10358	43.69860230414773	2.7089333048285376
0.103877	48.573379723502015	2.6931430783597374
0.104174	40.78111981566799	2.678344487947774
0.10447	45.80568018433155	2.6932306624309885
0.104767	46.65055115207437	2.670264242281205
0.105064	42.22293963133623	2.680050770356328
0.105361	40.50066958525342	2.645918469608271
0.105657	43.75398294930868	2.665234291344535
0.105954	41.37270092165927	2.6487915300393183
0.106251	39.03552857142898	2.660357748397523
0.106548	47.809675576037236	2.637847618164395
0.106844	44.5361958525352	2.6136292052215007
0.107141	44.588289861750354	2.642081537225599
0.107438	40.99754009216589	2.636226006753938
0.107734	44.82270092165933	2.616403223744336
0.108031	42.12746635944697	2.6288148128230446
0.108328	44.43677695852486	2.596535400479571
0.108625	41.178784792627	2.6275769982412096
0.108921	41.73258801843332	2.590865897501456
0.109218	41.62179308755782	2.6012523616347445
0.109515	39.76021198156744	2.597113057863417
0.109812	39.44450184331821	2.5736613313307637
0.110108	36.967283870967265	2.6091881537393666
0.110405	38.6624248847923	2.56639156830694
0.110702	41.31198940092162	2.57436795324903
0.110999	39.40431705069152	2.5783153386543662
0.111295	43.07027511520708	2.571884335227144
0.111592	41.658603225806274	2.5828336719559943
0.111889	36.81825115207381	2.5499743179242738
0.112185	41.492329032258226	2.5537111459535784
0.112482	35.550806912442425	2.5531071748050755
0.112779	37.36666451612898	2.5402489770270122
0.113076	34.819655760369415	2.547706718270015
0.113372	40.126316129032276	2.5398394886966544
0.113669	37.233377880184406	2.540450534808708
0.113966	37.669230875576005	2.5260982084406725
0.114263	36.972966820276696	2.545462419298636
0.114559	29.903730875575718	2.511474673473517
0.114856	36.39058894009267	2.5229432467078663
0.115153	30.575795391705256	2.5326018734518803
0.11545	35.09682165898589	2.4979232031656586
0.115746	38.358938709678014	2.5257736188237665
0.116043	36.567018433179825	2.489670898064157
0.11634	32.96407235023004	2.5181045855381567
0.116636	35.06123133640564	2.5081835958359147
0.116933	34.387678341014336	2.483236081292854
0.11723	36.042503686635854	2.4987912685730707
0.117527	36.30291566820269	2.480796219556587
0.117823	36.57442995391776	2.4887653095678663
0.11812	33.045767281105896	2.482828631178545
0.118417	35.08761612903221	2.471552794975698
0.118714	32.92383179723508	2.4991559251549873
0.11901	36.47396682027697	2.4538753696399684
0.119307	35.45812811059946	2.4819345067133476
0.119604	36.31977419354811	2.4616978497019417
0.119901	34.76612672811072	2.4613187731339683
0.120197	33.18846036866425	2.4682198631524663
0.120494	33.83549400921609	2.429278704386868
0.120791	34.111547465437724	2.459502878329811
0.121088	29.366492165898492	2.447238957218212
0.121384	33.456222580645374	2.4585998199754657
0.121681	31.13740737327241	2.432218982745919
0.121978	32.3796778801843	2.4275763387710825
0.122274	34.51881428571397	2.440366458168196
0.122571	34.31942718894035	2.431916852869531
0.122868	29.576626728110043	2.4335105536837967
0.123165	29.32075069124423	2.43578478773399
0.123461	28.7516566820279	2.4078937897945405
0.123758	29.788335944700535	2.4334008578027007
0.124055	31.295572350230714	2.394938208278891
0.124352	26.961865437787722	2.419926375359028
0.124648	29.243880184331843	2.4048913558143132
0.124945	31.531489400921586	2.4137012726980336
0.125242	31.43954516129085	2.4022888676243355
0.125539	30.32833732718892	2.388426899486417
0.125835	27.902690322580384	2.405270976092457
0.126132	29.466117511520906	2.3879387614424177
0.126429	32.128127188940425	2.4014284661997665
0.126725	30.472246082949113	2.3858462284343296
0.127022	26.931539170506653	2.385475152210219
0.127319	28.22725668202729	2.3852613205656654
0.127616	27.303860368663564	2.358801999985581
0.127912	26.79966175115169	2.3836824118469684
0.128209	30.41912764976921	2.3764244670710863
0.128506	27.396276036866638	2.3673424994964773
0.128803	29.55415622119908	2.3905929338208236
0.129099	33.56644055299533	2.3407231838160167
0.129396	28.75269447004598	2.3687293780697773
0.129693	25.67134884792587	2.3469612102474477
0.12999	33.68270092165872	2.35929335137775
0.130286	29.49656129032313	2.361998021766833
0.130583	27.06792211981565	2.345380653358036
0.13088	27.00744884792627	2.341409595180858
0.131176	27.137773271889643	2.3384286496358513
0.131473	26.708483870967683	2.344182444367352
0.13177	24.92385345622118	2.337452952297757
0.132067	28.213556221198104	2.3415792553732264
0.132363	27.49983364055275	2.3403866353503333
0.13266	26.227112442396603	2.31964172187312
0.132957	30.648064055299287	2.3196727172453966
0.133254	26.10380276497665	2.326212929194478
0.13355	20.513925345622113	2.324277137829169
0.133847	26.625961751152616	2.325325664215082
0.134144	24.21508064516118	2.319782229912673
0.134441	23.60559308755775	2.3245817014203376
0.134737	26.3199460829491	2.3961576397122903
0.135034	26.355519354838677	2.4308494080957583
0.135331	23.846076036866748	2.459272916767547
0.135627	27.636381105990893	2.499844867929545
0.135924	27.625878801843484	2.4989789162636247
0.136221	29.630939170506565	2.5187191919466847
0.136518	28.486287096774774	2.5232547882826846
0.136814	25.864698617511124	2.4572625707843816
0.137111	27.665735023041336	2.432721274037952
0.137408	26.76640921658965	2.4047345943282963
0.137705	25.41043456221196	2.3848172033752695
0.138001	24.031742857143144	2.356496129497182
0.138298	26.95613179723466	2.3391180208321622
0.138595	24.42524009216605	2.3230349031596624
0.138892	18.901170506912592	2.3103939089009797
0.139188	23.65396082949289	2.2846317966728753
0.139485	23.25846682027631	2.2920618817052167
0.139782	25.982007373271756	2.2662102322459723
0.140079	20.161851152073993	2.2772702875485034
0.140375	19.74550046082946	2.279534301245581
0.140672	24.8007179723502	2.2865010295847252
0.140969	20.970140552995318	2.3001881764326817
0.141265	23.828932258064626	2.2771719496985967
0.141562	24.689509216589514	2.2867482373285846
0.141859	25.109043317972848	2.2604206578790156
0.142156	19.82162396313349	2.271135097820985
0.142452	20.995408755760465	2.285559195592304
0.142749	25.52504423963171	2.2604535430230874
0.143046	22.569362672811195	2.273164982637488
0.143343	24.202298156681223	2.2508980744176434
0.143639	22.21991658986198	2.256585534238707
0.143936	26.83307281105975	2.260396814166953
0.144233	21.764629493087284	2.2512355692817247
0.14453	26.056322580645244	2.2608592637863785
0.144826	19.43150552995455	2.228499311457917
0.145123	25.882012903226155	2.254142932226985
0.14542	19.7752497695852	2.228689171574786
0.145716	19.810431797234997	2.2403530818868176
0.146013	23.043224884793148	2.243459517290135
0.14631	22.091634101382667	2.2199227050604957
0.146607	20.890576036866477	2.2436605147417588
0.146903	24.266484792626528	2.2221727126714597
0.1472	21.271686175114723	2.2261217391553076
0.147497	23.222070046083374	2.2172145580617846
0.147794	21.21819723502327	2.219589440427047
0.14809	23.06671474654422	2.219125869447171
0.148387	22.286929953917536	2.21018039477145
0.148684	21.66376774193523	2.207728713568376
0.148981	25.270323502304066	2.2073152101554534
0.149277	19.129620276497903	2.1927878509415284
0.149574	19.942394470045244	2.223888047711223
0.149871	20.677390322580678	2.18662313918204
0.150167	21.03099861751147	2.2001577145637317
0.150464	17.438153456221315	2.1967391747701477
0.150761	19.28523824884749	2.187067851497508
0.151058	20.105676497696052	2.1844678322602804
0.151354	21.57318894009208	2.1889104670719775
0.151651	23.248397235023006	2.19274573475726
0.151948	16.586028110599287	2.1758817324532016
0.152245	20.8273903225799	2.182216642086246
0.152541	19.51581520737342	2.182241413664448
0.152838	22.53878847926245	2.1703892479741094
0.153135	19.999079723502575	2.1797006222692907
0.153432	19.498297235023472	2.1608113451087165
0.153728	23.71565760368675	2.1712932818257884
0.154025	22.60799861751117	2.167413012850851
0.154322	21.80459953917108	2.159324094647435
0.154619	19.80085023041461	2.1626130233212373
0.154915	20.319757603686526	2.1514248521930943
0.155212	15.693452995391795	2.169290176588687
0.155509	13.653121198156626	2.1439588250655097
0.155805	18.382653917051	2.1585465311444363
0.156102	20.04467235023128	2.1434915069042115
0.156399	22.530804608295014	2.142314011780093
0.156696	17.368463133640617	2.1504222803067514
0.156992	19.582280184331537	2.1903270505880927
0.157289	20.068088940091826	2.249721515819562
0.157586	19.980358525345636	2.255263569536639
0.157883	19.65325023041487	2.2780442339812783
0.158179	15.835544700460531	2.285999930420078
0.158476	17.531110599078517	2.267934640338768
0.158773	18.252342857142878	2.3057184053454955
0.15907	17.30907004608298	2.290842072067121
0.159366	18.003111981566562	2.306422475078883
0.159663	19.882007834101643	2.3276057154103014
0.15996	14.887477880184576	2.3004465938734997
0.160256	14.696529032258567	2.3371629163312284
0.160553	20.33416497695896	2.313780668520473
0.16085	15.160929953916948	2.3412501834997923
0.161147	22.742529493087602	2.328555791191811
0.161443	21.25637926267295	2.3433354410936467
0.16174	18.15657972350259	2.3651605801388063
0.162037	17.03395714285641	2.255592085825745
0.162334	15.74451428571436	2.238811617686243
0.16263	20.225621198156745	2.219642428824053
0.162927	19.011459447004313	2.2169472176521317
0.163224	14.41905944700487	2.2044114138203637
0.163521	15.848269124424093	2.1924705251879564
0.163817	15.805319354838758	2.192154745644382
0.164114	17.110332258064176	2.1713788453127663
0.164411	18.82197741935464	2.1698957754123143
0.164707	15.987448847926231	2.1695464358922796
0.165004	18.255283870967247	2.1530732133037596
0.165301	17.767662672811326	2.1602223793878914
0.165598	21.683709677419714	2.126549587220954
0.165894	15.335963133640504	2.146716067684621
0.166191	15.89010000000009	2.1244945080466375
0.166488	20.949007373271584	2.1407131708740326
0.166785	17.417645161289812	2.135893286608744
0.167081	15.572388940091884	2.1187476919447032
0.167378	15.871291705068558	2.1269758648831214
0.167675	17.285136866359707	2.1155634921176873
0.167972	12.480117511520419	2.1322876383807206
0.168268	18.83457834101435	2.1206270932672115
0.168565	14.102708294931432	2.1135604720519563
0.168862	14.882463594469186	2.13587948265462
0.169159	18.088433640552566	2.103318607351808
0.169455	20.096572350230062	2.117219952437249
0.169752	18.326731797234643	2.1037101410811285
0.170049	17.505104608294957	2.1036148537123034
0.170345	15.08893041474657	2.122574823929213
0.170642	18.090176958525745	2.087850602106074
0.170939	15.414230875576465	2.102429964538678
0.171236	16.97269170506935	2.078269437166513
0.171532	15.956897235023533	2.09629052536542
0.171829	15.37393594470096	2.0929293442990864
0.172126	16.001317050691384	2.086281814811076
0.172423	13.422146082949524	2.098214330096864
0.172719	15.414110599078583	2.073952824749525
0.173016	16.593696774193987	2.072036996302593
0.173313	12.5130419354835	2.0765814614894094
0.17361	12.88468571428524	2.0734094571839097
0.173906	16.311524884792945	2.0795048191054084
0.174203	17.207777419354855	2.070530257491537
0.1745	14.53180368663638	2.0618454881398054
0.174796	10.9834728110593	2.0541843853288433
0.175093	16.296813824885206	2.0638982904979932
0.17539	17.250118433179935	2.070559886283219
0.175687	19.265331797235277	2.0441380413117742
0.175983	19.551635483870697	2.0656264212501894
0.17628	16.332963133640774	2.048021044085334
0.176577	18.52000967741901	2.0570157904240025
0.176874	14.929267281106036	2.0369698616400047
0.17717	18.52940368663603	2.041679361621826
0.177467	16.429198156682432	2.062170438014966
0.177764	19.260681105990685	2.037715343545314
0.178061	14.893928571428248	2.046241273844929
0.178357	18.795009216589946	2.0132874559616765
0.178654	12.581295852534424	2.0381223234376558
0.178951	17.240641013825027	2.0474205859161185
0.179247	12.7660101382493	2.0204188881338023
0.179544	11.921433179723877	2.0380025510896265
0.179841	13.95876635944667	2.018370936590415
0.180138	14.342635483870652	2.024075796140678
0.180434	16.53389769585253	2.026328396148955
0.180731	15.74963686635968	2.006894465219328
0.181028	12.54308801843294	2.030587058030008
0.181325	12.545723963133426	2.0044853241046576
0.181621	15.478532258064703	2.022020997976634
0.181918	18.359898156682704	2.0035170440821335
0.182215	15.557172350230033	2.0047799913827533
0.182512	12.06735898617481	2.012674797614927
0.182808	10.2071691244236	2.0047643756958546
0.183105	15.092505990784062	2.00755275912582
0.183402	14.490650230415127	2.004845884343647
0.183699	15.644837788018222	1.9942250458265252
0.183995	9.981848847926003	1.9991775358335993
0.184292	14.450791244239909	1.98698254371105
0.184589	12.605469585253672	2.0014680779655873
0.184885	14.955572811059596	1.9875652541463078
0.185182	16.345440092166115	1.9930662295024044
0.185479	11.43433778801871	1.983060042767232
0.185776	13.978374654377888	1.9777205892370906
0.186072	12.716133640553196	2.000022030550852
0.186369	15.565319354839104	1.9674916239440443
0.186666	12.824901382488463	1.9834016423717769
0.186963	13.728791244240028	1.9721057123313013
0.187259	16.04185714285677	1.982501095181634
0.187556	8.477609216589315	1.9717491350889187
0.187853	13.882219354838483	1.963411311771621
0.18815	14.15307603686685	1.9747649333602015
0.188446	15.273348847926442	1.9647008979829341
0.188743	13.473853456221576	1.970453041095709
0.18904	11.564099539170272	1.9699997712946158
0.189336	13.93620276497714	1.950351983916431
0.189633	12.091976036866257	1.9687428287875646
0.18993	12.1545884792625	1.9465190152819978
0.190227	12.797843778801905	1.9652588734296614
0.190523	14.190037327188776	1.9590958695559113
0.19082	13.850977419354606	1.9513867518244372
0.191117	11.309281105991005	1.9573985125876407
0.191414	13.142637788017737	1.9364862482860206
0.19171	14.738567281106398	1.9590104421010421
0.192007	13.02842995391714	1.9397860970846925
0.192304	11.307506451612142	1.944434773007693
0.192601	12.530661751151868	1.9459953970302681
0.192897	12.334734101382736	1.9327558699939829
0.193194	11.524197235023124	1.9378598364139146
0.193491	12.107070046083166	1.9352352087316762
0.193787	10.2608894009213	1.939487551700843
0.194084	7.057919815668328	1.9337764554386192
0.194381	11.324418433179844	1.932334937281434
0.194678	13.186507834101278	1.9374880007171704
0.194974	16.71922211981581	1.9159990132795988
0.195271	10.775254377880472	1.9295024651200103
0.195568	10.832884331797317	1.9242968318772695
0.195865	12.465393087557217	1.9258319237320396
0.196161	10.263594930875612	1.9269495559840681
0.196458	12.18272211981592	1.9077645659806022
0.196755	13.819874654378168	1.9274723473022959
0.197052	15.221215668202532	1.9045958321495031
0.197348	16.376218894009327	1.9175611670688157
0.197645	13.022453456221257	1.9093400495862694
0.197942	13.429047004608066	1.9116111826707989
0.198238	13.242829032258143	1.9197679215356618
0.198535	8.922504608295512	1.8908268447635743
0.198832	12.047707834101544	1.9128827007718265
0.199129	14.792875115207309	1.899612127674553
0.199425	13.915993087557794	1.8980310468101032
0.199722	14.221617972350344	1.917318517118288
0.200019	15.091521198156457	1.8858178141716107
0.200316	12.893562211982115	1.9021457489754294
0.200612	12.870476036866734	1.8894477409730055
0.200909	9.43534055299537	1.8926370157283587
0.201206	9.608335483871357	1.9001657764785476
0.201503	10.999338709677033	1.883468693516474
0.201799	13.055091705069373	1.9004109873944095
0.202096	14.444869585253386	1.8788654968637428
0.202393	11.521949769585262	1.8843092743912977
0.20269	13.764452534562466	1.8804682579616734
0.202986	8.443658525345796	1.883694664755114
0.203283	11.037835483871064	1.892240429618265
0.20358	9.215576497696318	1.8753089599809405
0.203876	10.061101382488076	1.8754776965853819
0.204173	9.976525345622065	1.8768423414266433
0.20447	12.022137327188815	1.8704921680249187
0.204767	11.918058064515549	1.8758095591887491
0.205063	12.588767281105504	1.866311320150225
0.20536	15.149847004609	1.8778122773717114
0.205657	15.599483870967887	1.8663799033378934
0.205954	8.967838709677594	1.8689006299492352
0.20625	14.404136866358925	1.8554952966549518
0.206547	8.017652534561961	1.86714159147167
0.206844	10.303795852534705	1.8657962577489828
0.207141	11.923131797235058	1.848649196938589
0.207437	10.405591244239787	1.8662269833918828
0.207734	14.172717050690835	1.8322603300923865
0.208031	12.276673271889607	1.8515536340024998
0.208327	9.605323963133614	1.8522480818408664
0.208624	12.544697695852562	1.8409058679276133
0.208921	9.274562211981774	1.8540109018922521
0.209218	11.343356682027803	1.8333279832265315
0.209514	11.755338248847949	1.8396890384429694
0.209811	11.595326267280868	1.8420112081907551
0.210108	9.490597695852898	1.8278399446000675
0.210405	10.274965437787742	1.8487608517179532
0.210701	10.309880184331703	1.8260598988686505
0.210998	9.782375115206818	1.8485008686695694
0.211295	11.844156221197792	1.8271439932251696
0.211592	11.693512903225596	1.8347125733962915
0.211888	10.790320276498306	1.8444544270577636
0.212185	11.18834516129013	1.8223522826171283
0.212482	9.94768433179786	1.8439618756239358
0.212778	9.577237327189039	1.8246346108161349
0.213075	13.006476958525681	1.8300487974916682
0.213372	11.155405529953768	1.8297709789685093
0.213669	12.687957603686328	1.8196241378844284
0.213965	10.111341474653699	1.8254542659182635
0.214262	12.707519815668249	1.8193531833529157
0.214559	11.049336866359596	1.8274539161126817
0.214856	11.059770046082846	1.8194347049771151
0.215152	8.971616129032185	1.806785453537308
0.215449	10.196731797235259	1.8288978253932249
0.215746	10.90563548387145	1.8061930015908207
0.216043	10.53562488479237	1.8267670814021386
0.216339	11.523685253456435	1.8027676146277407
0.216636	12.799366359448001	1.8083496858811217
0.216933	8.290621198156813	1.8160789339350025
0.21723	10.093977880183829	1.7966244636469026
0.217526	7.460647004607921	1.8157879400662988
0.217823	6.229226267281405	1.794201267812755
0.21812	7.159469585254286	1.8123294065650633
0.218416	7.2909741935487205	1.8026588066599494
0.218713	9.895797695851982	1.7926153797305604
0.21901	7.3226322580644165	1.7989203719680102
0.219307	9.924931797235104	1.7962875949698438
0.219603	10.772473732718666	1.800416553814966
0.2199	9.840933640553118	1.8414634400439325
0.220197	12.326264516129228	1.8572208773071326
0.220494	11.070114285714325	1.8679177360481924
0.22079	10.084881566820272	1.8730743074981748
0.221087	13.031326267281216	1.8942327160995012
0.221384	11.464914285713874	1.8933409395582759
0.221681	7.906196313363907	1.898579899937725
0.221977	9.680571428571554	1.9039723294128899
0.222274	11.124445622119552	1.9062216982842772
0.222571	9.466523963133824	1.9110256042176896
0.222867	10.250754838710208	1.914356087634986
0.223164	9.665268663594233	1.915972575796949
0.223461	7.952984331798234	1.925825540473475
0.223758	6.597261751152459	1.9304838734913372
0.224054	7.803023041474688	1.9192396445894029
0.224351	8.372452995391555	1.9342930688808844
0.224648	8.606023502304154	1.9348931945733097
0.224945	7.300219354838475	1.917330856273691
0.225241	7.707037327188857	1.8859463369048322
0.225538	6.025914746543748	1.8813971898034674
0.225835	7.984954377879845	1.8644352001822413
0.226132	8.730253456221035	1.8680355596379297
0.226428	11.617814285714516	1.859670585887408
0.226725	11.515360829493062	1.8666671966590491
0.227022	8.790135944700808	1.852690258177718
0.227318	8.906346543779051	1.8586976880960244
0.227615	6.607689861751496	1.849747491275871
0.227912	9.459358525345962	1.83745944957603
0.228209	7.568998156682127	1.8535595385542343
0.228505	12.04376728110617	1.8365136729574152
0.228802	9.976724423963503	1.8472616121920373
0.229099	9.971380645161005	1.8375156260019174
0.229396	9.912116129031645	1.8337996517955004
0.229692	8.562428110599427	1.8558534692329582
0.229989	10.175691244239786	1.826601891711488
0.230286	8.601283870968004	1.8334587122226298
0.230583	8.272218433180285	1.8336341564155128
0.230879	10.645021658986025	1.8248430468543975
0.231176	9.949833640552512	1.8387242985822554
0.231473	8.674732258064708	1.8099966040062243
0.23177	9.607652534562305	1.8334137827666614
0.232066	5.467192626728092	1.824280230264947
0.232363	8.339549308755636	1.8230614680995307
0.23266	10.268850230414728	1.8276926001630132
0.232956	6.544024423963677	1.8194209412049474
0.233253	5.808836866359144	1.830820271595764
0.23355	8.56911152073728	1.8056321825924577
0.233847	6.366753456220806	1.8270693790414407
0.234143	11.5634889400922	1.8185911249295157
0.23444	6.704138709677778	1.8104271696060303
0.234737	8.569561290323122	1.825353829437083
0.235034	8.874641474654297	1.7997656393222499
0.23533	9.802476497695594	1.816020309465679
0.235627	9.457759447004861	1.8141058518025688
0.235924	9.913803686636129	1.8017371292380386
0.236221	9.327256682028278	1.8259065935817105
0.236517	7.036240552995494	1.8018130559960657
0.236814	7.287455299539474	1.8145416801388945
0.237111	7.411592165899492	1.8070041226718572
0.237407	9.146494930875448	1.8139028883087465
0.237704	8.963476497696092	1.8175315181803116
0.238001	7.639018894009055	1.7978333586780653
0.238298	7.396259907833667	1.8140419631189693
0.238594	10.279192165898934	1.7959108329188682
0.238891	8.599109677418753	1.8090306923315547
0.239188	8.9332285714287	1.8056953444634587
0.239485	6.824185714285278	1.8065663071875269
0.239781	7.108148387097373	1.8071477322912968
0.240078	12.902876497696028	1.7987171671019395
0.240375	9.452054377879904	1.8035551663546379
0.240672	6.92659631336447	1.7934051895959495
0.240968	7.044854377880441	1.799344658952059
0.241265	7.3896626728112835	1.810593036620504
0.241562	9.116706451613084	1.7904312117637953
0.241858	7.286782949309156	1.8068739503596578
0.242155	7.377188940092125	1.7935920977999416
0.242452	10.532947926267227	1.7929193051539087
0.242749	8.50004746543803	1.7967687549921565
0.243045	7.1613635944702025	1.7922805332902152
0.243342	11.07379539170502	1.8014637692168398
0.243639	7.931631797234715	1.7887400462043652
0.243936	4.1801677419357475	1.7963405338928258
0.244232	6.797027649769305	1.79011115910725
0.244529	8.501991705068974	1.7973958711274056
0.244826	10.575261290322686	1.790144032955631
0.245123	5.251271889401181	1.7857888696602193
0.245419	8.18824147465449	1.7932682018449047
0.245716	10.164230414746669	1.7904548169687768
0.246013	8.075822119815754	1.7860580230921155
0.24631	6.47087419354861	1.7891942121874738
0.246606	8.905590322580537	1.782279384235993
0.246903	7.182825345622348	1.796514711426842
0.2472	7.198776036865695	1.7742887592511831
0.247496	9.028665898617945	1.7912590464935165
0.247793	5.757884331796603	1.7806828343618957
0.24809	7.16010184331779	1.781259218974889
0.248387	7.384388018432944	1.7950444877129537
0.248683	7.479808294931303	1.7694679604325672
0.24898	7.617843317972088	1.7925371839512996
0.249277	7.747693548387247	1.7820732873255736
0.249574	8.981966820276881	1.7876482329114516
0.24987	10.610366820275985	1.7720867440375196
0.250167	8.519052073732354	1.7678233960166345
0.250464	9.928465898616778	1.7848559664712071
0.250761	6.313541013825343	1.7839021827737869
0.251057	7.476269124424135	1.7858248490958035
0.251354	7.5337437788024175	1.7822743044416416
0.251651	8.833930414746547	1.765159936421603
0.251947	7.350033179723212	1.791008569612825
0.252244	9.360574654377984	1.7690173010033656
0.252541	7.302001382488399	1.7792135438474588
0.252838	8.552367281106399	1.7698194435696741
0.253134	7.3392663594464835	1.7769023738900984
0.253431	8.417726267281367	1.7814978122851963
0.253728	10.34232903225778	1.7655422634232296
0.254025	7.233690783410296	1.7838952870786464
0.254321	5.2188917050691686	1.7609977944840165
0.254618	9.060878801843444	1.7849293758376112
0.254915	8.967176497695917	1.780301610985465
0.255212	6.979681105990565	1.763206076217695
0.255508	8.09283778801884	1.7717702514706084
0.255805	8.851221198157049	1.7634766814638387
0.256102	6.542622580645343	1.7784869981674702
0.256398	8.514334101382062	1.7818949801892245
0.256695	9.32545806451607	1.759477780844986
0.256992	6.26616635944778	1.7794927133300062
0.257289	8.302479262672833	1.75871779411585
0.257585	7.24649308755744	1.7767145618512372
0.257882	7.432975576037109	1.7612765174181015
0.258179	8.48480829493056	1.765538663792781
0.258476	7.158358986175557	1.7778733477525759
0.258772	10.46504239631382	1.7471993493365792
0.259069	8.146005990783891	1.7660807237291443
0.259366	8.362330414746495	1.7536005659104477
0.259663	7.525903225806232	1.7590156513242559
0.259959	8.640107373271988	1.7663490198796181
0.260256	7.215481566820472	1.7563373838909313
0.260553	8.815289400921529	1.7628638111315371
0.260849	9.72419354838678	1.757245984192254
0.261146	5.703204608295351	1.760660619496266
0.261443	7.248564976957752	1.7594010239204407
0.26174	9.258446543779186	1.7536018989507023
0.262036	8.542984792626598	1.7729084849755352
0.262333	8.77647788018443	1.755917772828189
0.26263	6.577652995391787	1.7668056105999501
0.262927	7.7171313364056005	1.7558768538120746
0.263223	8.949431797234482	1.7677212774830817
0.26352	7.519528110599296	1.7710947608356609
0.263817	4.5194506912444865	1.7674308451159473
0.264114	5.3099161290326435	1.7640326295052149
0.26441	6.172045161290214	1.7528498062452784
0.264707	8.480606912441928	1.7695042260929557
0.265004	8.401193548387837	1.7506731584826845
0.265301	4.719862211981365	1.770050480745141
0.265597	8.986940092165696	1.7718014094921437
0.265894	6.844896774194282	1.7593172572664357
0.266191	7.323934562212244	1.758936518332394
0.266487	9.563472350230668	1.7600216199232959
0.266784	10.98028294930856	1.765072037265965
0.267081	8.018741935484073	1.7727417738196738
0.267378	8.037342857142704	1.7496493184673605
0.267674	9.942883410138705	1.7804095832917546
0.267971	8.925031797234482	1.740925247460882
0.268268	9.223169124423976	1.7665185610489271
0.268565	5.174348387097041	1.7683040617039407
0.268861	7.209545161290336	1.7596691309265482
0.269158	8.55597511520763	1.7666982338999992
0.269455	3.1937142857145773	1.7471513105830243
0.269752	10.125857603685944	1.7650038719079466
0.270048	9.30234838709616	1.7500029459839788
0.270345	7.092018894009229	1.760531311951805
0.270642	7.903397235023064	1.7711380199250784
0.270938	8.279279723502455	1.7551575214470874
0.271235	8.125014285714016	1.7639794526454262
0.271532	5.434499078341162	1.7528918610604605
0.271829	9.20972165898668	1.749256070216649
0.272125	5.583153456221481	1.7649353400096772
0.272422	7.184053917051045	1.7563157717783455
0.272719	10.342920737326722	1.766534158466948
0.273016	6.932130414747277	1.7482056489574214
0.273312	7.155000460829939	1.7608020286293102
0.273609	8.033455299538872	1.7466552936987259
0.273906	5.580839631336403	1.7612677690795109
0.274203	8.353486175114853	1.7637760075843045
0.274499	9.008683870967928	1.7476257813753322
0.274796	8.753996774193453	1.7587331256278955
0.275093	8.571326728110762	1.7521312437251684
0.275389	5.154271428571491	1.7540559758573275
0.275686	5.744365437787877	1.7575865049181216
0.275983	3.8873207373269025	1.7561472532153148
0.27628	8.016349769585744	1.7588931915133241
0.276576	5.443689400921556	1.7500333511571653
0.276873	8.756757142857765	1.7540202422307851
0.27717	9.418995391705423	1.7467631483854322
0.277467	5.573748387096913	1.751317660460766
0.277763	7.119995852535084	1.7690944414940972
0.27806	7.353756221197898	1.739717073332254
0.278357	6.964520276497623	1.7601368733785674
0.278654	7.797199539170094	1.7508793758897914
0.27895	5.511781566820488	1.7495746343270668
0.279247	8.475274193548259	1.7624124489545587
0.279544	7.683191705068992	1.746279430497363
0.279841	7.345264055299197	1.7583053951213221
0.280137	6.550645622120044	1.7492690198079197
0.280434	8.14511751152061	1.759847956885065
0.280731	7.648376497696177	1.7458682801441603
0.281027	9.151135483871187	1.7598877804631292
0.281324	6.650775115207779	1.8206999931870915
0.281621	8.513456221198581	1.846067614976243
0.281918	6.626215207373178	1.8755531926452538
0.282214	7.958383870967509	1.8878871468741876
0.282511	7.450708294931019	1.8704301680772286
0.282808	4.59209953917096	1.9152949070046121
0.283105	8.169033179723115	1.8992619061941929
0.283401	7.413651612903465	1.914877217667322
0.283698	5.372907834101781	1.9044649621683478
0.283995	5.478337788018592	1.9367469941399889
0.284292	9.031225345621934	1.929948808635962
0.284588	8.248552073732327	1.9450901296259107
0.284885	6.178595852535125	1.9464590457879967
0.285182	6.510967281106588	1.9470235390321613
0.285478	7.325018433179622	1.9712289283168014
0.285775	4.22004055299567	1.9608404838831484
0.286072	8.094683870967856	1.9727784902994556
0.286369	4.508123041474832	1.979100481200041
0.286665	6.036025806451377	1.9823821124612073
0.286962	6.4083682027646915	1.9950677100438643
0.287259	11.091193087557727	1.9812471905348266
0.287556	9.987352534562248	2.000341050148347
0.287852	3.4207124423964075	2.0281272561021364
0.288149	6.68546774193608	1.9800859263449473
0.288446	6.007073271889567	2.0403845357965906
0.288743	7.065626267281502	1.9995517374396337
0.289039	3.9581170506915697	2.037019732400356
0.289336	9.23386175115212	2.0296041771542592
0.289633	8.881765437787834	2.036308415313506
0.289929	5.752506912442428	2.061211443770523
0.290226	6.685962672811243	2.023762508911504
0.290523	8.357887557603831	2.0502447666080474
0.29082	5.369380184332471	2.0591555999518114
0.291116	2.696334101382689	2.0698114107135286
0.291413	4.64944746543793	2.077234697570339
0.29171	5.317728571428688	2.058879716546008
0.292007	6.037420276497585	2.0738781064886287
0.292303	7.794931336405071	2.0816554101148275
0.2926	8.28707603686631	2.083622259877214
0.292897	3.6484843317970928	2.101862582356072
0.293194	7.378238248848064	2.0863826638639162
0.29349	6.892788479262535	2.117969944945826
0.293787	5.462950230414592	2.08644619738274
0.294084	8.317296313363869	2.112693011302646
0.294381	4.177795391704819	2.1086581658522894
0.294677	10.361106912442963	2.1247920567227925
0.294974	7.360348847926161	2.1262330561443865
0.295271	10.267466359447042	2.109955791926797
0.295567	4.732932718894105	2.134693966279946
0.295864	4.117841474654256	2.1397551203808365
0.296161	7.9173714285713	2.1456365860303226
0.296458	4.755090783410125	2.1441184360719805
0.296754	2.3451364055294732	2.1260597959092644
0.297051	6.336044239631633	2.1575246198652844
0.297348	5.271351152073791	2.130544287970025
0.297645	6.218217511520763	2.1491402993031476
0.297941	5.175472350230379	2.1436937623116115
0.298238	9.083793548386794	2.139732558506431
0.298535	6.156023502304038	2.1713582196482486
0.298832	5.895330875575908	2.136869274913066
0.299128	3.9585797235023534	2.171301198020102
0.299425	7.1096870967741665	2.146377849200043
0.299722	8.680971889401334	2.175677124226245
0.300018	8.920326728110837	2.182305923464548
0.300315	7.387998617511542	2.163513377446492
0.300612	5.51817511520774	2.1904035569748337
0.300909	8.110557142857076	2.1763162884205194
0.301205	6.4269811059906345	2.197642496668858
0.301502	6.163532718895084	2.1945515653481165
0.301799	7.931761751152635	2.196518725894642
0.302096	2.0716732718897646	2.2322443158553704
0.302392	10.144103225806944	2.1923420700426277
0.302689	7.909158525345532	2.2189312939561043
0.302986	12.072246543778888	2.210082387542113
0.303283	8.573427649769911	2.2150976362429877
0.303579	5.214383410138623	2.255675655512818
0.303876	7.329208294931249	2.2045269915109045
0.304173	7.479928110599516	2.2552109154901445
0.304469	2.1456838709677584	2.2214411837177273
0.304766	6.879857142857233	2.2516451576952705
0.305063	3.25614930875588	2.249436117228135
0.30536	4.899018433179876	2.242493567403737
0.305656	7.597878341014024	2.278317750890978
0.305953	2.7285377880182438	2.247464818854123
0.30625	5.564772350229958	2.268852373509427
0.306547	8.391263594470146	2.2650433099683713
0.306843	4.96300138248813	2.2818016894307647
0.30714	7.38135161290316	2.3000311189322127
0.307437	7.32261612903244	2.2637404168553075
0.307734	5.101268663594709	2.296186258199231
0.30803	6.296922119815704	2.288920761075372
0.308327	5.413668202765223	2.2981364246484084
0.308624	7.63343917050662	2.3308679157871204
0.308921	8.625832718894202	2.276953672365881
0.309217	5.73678894009177	2.3253595617151044
0.309514	5.879858525345014	2.2990909371227466
0.309811	6.168438709677773	2.3321347130893404
0.310107	6.125311981566526	2.329064791934552
0.310404	5.286196774193783	2.3264236470842596
0.310701	8.416183410138416	2.3334434423852617
0.310998	6.900968202764801	2.3428538015648166
0.311294	9.285265898617467	2.3471757148117542
0.311591	7.104692626728095	2.340780720368065
0.311888	3.542899078341293	2.33335971904947
0.312185	2.6685032258065178	2.353890775397994
0.312481	2.578181105990467	2.348405334412345
0.312778	4.207488479262835	2.368662319222698
0.313075	6.448156682028454	2.3729306631756404
0.313372	5.0565682027647085	2.3609229535443244
0.313668	5.928312903226143	2.3830882818261028
0.313965	6.166409677419296	2.36903011839453
0.314262	10.431218894008936	2.3882320335630403
0.314558	5.357411981566784	2.3857354988710116
0.314855	7.813853456221054	2.3854627459661755
0.315152	8.857237327188798	2.4094278500523236
0.315449	7.909459907834417	2.3919372851400795
0.315745	0.47221889400915984	2.4112807082674683
0.316042	7.98427050691231	2.406181441928921
0.316339	3.695357603686702	2.4142434594118205
0.316636	5.007589861751072	2.4254592946003446
0.316932	6.58100737327274	2.4184939363263998
0.317229	5.542722580645574	2.431168442115876
0.317526	1.5229834101383943	2.4218537374276057
0.317823	4.50176313364075	2.444260482112348
0.318119	6.597960829493061	2.448538213786411
0.318416	6.608738709677553	2.454883890734677
0.318713	7.621845622119707	2.4480509132441597
0.319009	5.187021198156785	2.4699985187083455
0.319306	5.801315207372824	2.472407686469375
0.319603	4.774618433179754	2.467800238890136
0.3199	5.100397695852834	2.5104677935903226
0.320196	5.510407373272201	2.4656126224992536
0.320493	8.214950691243956	2.5029950849850318
0.32079	10.336464976958197	2.5219653989061217
0.321087	5.892183410138401	2.4902804984286075
0.321383	4.960445161291176	2.5347935987994177
0.32168	2.0634751152078223	2.492512688999538
0.321977	3.6336783410138196	2.539454317110854
0.322274	3.570953917050943	2.529110272765982
0.32257	3.7338990783414516	2.5079913195475894
0.322867	3.17119677419349	2.551623063754474
0.323164	6.409236866359507	2.4983260314734492
0.323461	6.126546082949318	2.5538612253947073
0.323757	6.405871889400672	2.516413815344814
0.324054	6.564002304147323	2.5344448813938913
0.324351	7.155719815668249	2.564739799366802
0.324647	12.171731797234742	2.5028943089177087
0.324944	7.48429493087535	2.576056236537413
0.325241	3.620312442396383	2.547009152794887
0.325538	4.911654377880055	2.577294870381223
0.325834	5.1403806451611445	2.573867816291759
0.326131	9.426270967741885	2.548737324250544
0.326428	3.357058064516565	2.6159818668779926
0.326725	2.7923672811057543	2.57777284001589
0.327021	6.4531235023042655	2.616289793262855
0.327318	8.804882949309203	2.5933215275502657
0.327615	4.920708755760472	2.6093840652084253
0.327912	5.386648847926594	2.6488831993240916
0.328208	2.409488018433379	2.5971182473384236
0.328505	1.363446082949622	2.656495259904832
0.328802	9.482577419355565	2.6171950468062732
0.329098	4.759893548386458	2.6502550532010165
0.329395	3.5912092165897036	2.6835121410836122
0.329692	6.508439631336671	2.646705598623139
0.329989	6.8843880184336115	2.6878621411021846
0.330285	6.204904608295934	2.6370499594967556
0.330582	7.1438718894012965	2.711439144353863
0.330879	5.730931797234433	2.6895559690175697
0.331176	4.71903640553009	2.6925575888695654
0.331472	0.004977880184000583	2.740763504660984
0.331769	1.9919096774190592	2.673189742805443
0.332066	3.6047179723506417	2.747560285663885
0.332363	2.0910000000003492	2.7250730915654313
0.332659	0.16570460829505862	2.7282449367312434
0.332956	2.594163133640137	2.7809829256660845
0.333253	4.668275115207194	2.709911723127422
0.333549	5.158187557604066	2.782312583312744
0.333846	3.88289078341046	2.7531314797787814
0.334143	8.911580645161337	2.780048765688396
0.33444	7.729741935483645	2.807137519276813
0.334736	3.1052599078342524	2.7546862792995834
0.335033	6.3427728110603	2.8396956008921
0.33533	7.114706451613344	2.775425497208939
0.335627	0.6962382488481467	2.829218276156124
0.335923	10.890209216589426	2.8081394760385563
0.33622	-1.075648387096635	2.830416130527828
0.336517	5.082450691244631	2.883974857858738
0.336814	10.659179262673177	2.803856275944944
0.33711	2.4509769585252883	2.8798365385840623
0.337407	3.100078341013628	2.846571722414787
0.337704	2.690284792626585	2.874864845242364
0.338	6.5476152073729565	2.9325331584555316
0.338297	8.801707834101222	2.830196681623433
0.338594	4.767298617511173	2.925647194870148
0.338891	9.918623502304413	2.879864789392747
0.339187	7.815623963133973	2.922116983459579
0.339484	1.097106912442385	2.921449456229374
0.339781	9.949526728110598	2.929081306343044
0.340078	4.273526267281156	2.999964245820489
0.340374	11.403007373272303	2.9076800961658336
0.340671	7.4361447004609005	2.9940803991404503
0.340968	12.30161566820307	2.9677183699266387
0.341265	1.5874622119811477	2.9883176157601143
0.341561	5.36641059907808	3.0580665277369694
0.341858	7.568908294930594	2.9553111268052508
0.342155	2.390067741935624	3.060270839758866
0.342452	5.917331336405667	2.9983886817522873
0.342748	8.9804479262677	3.065805806309565
0.343045	13.367839631336764	3.064898638077168
0.343342	3.5453967741936765	3.052080780897869
0.343638	5.435044239631566	3.1300096319184045
0.343935	8.685415668202694	3.0470719166693527
0.344232	15.970100460829428	3.1240134105631454
0.344529	8.85017281106002	3.105544458220919
0.344825	9.119238248848305	3.126704707654909
0.345122	1.8669529953915287	3.1910180218441098
0.345419	5.504926267280936	3.105852166884625
0.345716	5.691788018433286	3.2133762869868243
0.346012	3.8194078341013693	3.141024941394466
0.346309	0.7569631336408378	3.2190963552121215
0.346606	6.112282027649414	3.2466386454744733
0.346903	9.33780737327183	3.1611380455570393
0.347199	4.020587557603861	3.2884446816276354
0.347496	9.484744700460865	3.1970995618579705
0.347793	8.877111981566728	3.29668348326375
0.348089	7.046264055299503	3.2713347038185128
0.348386	5.679612903225859	3.2822999029349793
0.348683	3.7398023041470196	3.3609273934525046
0.34898	9.785842396313953	3.2572167801988035
0.349276	3.4063594470043057	3.392859356675276
0.349573	2.4332801843324603	3.304335212796892
0.34987	7.753299539170939	3.381207112161117
0.350167	5.104274654377292	3.449001731430425
0.350463	1.9528926267281577	3.3114555534671677
0.35076	-0.8788400921658024	3.45550377703806
0.351057	0.8174115207373234	3.379461917516709
0.351354	1.5567525345629463	3.4870598180024146
0.35165	2.414014285714572	3.4565188169802727
0.351947	2.669377419354362	3.4615345696197783
0.352244	-1.2520815668194274	3.5658495738079026
0.35254	9.868005069124592	3.442591509451928
0.352837	2.5489442396312967	3.5792280616288914
0.353134	2.1691917050692666	3.517889652509342
0.353431	10.05118156682073	3.579391571264953
0.353727	11.921735944700487	3.6567037338853567
0.354024	7.317583410138226	3.5103747072135185
0.354321	6.1161202764979805	3.6902829048497567
0.354618	12.816203225806504	3.5768798860685775
0.354914	3.6326387096774937	3.69160686186475
0.355211	-3.884710138248977	3.7426199956181416
0.355508	6.319711981566627	3.622819095401986
0.355805	3.5106990783407355	3.790761167804986
0.356101	3.3408188940094874	3.666140957583607
0.356398	-1.7403953917050785	3.8122759619955984
0.356695	4.34730138248824	3.755436504006165
0.356992	10.52355576036824	3.7575489655140144
0.357288	5.5596456221193336	3.8848200096427448
0.357585	-2.8578225806450774	3.68961665707857
0.357882	8.893482488479663	3.854762872638408
0.358178	8.339112903225683	3.7348026861822445
0.358475	0.28227235023088326	3.83549264396373
0.358772	9.345131336405714	3.939388107569683
0.359069	3.5272465437787304	3.685202637355553
0.359365	6.597500000000096	3.907375135214725
0.359662	4.961218433179724	3.754198947525873
0.359959	6.2603728110596535	3.8899066840994276
0.360256	1.8526069124425248	3.902625399417882
0.360552	3.700905990783454	3.8728417385007434
0.360849	7.416291705069469	3.990261066692272
0.361146	2.4922511520734503	3.8486373780910514
0.361443	0.6467944700455064	4.0565743790306765
0.361739	2.1472599078342114	3.9553486955020807
0.362036	3.6793815668203678	4.034490620983925
0.362333	7.318859907834252	4.173986901669145
0.362629	-0.10936082949321246	3.9237649836403845
0.362926	-2.99202488479267	4.206664727438498
0.363223	-0.4455875576039148	4.049166555854153
0.36352	1.5061654377881695	4.2012501870246926
0.363816	10.361804608295628	4.220775987569495
0.364113	5.764780645161238	4.165229438251331
0.36441	0.9810101382488057	4.37569969104392
0.364707	-3.4041529953917404	4.167144381849697
0.365003	2.3916949308753743	4.429929961452971
0.3653	4.7384414746545644	4.336576015118893
0.365597	-1.8017124423961661	4.4214858100558105
0.365894	0.22432903225762857	4.625232361506871
0.36619	6.514268202765052	4.320117696617777
0.366487	-0.33635944700471043	4.714233209323062
0.366784	0.30747880184421206	4.490948029252156
0.36708	1.7372474654376902	4.65578148104469
0.367377	11.696544239631592	4.8983852435514965
0.367674	-9.494162211981774	4.5332101203442186
0.367971	6.515866359447031	4.961031185191473
0.368267	5.033518433179438	4.683071081252448
0.368564	3.8460027649773565	4.98874152330552
0.368861	8.831119815668487	4.953647714124101
0.369158	6.827927649769094	4.9766591462425485
0.369454	10.417403686636177	5.290894623623175
0.369751	16.835215207373366	4.911344927634641
0.370048	4.451864976958788	5.287819191937716
0.370345	4.327937327189275	5.1703762590888696
0.370641	3.6350622119810794	5.330462982822863
0.370938	3.5177115207373078	5.772050287270985
0.371235	-3.595448387096809	5.071164989900351
0.371532	7.059455299539152	5.83847519749135
0.371828	5.431631336405616	5.270365563751787
0.372125	2.521366359447441	5.907134133541224
0.372422	8.777378801843412	5.757422112514945
0.372718	1.8551050691243631	5.705545873717869
0.373015	1.212997235023252	6.257495921804377
0.373312	15.670913824884636	5.650746525538117
0.373609	14.215329953916935	6.2847539991149475
0.373905	7.981634101382582	6.0448976861110735
0.374202	6.038127649769436	6.310045073156078
0.374499	12.2670470046085	6.800471640113354
0.374796	7.729777419354633	6.104804976060502
0.375092	4.508513824884517	6.990930167032081
0.375389	13.711705069124633	6.535579149448002
0.375686	2.4080119815668866	6.99219580391665
0.375983	2.6840622119812707	7.343609020396382
0.376279	-4.366268202765156	6.921846479199061
0.376576	-7.031352534562174	7.52288304675231
0.376873	-11.898557603686939	7.533931420990723
0.377169	11.300646082949655	7.773294502837115
0.377466	18.621270046083396	8.264810998060813
0.377763	13.140054838709858	7.9018205266608454
0.37806	2.8311069124423938	8.730815999018184
0.378356	-1.5083133640555246	8.800002248598332
0.378653	8.969112442396252	8.80100833036038
0.37895	-17.26750737327194	9.463790531127204
0.379247	2.179099078341551	10.146332630331756
0.379543	3.0281686635947835	9.843325673133396
0.37984	-18.099505529953603	11.599498305694478
0.380137	0.3615152073737704	11.812812886209745
0.380434	3.0222589861757854	12.269749919877132
0.38073	-2.2147373271884874	13.535633524796973