0.00497719	226.29495833333635	28.736566768329876
0.00527462	187.71791666666957	18.035438323339545
0.00557205	200.27104166666575	12.327935567047534
0.00586949	206.54534722222252	10.877274672510403
0.00616692	218.46266666666608	8.785709942826252
0.00646435	211.35493055555486	8.457791725578858
0.00676178	220.70199999999915	7.422067808306323
0.00705921	215.50554166666666	6.920345189019168
0.00735664	214.87675000000024	6.515751121846651
0.00765407	206.5986944444441	5.732034321147013
0.00795151	221.86572638888848	5.62548385685643
0.00824894	226.3383402777783	5.181657977908606
0.00854637	203.12876111111038	4.79351964415704
0.0088438	211.64824305555527	4.604432930353255
0.00914123	221.8516722222225	4.1598643290218975
0.00943866	213.2281902777774	4.111948857602399
0.00973609	214.67401666666626	3.8556739396641238
0.0100335	214.92937500000025	3.606086333852596
0.010331	211.44346249999944	3.5162288138444078
0.0106284	216.94662500000007	3.350985219741175
0.0109258	209.5613097222217	3.258499899804978
0.0112233	209.82647499999982	3.052492464237178
0.0115207	203.1243097222224	2.9164965968885443
0.0118181	204.8300319444441	2.863800437959616
0.0121155	199.0973833333333	2.7744055029712547
0.012413	198.8846430555556	2.6807101281246126
0.0127104	197.83445972222225	2.5123223240276045
0.0130078	199.8052319444446	2.4988289851732843
0.0133053	198.11250277777748	2.392129753171641
0.0136027	195.53841666666668	2.3193611568904458
0.0139001	194.18750833333308	2.257735554647866
0.0141976	189.62783333333323	2.131719349867542
0.014495	189.8736138888888	2.165023647214667
0.0147924	190.82446666666692	2.01348322359222
0.0150899	185.79819305555583	2.0213810927631473
0.0153873	186.15159722222208	1.9279911493244442
0.0156847	183.22212916666658	1.9000406434415025
0.0159822	178.9011972222219	1.8787723733687138
0.0162796	180.1720638888888	1.7691327619606312
0.016577	177.49847499999973	1.7528942088462336
0.0168744	175.0993638888887	1.6934263403415044
0.0171719	172.07084166666678	1.6669896096116898
0.0174693	172.1791569444448	1.6552269637881727
0.0177667	170.62650694444434	1.5698593016563245
0.0180642	167.4273277777776	1.5830947755830793
0.0183616	165.57168750000005	1.5221175628253047
0.018659	164.08074166666665	1.4801387505586137
0.0189565	160.74459861111097	1.454193430302394
0.0192539	158.53985138888882	1.4262423311054033
0.0195513	159.16270694444444	1.4431016868555648
0.0198488	157.10839944444456	1.3589054540476886
0.0201462	155.85177916666666	1.3686684224212733
0.0204436	151.99453111111123	1.3132618882353813
0.0207411	149.20025750000002	1.3155667032284655
0.0210385	151.09448916666673	1.3007113434107247
0.0213359	146.7000644444443	1.2506272027174499
0.0216334	148.08970222222237	1.2496344105362651
0.0219308	146.24967138888883	1.2156952447397704
0.0222282	143.90791916666683	1.2144405190819698
0.0225256	141.61161777777787	1.1886958457304906
0.0228231	140.61031666666662	1.164763537219207
0.0231205	139.51902944444447	1.1678156446661783
0.0234179	137.81215750000007	1.1442068411649395
0.0237154	135.82240166666665	1.183859010767061
0.0240128	131.17556083333335	1.1694661644150388
0.0243102	128.9563147222223	1.1625832883615264
0.0246077	128.81728861111117	1.1870199551670446
0.0249051	126.58918527777787	1.139677974390585
0.0252025	123.63988000000008	1.1733211216688615
0.0255	124.40381222222217	1.1333708859106628
0.0257974	122.4975277777776	1.1367000938292147
0.0260948	122.00047180555558	1.1349344068164704
0.0263923	119.64261500000008	1.10617097527862
0.0266897	116.7660791666666	1.128486166107044
0.0269871	117.34692611111106	1.0976408945155998
0.0272845	116.19635097222208	1.1082378347232413
0.027582	111.21925152777771	1.0847605020679068
0.0278794	110.84182625	1.0714624589063857
0.0281768	109.41776555555565	1.089330697105134
0.0284743	111.5291347222222	1.044063479262428
0.0287717	108.86825055555558	1.0104267961241908
0.0290691	105.76967236111118	0.9865168407492495
0.0293666	104.66869930555548	0.9777148506043832
0.029664	102.66333236111112	0.9678705916096861
0.0299614	102.90417152777778	0.935139784627816
0.0302589	100.41763736111105	0.9525642052311167
0.0305563	99.46129013888888	0.9245243983848754
0.0308537	98.24415069444449	0.9236520771021467
0.0311512	96.9034627777778	0.907964687339798
0.0314486	95.0901843055555	0.8960569624659163
0.031746	93.8535179166667	0.8963097193355475
0.0320435	94.81552874999997	0.8826881476780799
0.0323409	92.80487013888892	0.8854711055704292
0.0326383	89.20927430555562	0.8740639508354506
0.0329357	88.83139361111115	0.8621639578469618
0.0332332	87.05374319444434	0.8630463911353919
0.0335306	89.09188083333329	0.8435382254398477
0.033828	85.6772245833333	0.8458072564915594
0.0341255	84.54888513888892	0.8371698472564892
0.0344229	83.89126597222212	0.8392426726317727
0.0347203	82.44035666666666	0.8328416333545058
0.0350178	81.9690501388889	0.8143247633904463
0.0353152	81.34828111111112	0.8160461068174243
0.0356126	80.89923013888901	0.8035899182696186
0.0359101	78.49618027777765	0.8116650717835996
0.0362075	77.85298930555558	0.8281499469176891
0.0365049	75.46234777777781	0.8376729056620879
0.0368024	76.52920361111117	0.8385881577628727
0.0370998	74.08111263888895	0.8265003268898985
0.0373972	74.21913958333329	0.8425040261170769
0.0376946	73.29239416666661	0.835024216693591
0.0379921	72.70467875	0.8235087748220089
0.0382895	72.35321819444441	0.8369930922313372
0.0385869	69.39003402777787	0.8244695132729424
0.0388844	68.94641597222221	0.8266103064254633
0.0391818	68.96813749999998	0.8208919036637334
0.0394792	66.5835791666667	0.8216375819484559
0.0397767	67.67660611111121	0.8274351952216226
0.0400741	66.51916319444449	0.8129358855266148
0.0403715	65.22419611111117	0.8199883192989409
0.040669	64.43574125000005	0.8033601421859005
0.0409664	63.71430583333326	0.8133390320774033
0.0412638	62.97036305555557	0.7733429526427709
0.0415613	61.93198694444438	0.7679632980870921
0.0418587	60.09962486111106	0.7686683936338099
0.0421561	60.543190138888875	0.7474424823362305
0.0424536	60.01406833333333	0.7465504813748841
0.042751	59.051213194444344	0.7337168499154947
0.0430484	59.471988611111165	0.7370121013763514
0.0433458	58.60535236111114	0.7323584263538587
0.0436433	57.713218611111074	0.7253969625916492
0.0439407	56.64947958333336	0.723987196904513
0.0442381	56.53283888888894	0.7109465674581684
0.0445356	56.31786805555555	0.7195081502179437
0.044833	54.14631097222224	0.7106186816453604
0.0451304	53.71011319444441	0.7071876426879289
0.0454279	52.43220597222215	0.7054618957601075
0.0457253	53.90477541666669	0.6908034714053032
0.0460227	51.69182722222216	0.6989290709111682
0.0463202	51.33310236111102	0.6863326718992038
0.0466176	50.93704513888888	0.6896744652421115
0.046915	49.81628402777777	0.6941768214213545
0.0472125	49.98567180555557	0.6794487745789316
0.0475099	48.40507250000001	0.6851099272347237
0.0478073	49.32623374999994	0.6668974176651756
0.0481047	48.894161944444434	0.6717800545511186
0.0484022	47.80591763888882	0.6738016766215018
0.0486996	48.4986472222222	0.6630699630841217
0.048997	46.285696944444425	0.6746052957312939
0.0492945	47.59015972222215	0.6526412366968046
0.0495919	48.22892458333327	0.6628727556404101
0.0498893	45.51864416666663	0.6537902018490809
0.0501868	45.54382638888893	0.6490571158516149
0.0504842	45.02474777777777	0.6560826844096797
0.0507816	45.79064375000006	0.6435266754040433
0.0510791	43.71577708333329	0.6488126426401072
0.0513765	43.60410541666661	0.6403339529934379
0.0516739	42.26467888888888	0.640452632194197
0.0519714	42.0868256944444	0.6369280696345201
0.0522688	41.03816069444436	0.6390412020758431
0.0525662	40.745761249999944	0.6343251334778301
0.0528637	41.58460291666668	0.6296204108300872
0.0531611	40.71070541666672	0.6263025271041338
0.0534585	40.72359777777774	0.6223972725092459
0.0537559	40.403923888888876	0.6272057547560356
0.0540534	39.01437124999996	0.6220288873893101
0.0543508	39.13979555555553	0.6175324574996629
0.0546482	39.330112777777686	0.6214126301999333
0.0549457	38.406462499999954	0.6143339330795436
0.0552431	36.69106611111117	0.6121730329556141
0.0555405	37.5521515277778	0.6086936215782688
0.055838	36.39259208333335	0.608305449989574
0.0561354	36.30768944444434	0.6117824691532574
0.0564328	36.852735833333284	0.6024003281125551
0.0567303	37.84192958333333	0.6049762854802962
0.0570277	36.265709861111176	0.5958656533926968
0.0573251	35.60023638888888	0.5968980299753707
0.0576226	34.91621277777774	0.6024755972486967
0.05792	34.933368472222256	0.5919092502953797
0.0582174	34.74451388888888	0.5923003718825038
0.0585148	34.483784722222204	0.5904298341809264
0.0588123	33.772875416666615	0.5915560947986426
0.0591097	33.69622805555543	0.5909564529985054
0.0594071	34.02690805555555	0.5787954595281555
0.0597046	34.135262638888804	0.586070354363234
0.060002	33.98689055555551	0.5824719964481702
0.0602994	32.24809972222226	0.5812405712766101
0.0605969	32.67344763888895	0.5773606928259988
0.0608943	31.891741527777775	0.5705332179898636
0.0611917	31.706366944444525	0.5820313994588373
0.0614892	32.12229611111115	0.5707548048276444
0.0617866	31.181466527777797	0.5768368691398004
0.062084	32.45002402777778	0.5659914874999387
0.0623815	30.60405791666664	0.568162634475475
0.0626789	29.724338611111072	0.5701916966605092
0.0629763	30.934048333333394	0.5603892907227344
0.0632737	29.980655000000027	0.5686524241968485
0.0635712	29.356281527777703	0.5588307210064938
0.0638686	28.203387638888845	0.5648404041043376
0.064166	28.83452694444444	0.5627585202179751
0.0644635	28.87848388888891	0.551134451195265
0.0647609	28.257719166666718	0.5589661323259132
0.0650583	29.01830888888884	0.550757486935356
0.0653558	27.617573333333397	0.5561023039191689
0.0656532	29.036692638888898	0.5500305578325315
0.0659506	26.723771249999988	0.5510504268608162
0.0662481	27.401855277777805	0.5539174496566704
0.0665455	27.568084027777708	0.5411535262187488
0.0668429	26.932935972222218	0.5486778413195917
0.0671404	26.82394416666666	0.5425051514889353
0.0674378	26.458677916666705	0.5466808011469572
0.0677352	26.031277638888845	0.5422729294543646
0.0680327	26.42729125000002	0.5349730170188446
0.0683301	25.285389444444426	0.5433648401830743
0.0686275	25.15758291666666	0.5375465931263773
0.0689249	25.57461374999995	0.5371447931203989
0.0692224	25.907756805555607	0.5394112847944603
0.0695198	25.44718916666668	0.5298039390393283
0.0698172	25.54073680555559	0.5366561796175873
0.0701147	24.559750694444418	0.5281599151073817
0.0704121	24.365756805555524	0.5330529827646397
0.0707095	24.639292916666633	0.528885795962818
0.071007	24.529838472222238	0.5287681844753837
0.0713044	24.20544874999997	0.5330096049061389
0.0716018	23.695243750000017	0.5191800329736895
0.0718993	23.62129430555553	0.5235613836927021
0.0721967	23.54342486111105	0.5196067605792163
0.0724941	22.893761944444428	0.5260754285655402
0.0727916	22.944400694444536	0.5205775875332628
0.073089	23.508274305555517	0.5200087374312184
0.0733864	23.462250138888866	0.5180282261861091
0.0736838	22.470760972222227	0.5153881703052274
0.0739813	22.10348930555554	0.5179604012420167
0.0742787	21.96887777777774	0.515038236156331
0.0745761	22.44811472222223	0.51240679477639
0.0748736	21.32761194444454	0.515977070020899
0.075171	22.068051944444473	0.5063031265097139
0.0754684	21.7238145833333	0.5127407617114274
0.0757659	21.85183458333331	0.5035037103418405
0.0760633	20.81898027777772	0.5101014815464532
0.0763607	20.923404861111127	0.5113947136099556
0.0766582	20.686533333333404	0.5038759896374885
0.0769556	20.883526666666626	0.5074489567279669
0.077253	20.26857972222221	0.497185797085137
0.0775505	20.923186527777744	0.5067019160836721
0.0778479	20.663740277777766	0.4999163528338314
0.0781453	20.827415972222227	0.5002606869554783
0.0784428	20.387484722222304	0.5016067968787059
0.0787402	19.504750138888923	0.49358950955795355
0.0790376	20.338132500000032	0.49832158694605644
0.079335	19.46723722222222	0.494642274658818
0.0796325	20.008407361111097	0.4932285886864153
0.0799299	18.950769861111134	0.4988626060915827
0.0802273	19.493905694444457	0.4897945196359667
0.0805248	19.269425138888995	0.4959100112332569
0.0808222	19.032148194444474	0.48706563255770796
0.0811196	20.032625972222196	0.49067722194703617
0.0814171	18.756122083333324	0.490943010911588
0.0817145	18.799082222222204	0.48456496074430266
0.0820119	18.588505277777777	0.4891517723928443
0.0823094	18.05528347222227	0.48296072635701626
0.0826068	18.61229361111111	0.48750825709585494
0.0829042	18.34753972222222	0.4832672884664475
0.0832017	17.476440138888893	0.48406919963056916
0.0834991	17.73425055555559	0.48580940061885924
0.0837965	18.153234722222244	0.47910977281357775
0.0840939	17.505761527777747	0.48150315972719054
0.0843914	17.314251388888916	0.47943622132111724
0.0846888	17.306855833333316	0.4761458106801187
0.0849862	18.263007222222242	0.47799341816471297
0.0852837	17.67971638888889	0.47543206242551234
0.0855811	17.305084027777777	0.4816320723839887
0.0858785	17.52528222222224	0.4681596299897476
0.086176	17.05534805555559	0.4763554519682638
0.0864734	16.717030277777724	0.473938936067354
0.0867708	17.88086319444446	0.4852431919900778
0.0870683	16.352275694444486	0.4883579294143617
0.0873657	16.924094305555553	0.484423763105156
0.0876631	16.92563486111107	0.4913025988701869
0.0879606	16.89390513888892	0.4871668392528884
0.088258	17.020041388888888	0.49030027576569213
0.0885554	15.928511527777736	0.4926949112730202
0.0888529	16.4666034722222	0.48888518692651645
0.0891503	15.905948055555555	0.49253836115991106
0.0894477	14.837885694444433	0.49086270303174157
0.0897451	15.556077083333392	0.4893632917796417
0.0900426	16.232526944444427	0.4940053782591141
0.09034	15.809656388888925	0.4904619986366466
0.0906374	15.539494027777799	0.4973484231167168
0.0909349	16.281871111111073	0.4877380673443138
0.0912323	15.349393472222207	0.4931655770200371
0.0915297	15.073558750000021	0.4909435480603089
0.0918272	14.657254861111117	0.48033981096197287
0.0921246	15.401847638888881	0.48123223566092377
0.092422	14.182132916666692	0.47439350459181356
0.0927195	14.106466111111136	0.47954428140384187
0.0930169	14.837447361111074	0.47002394763958105
0.0933143	14.719747222222267	0.4743166884357496
0.0936118	14.500183611111117	0.47000106315146234
0.0939092	14.162613750000084	0.4701437178904737
0.0942066	14.270942500000029	0.470437306919297
0.094504	14.80093263888885	0.4650371537921996
0.0948015	15.019571249999984	0.46957491563673215
0.0950989	14.198786527777788	0.4674527207370713
0.0953963	13.96096652777775	0.46724255767776013
0.0956938	14.450995555555547	0.46910927708105227
0.0959912	14.360077500000013	0.45736330430038225
0.0962886	13.291278055555566	0.46594585062443805
0.0965861	13.899963194444492	0.4610235810162282
0.0968835	13.65806111111111	0.462712616190995
0.0971809	13.98352402777778	0.4655477621437971
0.0974784	13.900187083333368	0.45598680291603827
0.0977758	13.332799444444463	0.46545099973143444
0.0980732	14.095738888888905	0.45553311095955984
0.0983707	13.884587916666625	0.46056127476870046
0.0986681	13.540740416666646	0.4598327747213039
0.0989655	13.262272361111052	0.45748352490108646
0.099263	12.682998333333249	0.4706108037254448
0.0995604	12.94365527777777	0.4650621065275828
0.0998578	13.95874805555556	0.47221998147837024
0.100155	13.419686805555573	0.4722837090852235
0.100453	12.49913430555555	0.47295794439745015
0.10075	13.165880000000056	0.4771040832880803
0.101048	12.824779861111084	0.46980022417393447
0.101345	13.237042916666656	0.4763370879019537
0.101642	12.609496111111053	0.4731767998116609
0.10194	13.27678111111117	0.47597671747263454
0.102237	13.047476805555567	0.47996717792274046
0.102535	12.020314166666637	0.4774420115573938
0.102832	11.718443472222212	0.47992643348699215
0.10313	12.897915416666681	0.47295609051205983
0.103427	12.718210277777832	0.4770785535410952
0.103724	12.924158055555539	0.4779392438648882
0.104022	12.287314583333329	0.47995994480667364
0.104319	12.378371250000018	0.47033828147570234
0.104617	11.85315958333334	0.4632822615495229
0.104914	12.27495152777772	0.46329418640163217
0.105212	11.83487430555556	0.46264576233877613
0.105509	12.145832500000031	0.46204001801416333
0.105806	11.699278333333325	0.4608388644837868
0.106104	12.201961666666659	0.4554870826553182
0.106401	11.98513513888896	0.46292243845502706
0.106699	11.809080972222281	0.454311812365075
0.106996	10.963262916666654	0.45707622038385254
0.107294	11.242978888888882	0.453267932706967
0.107591	11.452584305555575	0.4559156532067028
0.107888	11.693364166666651	0.4594888894198542
0.108186	11.709132361111081	0.44824461049364256
0.108483	11.493002083333321	0.4519893984343632
0.108781	10.892638472222194	0.4498949969765459
0.109078	11.872377222222159	0.4540947094602973
0.109376	11.067622638888954	0.4530202755327851
0.109673	10.73963666666669	0.4491056806042999
0.10997	10.788804861111103	0.4532683007025391
0.110268	11.911132083333342	0.4473355394293542
0.110565	11.192713055555593	0.44705720241891067
0.110863	11.187570833333291	0.44857075189542084
0.11116	10.888972777777802	0.44673632527893126
0.111458	10.773639305555598	0.4511916537107052
0.111755	10.739276250000005	0.44206502643067713
0.112053	10.4756325	0.4480076162239925
0.11235	10.496033333333363	0.44336558615618055
0.112647	10.406169999999971	0.44559124651624327
0.112945	10.65388666666664	0.4486782713753635
0.113242	11.34042194444444	0.4409052652681173
0.11354	10.91736555555559	0.4442077744621487
0.113837	10.336297222222255	0.44046189904152905
0.114135	9.740829027777842	0.445609168004053
0.114432	10.079178888888901	0.44042042865262865
0.114729	10.7768861111111	0.440573958115137
0.115027	9.963739722222327	0.4446316176200352
0.115324	9.656968611111122	0.4385968979098107
0.115622	9.60339083333337	0.4406436386604922
0.115919	9.472709722222131	0.438102574636232
0.116217	9.517272499999972	0.4401946198525501
0.116514	9.708460277777768	0.4430132390953434
0.116811	9.438550138888925	0.4351326525435891
0.117109	9.187494583333375	0.44162119041260695
0.117406	9.393311111111133	0.43479447016309886
0.117704	9.141023888888844	0.43602745205267884
0.118001	9.581845833333356	0.4386381004711593
0.118299	9.435408472222239	0.4333699814215944
0.118596	8.849515277777783	0.43764005600372985
0.118893	9.501418055555577	0.4335173962189539
0.119191	9.337317777777741	0.43646322917762836
0.119488	9.84145249999997	0.43323415515183683
0.119786	8.692640138888903	0.4342628077140609
0.120083	9.425162222222184	0.4371269415875293
0.120381	9.866181250000023	0.43163125662459856
0.120678	8.589396527777797	0.4352887108250786
0.120975	8.77329375000004	0.42898340568703264
0.121273	8.5597795833334	0.431987307112437
0.12157	8.490540833333352	0.4363034658338749
0.121868	9.590073333333295	0.42827060584544135
0.122165	9.41246402777777	0.43360509520198764
0.122463	9.447643472222165	0.4287208854908125
0.12276	8.3883905555555	0.4320123031805804
0.123057	8.856440694444409	0.42913760658836764
0.123355	9.023862222222178	0.4288311097725617
0.123652	9.046961527777757	0.4303006201540744
0.12395	8.344438749999998	0.42820433313005646
0.124247	9.023882916666711	0.4303447418270327
0.124545	8.644713194444492	0.42762437584365054
0.124842	8.493388611111147	0.4266353301027312
0.125139	8.835369027777729	0.42766617056389794
0.125437	9.471034861111075	0.4262867270877485
0.125734	8.268595972222208	0.4275073694905111
0.126032	8.735893888888882	0.4264923779121336
0.126329	8.220583333333323	0.42517651849088095
0.126627	8.382127083333227	0.4274405827297162
0.126924	8.654878333333361	0.4214765815870062
0.127222	8.598397222222234	0.42575951272390417
0.127519	7.648396527777708	0.4220836448447443
0.127816	8.604122499999974	0.42677441327929533
0.128114	8.058078888888854	0.42398765055972626
0.128411	7.997678333333291	0.42266602070020143
0.128709	8.199463333333373	0.4228597872975208
0.129006	9.061742499999959	0.42026689551766166
0.129304	8.50584236111108	0.426358737061803
0.129601	8.748638194444416	0.4197438766920136
0.129898	8.258875694444466	0.42104936972333074
0.130196	8.302018055555589	0.4229454378906953
0.130493	8.007219722222203	0.4189729289716329
0.130791	9.079410972222206	0.4207729325570545
0.131088	7.371376388888922	0.4192838066549491
0.131386	7.961225972222299	0.4195922827733236
0.131683	8.37495569444448	0.42088887516350043
0.13198	7.16046597222213	0.4183484350326114
0.132278	8.288838472222189	0.4193573297559896
0.132575	8.515836944444533	0.4148206680272741
0.132873	8.283769583333305	0.4184227567679847
0.13317	7.605380833333308	0.41802369225614344
0.133468	7.669831944444452	0.4180162418745347
0.133765	7.423983333333357	0.4192593655397597
0.134062	8.427726805555587	0.4130726913979045
0.13436	7.374865416666601	0.4192563093233671
0.134657	8.256781111111113	0.41328442958780803
0.134955	8.271212916666734	0.41688953782741117
0.135252	7.409142361111187	0.41646357842789056
0.13555	7.42231430555556	0.41490985136881703
0.135847	7.9278705555555185	0.4151363703955717
0.136144	7.021996111111184	0.41118228806347135
0.136442	7.249242500000128	0.41560529856839973
0.136739	7.307163611111087	0.41265265216222036
0.137037	7.626866388888938	0.41312980681588424
0.137334	7.572886249999948	0.41539843243919994
0.137632	6.910921111111028	0.40961312265887995
0.137929	6.553049999999954	0.4145820131844407
0.138226	7.403028333333359	0.41000649700672015
0.138524	7.198728055555543	0.41201888141299114
0.138821	7.168691249999983	0.4127665304065789
0.139119	7.218584861111146	0.41040862054251065
0.139416	7.783705833333303	0.412511230134579
0.139714	7.421561527777771	0.40824169938008376
0.140011	7.656520833333342	0.4094661348397913
0.140308	7.1489536111111285	0.41144814024095117
0.140606	6.6283743055555	0.41026440134207565
0.140903	7.7400294444444295	0.41819223666063465
0.141201	6.542968055555587	0.41920538373621535
0.141498	6.573524999999987	0.4278034797674993
0.141796	6.217093611111046	0.4278201227394328
0.142093	7.285055694444491	0.42936342231171715
0.142391	6.588661527777733	0.43574322389374953
0.142688	7.234516111111078	0.43210435101461414
0.142985	7.043868055555609	0.43251095548352564
0.143283	6.923304305555522	0.42198845755344605
0.14358	6.714915972222242	0.41973423744089017
0.143878	6.2562502777777595	0.41795083996169013
0.144175	6.9397366666667	0.41741206463471997
0.144473	6.503130416666649	0.4168923617496816
0.14477	6.936342361111079	0.4131379044673374
0.145067	5.7603255555555455	0.41519675806322703
0.145365	7.568549722222175	0.41273206417538383
0.145662	6.119853194444467	0.41463694732561074
0.14596	7.051937361111094	0.41268804266659403
0.146257	6.354709722222203	0.40921178302447836
0.146555	6.719719583333341	0.41168187389035865
0.146852	6.992443194444582	0.40865137211744973
0.147149	7.020677916666718	0.40796828468481083
0.147447	6.301122083333275	0.4096729922889217
0.147744	5.921078888888944	0.407166109616451
0.148042	6.909812361111101	0.41160723890572554
0.148339	5.774787777777823	0.4066501057795384
0.148637	6.421282916666695	0.4112783182184941
0.148934	6.408768055555565	0.40810803658963724
0.149231	6.601884722222189	0.4071682755079523
0.149529	6.926923194444439	0.4030964966598805
0.149826	6.7370076388889455	0.40265258655131847
0.150124	6.055459722222216	0.40885400484152684
0.150421	6.389667916666588	0.4038429965972047
0.150719	6.275072638888908	0.40485248808116253
0.151016	6.996271250000028	0.4056372558284769
0.151313	5.4278701388888395	0.4021367908009641
0.151611	6.809280833333298	0.4071435550609239
0.151908	6.504953055555616	0.40396753924532475
0.152206	5.738207500000012	0.4035829239450017
0.152503	6.675718333333247	0.40261927956514565
0.152801	6.5206737499999345	0.40151911246076344
0.153098	5.585251805555567	0.40655184066437233
0.153395	6.334194027777773	0.39856915956024513
0.153693	6.310510972222185	0.40472842484450533
0.15399	5.464870416666741	0.40047319722155666
0.154288	5.661623749999967	0.4004992372043726
0.154585	6.830927083333322	0.40408493787289584
0.154883	5.6248227777777915	0.39774511972666693
0.15518	5.653113611111089	0.4043544918208331
0.155477	6.1263606944444415	0.39993576636329775
0.155775	5.816569999999928	0.4028250135649087
0.156072	5.340410555555648	0.3989779167383535
0.15637	5.779491388888851	0.39729195777669646
0.156667	5.226536249999985	0.4040406010794884
0.156965	5.81419069444451	0.396303273169803
0.157262	5.990240138888883	0.4004549386242666
0.15756	6.199166388888906	0.3979877652647551
0.157857	5.13653749999992	0.39704535930264845
0.158154	5.352799027777784	0.4012397665792113
0.158452	5.373616111111077	0.3957666696722575
0.158749	5.698101388888839	0.40103339268855653
0.159047	6.412532499999903	0.3964749597812568
0.159344	5.103981527777788	0.39847706032788505
0.159642	5.467650833333395	0.3983935343369618
0.159939	4.95018930555553	0.39406510035446335
0.160236	5.205188888888852	0.3987890089893708
0.160534	5.633762361111061	0.3961355396937557
0.160831	5.550271111111096	0.3987255001674218
0.161129	5.617190555555571	0.3962989472018972
0.161426	5.332590694444463	0.39498459544652037
0.161724	5.7228058333333465	0.3976693293499497
0.162021	5.841045277777823	0.3943077639251286
0.162318	5.634772916666719	0.40352122973158955
0.162616	5.77017902777778	0.4047799276695037
0.162913	5.4248959722222345	0.407640645732635
0.163211	5.030797500000026	0.41365383379465503
0.163508	5.414355138888873	0.40338722678546735
0.163806	6.405329583333366	0.411048143037749
0.164103	5.2690531944444	0.4096044841296924
0.1644	4.841674583333404	0.41522589740066446
0.164698	4.910115000000004	0.4121539138925767
0.164995	5.647726111111115	0.4127571149942095
0.165293	4.679129999999905	0.41466826311422184
0.16559	5.739893472222244	0.41190738159850115
0.165888	5.313861805555589	0.4152065480990179
0.166185	5.051101666666602	0.4134338307682565
0.166482	5.609625833333327	0.41482557732253783
0.16678	4.861798055555626	0.4167158087607608
0.167077	5.973775555555587	0.4122412764353509
0.167375	4.583445833333339	0.41696754436154476
0.167672	4.859083888888978	0.41332211592563206
0.16797	4.867091805555659	0.4191871355596655
0.168267	5.183289861111149	0.4216673622690974
0.168564	4.784654583333294	0.41465931918022975
0.168862	5.2454213888888646	0.42330251402261465
0.169159	5.583440138888851	0.4156715493131343
0.169457	5.810552083333271	0.4240703077176838
0.169754	5.086797500000051	0.420279867365056
0.170052	4.990821666666778	0.422454362519848
0.170349	6.079785833333333	0.42685405510826224
0.170646	5.574534583333315	0.4180832863001014
0.170944	4.1544897222222765	0.4251100532335135
0.171241	5.210755833333334	0.4209844491969308
0.171539	4.6319120833333915	0.42511986911205757
0.171836	4.78922874999999	0.42715360141272257
0.172134	4.821820555555503	0.41938344737549926
0.172431	5.1452069444444515	0.4263590064818369
0.172729	4.500431527777784	0.4214332518853086
0.173026	5.698109305555534	0.42468438473238057
0.173323	5.185517777777671	0.4247391677687782
0.173621	4.734646805555576	0.4204200754050638
0.173918	5.051995972222172	0.4282476876064825
0.174216	4.536864305555475	0.4223658724358531
0.174513	4.302416805555547	0.42701680372182393
0.174811	4.769402361111044	0.42216653207125376
0.175108	4.329751527777752	0.4245514532315911
0.175405	5.374054722222228	0.4300499096551384
0.175703	5.099446666666654	0.4235312330002945
0.176	4.8214384722222015	0.42901056604922916
0.176298	4.646804583333282	0.4257658947157489
0.176595	5.334795138888784	0.4283024415382293
0.176893	4.390179444444446	0.4325469007170482
0.17719	5.332366944444389	0.42641945255387165
0.177487	4.217262638888926	0.43207996660863573
0.177785	4.616628333333348	0.42754276495565324
0.178082	4.395277500000017	0.43059917964994293
0.17838	4.909940555555594	0.42961109992671487
0.178677	5.177554027777784	0.4287280215698093
0.178975	4.29753444444446	0.43570119407816255
0.179272	5.478183472222207	0.426582976521879
0.179569	5.140598194444501	0.43598874283010663
0.179867	4.835212222222278	0.42775332141329675
0.180164	4.884409583333316	0.4329197297053815
0.180462	4.382851249999957	0.4320236630685182
0.180759	4.277745138888895	0.4314988906649717
0.181057	4.221277777777752	0.4338614970548532
0.181354	4.701536111111131	0.43079319906554775
0.181651	5.586147499999972	0.43223012826149587
0.181949	4.925956388888926	0.4339542392327328
0.182246	4.680828472222243	0.4332620588467345
0.182544	4.419262500000083	0.4343380290144191
0.182841	4.14743555555555	0.4306361217420492
0.183139	4.888781527777688	0.4363448318360458
0.183436	4.309033472222197	0.4345044827028799
0.183733	4.402082500000017	0.43185118516235765
0.184031	3.8690313888889794	0.43799053983511954
0.184328	4.0115576388889185	0.43193274308718027
0.184626	5.051340416666661	0.43800962857746817
0.184923	4.174795833333271	0.4314044726461512
0.185221	4.500903333333324	0.4367311918161164
0.185518	4.890305833333284	0.4367010943226938
0.185815	4.186066111111146	0.43384480608659287
0.186113	4.449546111111045	0.43669557843629503
0.18641	4.87909347222228	0.43144607984748995
0.186708	4.7501526388889115	0.4391814093638727
0.187005	4.234202361111108	0.4368359008257686
0.187303	4.3784537500000065	0.4351507328907142
0.1876	4.197923888888879	0.43833430645786675
0.187898	4.515823055555543	0.43231179953640964
0.188195	3.775870416666658	0.44117998660116303
0.188492	4.235964166666637	0.43602738968152843
0.18879	4.726395416666684	0.43622227747046577
0.189087	4.001152361111124	0.43831291116292237
0.189385	4.301080833333364	0.4352120825674245
0.189682	3.5585538888888912	0.44298612220503075
0.18998	4.1511272222222395	0.4316151484507052
0.190277	4.2543129166666604	0.4392117644599873
0.190574	4.2841848611111955	0.43830966944763516
0.190872	3.627099166666796	0.43946050106450535
0.191169	3.47736541666666	0.4411374579419349
0.191467	3.7608330555555147	0.4332986041700985
0.191764	3.741301527777696	0.4428658531827895
0.192062	3.69004083333337	0.4374906368029852
0.192359	3.64010458333333	0.4410910782783389
0.192656	4.312783611111155	0.4432735604192997
0.192954	3.866517916666674	0.43364072397902304
0.193251	3.5082212500000454	0.44431259319268945
0.193549	4.007848611111138	0.4357509885410807
0.193846	4.1535572222222195	0.44267943265022175
0.194144	3.709564305555566	0.4400934402340141
0.194441	4.172124583333354	0.4422115414129264
0.194738	3.0796937499999366	0.4427235722755827
0.195036	3.0166897222221944	0.43559852264246757
0.195333	3.9813350000000414	0.44372922898230177
0.195631	4.486156388888887	0.4401818015732595
0.195928	3.9866119444444736	0.44429474555471504
0.196226	3.615169861111105	0.44493039973640314
0.196523	3.7340369444444077	0.4365729633994762
0.19682	3.9217098611110934	0.4444166114563443
0.197118	4.315608055555615	0.44230882878657846
0.197415	4.173923333333307	0.44141504003675014
0.197713	3.912768055555551	0.4443108190294816
0.19801	3.839458888888889	0.440857084287418
0.198308	4.765000138888973	0.44531094286852524
0.198605	4.309916111111067	0.44122169681060214
0.198902	3.4186477777777435	0.441924649809783
0.1992	3.7870155555555396	0.44265714408980983
0.199497	3.2173091666667064	0.44190238618842775
0.199795	3.976392083333309	0.4458811693998292
0.200092	3.309152500000021	0.4379763935722796
0.20039	3.841143055555598	0.4428321277260599
0.200687	3.9046837499999887	0.44263808306783886
0.200984	3.7192833333333386	0.44306972602949546
0.201282	3.6044936111111037	0.44607176831895323
0.201579	3.2884175000000004	0.4411284976194474
0.201877	4.562214444444441	0.44234523998312925
0.202174	3.826315694444391	0.44305635615002364
0.202472	3.808983888888897	0.4420067653762676
0.202769	3.707562083333258	0.4430659351887094
0.203067	3.4845927777778263	0.4444158837724629
0.203364	4.767685555555561	0.4442338634358421
0.203661	3.7985047222222246	0.4420681843621069
0.203959	3.01824722222221	0.4419718021463141
0.204256	3.2753541666666264	0.44543141953374477
0.204554	3.003432916666662	0.44435870246117215
0.204851	3.2794798611109943	0.44688894450361305
0.205149	3.6610141666666873	0.4419078711792429
0.205446	4.3722258333331965	0.44641574700436304
0.205743	3.0800893055556156	0.4445126574052912
0.206041	4.091484583333398	0.4459246179742321
0.206338	3.407575416666666	0.4461661926745763
0.206636	3.98314819444455	0.44482688687395633
0.206933	2.927481388888853	0.44581769840029284
0.207231	3.838762083333336	0.4444390797267979
0.207528	3.3917351388888495	0.444274577513642
0.207825	3.6247251388888335	0.4447938544552302
0.208123	2.976708749999921	0.44719234327066665
0.20842	2.5135236111111015	0.44895340790843047
0.208718	3.3265320833333556	0.44386808665830596
0.209015	3.9696072222221934	0.44792922368100996
0.209313	3.3906670833332564	0.44325875334083087
0.20961	4.318218750000011	0.44689347470756907
0.209907	2.8080918055555415	0.4496287818010507
0.210205	2.9002568055555944	0.4428506350258053
0.210502	3.436651527777723	0.45128770464716794
0.2108	4.049387500000021	0.4454959639817478
0.211097	3.883482499999955	0.44809966120922834
0.211395	4.496244999999917	0.4429259141388603
0.211692	4.227450000000057	0.4461238479496137
0.211989	3.8449345833333703	0.4526625198373138
0.212287	3.4051308333333274	0.4432791980200434
0.212584	2.813949861111116	0.45032747318126143
0.212882	3.756402500000009	0.44505823797983196
0.213179	3.6479263888889335	0.4481083293638021
0.213477	3.8794104166666843	0.45397751740949144
0.213774	3.3103826388888136	0.44515126142607386
0.214071	3.6326387500000523	0.4499387091140963
0.214369	4.084509166666628	0.4465254877427467
0.214666	3.5246848611111004	0.44838838683722737
0.214964	3.891745277777785	0.4489721065040819
0.215261	4.4435490277777845	0.4444574701250882
0.215559	3.284050138888883	0.449605068205443
0.215856	3.3141280555554964	0.4477242452900957
0.216153	2.893974861111124	0.4494488369867264
0.216451	2.8125793055555537	0.4464161420097269
0.216748	3.874218611111142	0.4449271453498824
0.217046	3.2764513888888125	0.45050414302770525
0.217343	3.6260016666666317	0.44726689445854373
0.217641	3.552448472222176	0.4487426321382008
0.217938	3.065460833333322	0.4483691366160344
0.218236	3.138403333333324	0.44924787188272924
0.218533	3.938629999999943	0.44998406631527865
0.21883	2.961762083333288	0.4456483090311862
0.219128	3.72195972222225	0.4472631030422683
0.219425	3.7338498611110893	0.44937224251210606
0.219723	3.0919645833333975	0.4491089780505929
0.22002	3.679298055555571	0.44893621079375345
0.220318	3.123650833333391	0.44712813369261023
0.220615	2.726199305555479	0.4511928320869925
0.220912	3.1247522222221757	0.44832785675021464
0.22121	3.143887083333241	0.4521199389194197
0.221507	4.226773333333389	0.4467943665159443
0.221805	3.1903508333333797	0.4522049893672171
0.222102	3.9155331944444915	0.45155700819460554
0.2224	3.031036111111103	0.44912741453309857
0.222697	3.0406176388888584	0.45067888368621745
0.222994	3.6566127777778057	0.4478345397371342
0.223292	3.3429956944444417	0.45295361325211925
0.223589	3.523747777777757	0.4527705592673881
0.223887	3.121041666666695	0.4490566557865456
0.224184	3.019924305555537	0.4511339623765456
0.224482	3.177164583333285	0.44886509597493235
0.224779	2.9100909722221946	0.45432131536979947
0.225076	2.9093927777778372	0.4510915277278262
0.225374	2.420704027777778	0.4531910115929678
0.225671	3.8289636111110337	0.45401929911237177
0.225969	3.338942222222263	0.4501782814072282
0.226266	3.078734444444393	0.4547612438654022
0.226564	2.93322486111109	0.448380600643975
0.226861	2.8550445833333216	0.4552242450844607
0.227158	2.611880000000011	0.4543676442145772
0.227456	2.8882336111110973	0.45416603136769296
0.227753	3.055330416666635	0.45257290281937956
0.228051	2.3754651388888526	0.45132738577952736
0.228348	2.9826455555555453	0.4563686724857631
0.228646	3.3814236111110274	0.45424273707685453
0.228943	2.9019679166666545	0.4509977284064767
0.22924	3.702588749999962	0.4574554069647642
0.229538	3.122598750000023	0.44995329481376944
0.229835	4.101670972222227	0.4559266912928442
0.230133	3.67384652777774	0.45537565565354565
0.23043	2.756340833333324	0.45352784774696014
0.230728	2.8602565277777803	0.46020262343918655
0.231025	2.6844786111111363	0.4555341476081201
0.231322	3.396238472222284	0.45395356836423234
0.23162	3.110074305555539	0.4513823411610333
0.231917	3.315947083333355	0.4562478648706401
0.232215	3.0366918055555514	0.46026275095068875
0.232512	3.7522709722222913	0.4545350161354989
0.23281	3.6831583333333517	0.4551802000768902
0.233107	2.390166666666649	0.4563191594141781
0.233405	3.432301388888863	0.456862379316896
0.233702	3.168062361111108	0.46015395680116117
0.233999	3.0413113888888876	0.4540262537039569
0.234297	2.911193194444417	0.458301244721
0.234594	3.2240375000000654	0.4601112483361341
0.234892	2.7996990277777956	0.45594475911762333
0.235189	3.1548472222222124	0.4575393840605187
0.235487	3.2515323611111135	0.45697664850779146
0.235784	3.123320694444498	0.457317289886757
0.236081	2.987431111111074	0.46028627503021247
0.236379	2.795083055555536	0.4584334149883861
0.236676	2.9365901388889215	0.45627035107413916
0.236974	3.0622888888888777	0.45722427612569116
0.237271	3.431542777777725	0.4592460341402931
0.237569	2.9307241666666206	0.46205063878032615
0.237866	3.1170929166667083	0.45553427034388144
0.238163	2.656847777777771	0.4614786224570607
0.238461	2.5168266666666295	0.45701405065179285
0.238758	2.7588661111111623	0.45993887953784884
0.239056	3.208047361111177	0.45614002879545934
0.239353	2.386143194444439	0.4595535747772745
0.239651	2.5917654166666315	0.4623549804573054
0.239948	2.251226388888874	0.4594365840671845
0.240245	3.5748463888888837	0.45981529938728427
0.240543	3.415063472222175	0.45778780994046087
0.24084	3.099985694444447	0.4576512895318737
0.241138	3.2393251388889155	0.46086063017330875
0.241435	1.8135202777778314	0.46190692303075115
0.241733	3.4481541666666304	0.4581504820387019
0.24203	3.0187250000000887	0.4630398951064966
0.242327	2.958697500000027	0.45909742988150826
0.242625	3.0988311111110667	0.46276032112161736
0.242922	2.7707669444444605	0.4588925248312542
0.24322	3.038821805555565	0.45967551416619984
0.243517	2.6612361111111182	0.464287164200439
0.243815	2.3514944444444774	0.46213027846931937
0.244112	2.8870519444443765	0.45711506307026256
0.244409	2.8501497222221905	0.4606793107934674
0.244707	2.1606997222222324	0.46185908187749736
0.245004	3.0251208333333546	0.4651441504826065
0.245302	3.0931558333332854	0.4602935629599866
0.245599	2.7670308333334015	0.46157676812268883
0.245897	2.7368848611111973	0.4618603031904796
0.246194	2.6373598611111015	0.46097263022984664
0.246492	3.971512500000016	0.4637437714729363
0.246789	2.8798193055555688	0.4602207610104334
0.247086	2.98088750000002	0.46306607539449235
0.247384	2.8534116666667586	0.46416270672949506
0.247681	2.4976634722221913	0.4615785543839184
0.247979	3.035785972222178	0.4602694055528128
0.248276	2.06271402777781	0.4615741105540989
0.248574	2.947673055555531	0.46567469583824606
0.248871	3.194181666666651	0.46680865009340616
0.249168	2.721997083333334	0.46068666382829876
0.249466	3.416128194444421	0.46172038522274744
0.249763	2.6782173611111038	0.465240030327712
0.250061	2.002706388888904	0.4646546131686687
0.250358	2.781799027777798	0.46313191622501937
0.250656	3.3219362500000127	0.461278979395613
0.250953	2.2747965277777826	0.46378361306272203
0.25125	3.40723083333331	0.4666593226167492
0.251548	2.8139261111110914	0.4609222094722917
0.251845	2.4564315277776982	0.4646203529622129
0.252143	2.8522163888888885	0.46551960037594026
0.25244	2.4232690277777724	0.4665084470350569
0.252738	2.9156193055555324	0.46630885934424854
0.253035	1.9722029166666433	0.46262709974875793
0.253332	3.002070277777764	0.46331896270395495
0.25363	2.6967393055555977	0.4653162064027798
0.253927	2.3539027777777477	0.4664202132765162
0.254225	2.7083918055555145	0.46217238632495267
0.254522	3.1349756944444174	0.4668456245446056
0.25482	2.2179813888888633	0.4661592664130997
0.255117	3.427638611111097	0.46482199938232377
0.255414	2.177653194444553	0.4630362993244959
0.255712	2.312645972222249	0.464956100864952
0.256009	2.7798855555556123	0.46578990162600586
0.256307	3.0946351388889592	0.468778065009136
0.256604	1.9464018055555643	0.4656391105777502
0.256902	2.5639277777777503	0.4623546838119903
0.257199	3.0789544444443395	0.46670221436920434
0.257496	1.6001404166666955	0.46788596423462053
0.257794	3.2558133333332773	0.46704820251356627
0.258091	2.319713611111105	0.462181604496116
0.258389	2.4716901388889445	0.46846579346089035
0.258686	2.1917972222222426	0.46692557419862335
0.258984	1.5665202777778386	0.46864052493022607
0.259281	2.6042343055556616	0.4651300118655603
0.259578	2.734015000000003	0.4683108627185843
0.259876	2.9691973611111377	0.469468780510778
0.260173	1.754193888888942	0.4679710660681144
0.260471	2.649633055555576	0.46538664060095625
0.260768	2.697098333333323	0.468569598262694
0.261066	2.524383611111105	0.46764485370253167
0.261363	2.6252704166666607	0.4708917999356948
0.261661	2.939665694444402	0.46658354648711087
0.261958	3.0158254166666865	0.46861943557782715
0.262255	2.7390447222222214	0.4715225166434892
0.262553	2.0905518055556183	0.46583235037160026
0.26285	2.1681751388888637	0.47028413009131165
0.263148	1.8683056944444143	0.4659926098683084
0.263445	2.205120555555542	0.4707156659518909
0.263743	1.9782629166666865	0.47427924496614593
0.26404	2.4691609722222063	0.47243858712248454
0.264337	2.348297499999976	0.4661685383384819
0.264635	2.405727638888875	0.47146768814722007
0.264932	2.2959626388888843	0.4710293020535878
0.26523	2.7989856944444647	0.4707123554769411
0.265527	2.376343333333333	0.4682064774037672
0.265825	2.2637100000000654	0.47168710448619905
0.266122	3.3223888888888453	0.47199062288909205
0.266419	3.0853105555555738	0.470911949172556
0.266717	2.930057222222233	0.4708848111458684
0.267014	3.3728027777777125	0.47182715567253075
0.267312	2.2192136111110328	0.47283994219199194
0.267609	3.049795694444488	0.47362190930381753
0.267907	3.226767500000043	0.4789128510333349
0.268204	2.968575555555444	0.470796903928399
0.268501	2.46866416666661	0.4728746244556102
0.268799	2.828065416666661	0.47423116974191676
0.269096	2.3293754166666414	0.47571678671565887
0.269394	2.9170581944444463	0.47227203364612297
0.269691	2.337755277777811	0.4722065573390087
0.269989	2.079153888888934	0.47521312839693025
0.270286	2.390049444444413	0.47573206265087914
0.270583	1.9535147222223204	0.473923242748983
0.270881	2.6213069444444503	0.47389029471481603
0.271178	2.6323293055555386	0.4745174232428471
0.271476	1.8281716666666181	0.4776551788514287
0.271773	2.8611219444444247	0.47294755747940326
0.272071	2.7151043055555446	0.4742764699169484
0.272368	1.730303611111088	0.4742978821117444
0.272665	1.2818031944445263	0.4765906611568355
0.272963	2.4541529166666143	0.4768930342545847
0.27326	2.13031083333334	0.47660455112442723
0.273558	2.616184444444438	0.47485114266202294
0.273855	1.5435844444444502	0.4776634812639421
0.274153	2.4435226388888687	0.4756633325800173
0.27445	2.0812448611111156	0.47626171865056444
0.274747	1.9113518055555945	0.4759961698017189
0.275045	1.9453424999999491	0.47764911097091767
0.275342	2.3490747222222064	0.4793750216664538
0.27564	2.315947916666641	0.47438758660239827
0.275937	2.2776201388888673	0.4784497559709434
0.276235	2.3777412500000272	0.4775490302271655
0.276532	1.8860440277778068	0.4800579994298687
0.27683	2.4381111111110787	0.4789134485697551
0.277127	1.630750277777775	0.47379310398090224
0.277424	1.499244305555547	0.4790952804090605
0.277722	2.8400311111110987	0.47717381480839105
0.278019	2.34008944444438	0.47871447582976234
0.278317	2.29195583333341	0.47930888882982836
0.278614	2.686829027777815	0.47996007575463145
0.278912	2.2204822222221665	0.4791472308857928
0.279209	2.715992777777796	0.4805994915082159
0.279506	2.2712011111111297	0.4745834779281028
0.279804	2.1695554166667064	0.4815661966486544
0.280101	2.6010616666666753	0.47803052588971157
0.280399	3.1735309722222693	0.48014303630356375
0.280696	2.4936501388888255	0.4790058334762031
0.280994	2.3516287500000432	0.47870847223517404
0.281291	2.044155972222268	0.4811025254044244
0.281588	4.0978077777777555	0.48087466752267377
0.281886	2.9095613888889904	0.4790562704527569
0.282183	2.180832222222193	0.48053487907306974
0.282481	3.040405972222202	0.4797223154129775
0.282778	1.7604300000000528	0.48212845241111835
0.283076	2.6477461111110845	0.4797681159092752
0.283373	2.010278055555541	0.4785278519978631
0.28367	1.256363611111082	0.48458279070540883
0.283968	2.40407819444441	0.4823076089698404
0.284265	2.803937777777863	0.48297341121457915
0.284563	2.4566925000000195	0.4767684757574584
0.28486	2.1095370833332483	0.4829566978675448
0.285158	2.499838333333293	0.4831597938279199
0.285455	2.4507712499999634	0.48363394236264834
0.285752	1.2126969444443958	0.4817421849968425
0.28605	2.230492083333364	0.4828703274968859
0.286347	2.6864395833332466	0.4819206393960562
0.286645	2.79245166666664	0.48331132662084475
0.286942	3.374620138888913	0.4811087385488593
0.28724	2.4161366666666417	0.4836100967371442
0.287537	2.7271827777777036	0.4854855037431683
0.287834	1.2100348611111134	0.49940617678595994
0.288132	2.5662340277778206	0.5151468672372439
0.288429	2.730188472222257	0.5267159169888874
0.288727	2.3397408333332903	0.5357240395518724
0.289024	2.637294861111159	0.5411135372413246
0.289322	1.6263313888888131	0.5488210751574837
0.289619	2.4535019444444517	0.5505931806215099
0.289916	3.176399722222234	0.5565226973435572
0.290214	2.0585293055554965	0.5668971983866322
0.290511	1.966807777777766	0.5698265052625395
0.290809	2.4659126388890362	0.5728334167367768
0.291106	2.330134583333301	0.5836382968128203
0.291404	1.6534855555555916	0.5907438030948181
0.291701	1.351607361111098	0.5956027535451665
0.291999	3.4683331944444307	0.5912968187122383
0.292296	1.5710663888889531	0.6078370824186098
0.292593	2.4201048611111275	0.6173643354658622
0.292891	2.1531680555555743	0.6230121369254026
0.293188	1.7893584722221556	0.6307751147943964
0.293486	2.4882981944444715	0.6307164613530067
0.293783	1.0194343055555066	0.6454643204955095
0.294081	1.4314133333333379	0.6444715646155953
0.294378	3.207210138888885	0.6571657171621034
0.294675	1.8163693055554742	0.6625424421764823
0.294973	3.3198780555555008	0.6694478547094629
0.29527	1.622832222222228	0.6815303318645882
0.295568	2.401425277777731	0.6867243009696654
0.295865	1.9622952777777902	0.6847563247966636
0.296163	1.5769218055556289	0.7040357365584676
0.29646	0.9970606944444071	0.7087172495535273
0.296757	1.5862604166667271	0.7253094889827427
0.297055	2.4477395833332993	0.7220557301565963
0.297352	2.1367751388889467	0.7193579445432308
0.29765	2.895520972222201	0.752773236022405
0.297947	2.8406330555555126	0.7529586940015596
0.298245	1.5144880555555185	0.7556322360249018
0.298542	2.9693484722221797	0.7691832605920423
0.298839	1.639344861111094	0.7896083263268884
0.299137	2.3202363888888433	0.7831861951024213
0.299434	1.833727499999953	0.7967223438044635
0.299732	1.3101081944444326	0.8093237016063194
0.300029	1.07619902777778	0.8241431848334971
0.300327	3.2274781944444753	0.8308434421766242
0.300624	2.9741188888888903	0.8483391932466569
0.300921	3.986717638888906	0.8223406957887871
0.301219	1.6765874999999753	0.8396602449109276
0.301516	2.276867361111079	0.8601588019040156
0.301814	1.120477777777662	0.8722278806616093
0.302111	1.6840197222222075	0.8668838124690681
0.302409	1.668781388888898	0.8870798451065716
0.302706	1.4018038888888862	0.8927016779870275
0.303003	1.521867638888832	0.924181744506716
0.303301	1.1718276388889226	0.917984102905694
0.303598	2.7306570833333454	0.934200233360237
0.303896	0.8017784722222432	0.9635936822742697
0.304193	3.0879302777777706	0.9476120290399362
0.304491	2.2267308333333835	0.9528914521293822
0.304788	2.703086250000042	0.9524233058932333
0.305085	0.19523722222217987	0.9451499987712173
0.305383	2.5122505555555463	0.9594951119431281
0.30568	1.6181209722222345	0.9486073508917173
0.305978	0.9274509722222346	0.942060477917816
0.306275	1.150031388888899	0.9702604017308512
0.306573	1.729434861111221	0.9769008674641828
0.30687	1.4806097222222592	0.9919487228692789
0.307168	1.7407951388889398	0.9682743670481225
0.307465	2.0709320833333544	0.9916863304524093
0.307762	4.025667361111207	1.00393464914902
0.30806	2.5220626388889356	1.007829264650226
0.308357	1.9663226388888377	1.0061943912964462
0.308655	1.716214722222289	1.0288720762634795
0.308952	2.675990694444459	1.0232038203100278
0.30925	0.6446755555555539	1.0509118715782266
0.309547	2.6056411111110744	1.0337361692757552
0.309844	0.7149945833332927	1.0517906339934269
0.310142	4.014700138888978	1.0670097356002002
0.310439	2.322618750000003	1.0836561114657213
0.310737	0.7404665277778122	1.1056373673718742
0.311034	1.1923827777777474	1.0572427684096868
0.311332	2.1283150000000584	1.0966930556534937
0.311629	1.1888819444444731	1.1285129636499285
0.311926	2.8457963888889415	1.1333699038122367
0.312224	-0.12508652777770912	1.1073330907626682
0.312521	2.036425972222249	1.1350965638860275
0.312819	2.9590552777777512	1.1724800307983085
0.313116	0.8117104166666111	1.1640057489487696
0.313414	1.4636156944444378	1.1538618904706475
0.313711	2.47780277777772	1.17664173970633
0.314008	0.732707222222273	1.212483063226186
0.314306	3.3398306944444522	1.2102620900445662
0.314603	2.9719947222222576	1.2144020086619203
0.314901	1.7616759722222364	1.2202628098732853
0.315198	1.1086997222222505	1.2484735653779337
0.315496	3.143180000000072	1.2637952965233272
0.315793	3.343311388888841	1.2912785103018527
0.31609	1.0483305555555855	1.249849192420044
0.316388	-0.3924847222221661	1.3007163648196194
0.316685	0.3686813888889118	1.3398766481678126
0.316983	0.027689166666706733	1.3417147665237563
0.31728	2.6869308333333475	1.3109615675937467
0.317578	1.0451211111110403	1.3587928341649576
0.317875	2.102364583333398	1.3974625798682703
0.318172	-1.44778333333341	1.4231869650686784
0.31847	1.1059259722222592	1.3868149314831584
0.318767	3.2748065277778826	1.415844452582639
0.319065	2.0791875000000415	1.4741915089788842
0.319362	2.9260873611110583	1.4994347796628298
0.31966	2.5086201388888574	1.4630973971996426
0.319957	0.9704029166667238	1.4910634229575592
0.320254	2.368924583333354	1.5829715881726147
0.320552	3.0371998611111906	1.5850060619882274
0.320849	2.5287454166666645	1.576591478654685
0.321147	2.8100718055555562	1.5925089793924097
0.321444	2.1664358333332645	1.6429437232860304
0.321742	1.5197819444444782	1.6905615865735186
0.322039	1.1486670833333124	1.7078170894818376
0.322337	2.129749166666697	1.670172145843489
0.322634	1.978820416666669	1.7866342029053153
0.322931	1.7566473611111544	1.828697549756228
0.323229	2.5961733333333736	1.9073326741604704
0.323526	0.8671165277778137	1.8995212522469092
0.323824	2.226008194444522	1.9033954465812566
0.324121	1.5887512499999579	2.0503462567212623
0.324419	0.8682456944444494	2.109044713302328
0.324716	3.141894861111161	2.1662938368699245
0.325013	3.0879337500000448	2.221366970822738
0.325311	-0.9158837500000416	2.3100204473975485
0.325608	3.820932500000005	2.394467357703809
0.325906	2.2247300000000347	2.492984481727811
0.326203	4.465598888888893	2.5295236879262597
0.326501	-1.6509370833333126	2.6721072404555377
0.326798	0.6962894444445045	2.8112098123295404
0.327095	0.4332618055555537	2.944033123268005
0.327393	0.9859494444444561	3.0804311930111505
0.32769	-2.7038294444444455	3.4642316361197594
0.327988	3.979278055555593	3.615528394969727
0.328285	-1.2587137500000622	3.8031020447999158
0.328583	7.7786591666666505	4.274513410137623