0.00365322	1883.7591346153567	412.2283557557978
0.00395185	-312.4009615383875	252.07539582664506
0.00425048	1427.9567307692014	183.6718778786956
0.00454911	1184.1627403845996	153.35231272434513
0.00484773	926.6451923076511	131.39136568838273
0.00514636	651.3310096154146	110.32415228020334
0.00544499	554.3828365384161	99.79030325983669
0.00574362	518.606682692307	85.88269876733726
0.00604225	541.0422836538373	79.97737475059985
0.00634088	414.7274278846271	69.5615214130294
0.0066395	628.8718990384587	63.81229886221551
0.00693813	503.86701923076544	56.91117648386414
0.00723676	396.7206490384615	53.077632304146476
0.00753539	359.00848557691916	49.44315944991411
0.00783402	374.6432451923056	43.88213000648391
0.00813264	338.90091346153895	41.94778159079661
0.00843127	349.3836057692124	37.89603320265132
0.0087299	377.5471153846206	35.551686922334795
0.00902853	403.245721153844	33.43015602466116
0.00932716	333.13478365385436	30.674397246562425
0.00962579	317.05276442307877	29.56688862204713
0.00992441	301.5059855769266	27.261362659339763
0.010223	301.8385817307694	25.653640686642035
0.0105217	353.64706730769853	24.182805673813547
0.0108203	307.5016586538436	22.77642103382712
0.0111189	305.18877403845977	21.851099104701756
0.0114176	337.45650721153936	20.66376172756925
0.0117162	337.78318990384264	19.435663514061314
0.0120148	297.39407451922943	18.592592888536686
0.0123134	261.0104062499994	17.721579935855296
0.0126121	305.51083413461356	17.018291182619098
0.0129107	304.03104086538633	15.90376608868413
0.0132093	274.65980048076744	15.616714748805286
0.013508	288.8532620192302	14.697722054732447
0.0138066	261.1795817307694	14.106399456618977
0.0141052	275.9898317307693	13.384156911484407
0.0144038	274.40971153845965	12.995376518013773
0.0147025	256.4770745192311	12.579061088071729
0.0150011	303.4386201923087	12.003705525294922
0.0152997	272.35370913461566	11.595961302055645
0.0155984	292.137771634614	11.005745200185078
0.015897	262.0355192307707	10.76023328948257
0.0161956	256.2429375000005	10.490734922759072
0.0164942	255.4900961538459	9.938388128635099
0.0167929	267.03541586538336	9.799606589189567
0.0170915	260.7291129807689	9.373960059111846
0.0173901	257.2396874999984	9.128205143693656
0.0176888	269.0159278846147	8.893183603039
0.0179874	269.08648557692345	8.62229407635276
0.018286	250.74410336538392	8.834178811862593
0.0185846	249.76611778846205	8.483330519082108
0.0188833	259.0323389423091	8.545737317029149
0.0191819	268.339276442307	8.332562733156303
0.0194805	231.88914663461588	8.035982602084715
0.0197791	249.7853509615382	8.170571126848884
0.0200778	241.13950240384725	7.796663386790276
0.0203764	234.62526923076908	7.805440030908237
0.020675	235.14159375000048	7.67744220637968
0.0209737	229.73301923076932	7.6891861445496135
0.0212723	235.42260576923084	7.80591206457657
0.0215709	234.4678701923074	7.618377347828792
0.0218695	232.06669471153873	7.709789068574847
0.0221682	235.88015624999883	7.561426237068277
0.0224668	236.3057596153847	7.5607165674569075
0.0227654	235.47320192307666	7.565226055717764
0.0230641	227.83197115384596	7.189068169810713
0.0233627	229.60562019230736	7.08473272574201
0.0236613	218.06816826923054	6.825269978510082
0.0239599	218.9203413461533	6.809382617669303
0.0242586	218.66118028846145	6.64942837406935
0.0245572	219.83927884615412	6.473253918139583
0.0248558	222.3493918269223	6.4016321875228925
0.0251545	229.4567884615384	6.385491466325601
0.0254531	213.73336298076893	6.22692730468164
0.0257517	225.04816586538382	6.159227055230581
0.0260503	213.00206971153798	6.043942866245834
0.026349	207.12038942307757	5.989223105269428
0.0266476	217.83265384615368	5.8987452345781515
0.0269462	206.5670769230764	5.786015902571664
0.0272449	215.40375721153836	5.725321888464309
0.0275435	210.90190384615383	5.742565301341173
0.0278421	204.7024759615381	5.5359858262416175
0.0281407	212.97429807692362	5.544165641241509
0.0284394	196.38993750000068	5.3548509084084905
0.028738	200.43605048076955	5.3866173914870545
0.0290366	198.8367475961536	5.374969505583133
0.0293353	195.90732692307682	5.183590284950785
0.0296339	198.59260096153855	5.2352461628019125
0.0299325	200.79168749999994	5.0926112222466875
0.0302311	201.12819951923044	5.105218356673934
0.0305298	197.677189903846	5.031759900117586
0.0308284	184.32150000000001	4.9754639686552915
0.031127	193.5472067307694	5.002950014604311
0.0314257	185.69020673076906	4.926959811784556
0.0317243	192.44792307692336	4.880717541606898
0.0320229	190.47965624999983	4.812407426528551
0.0323215	180.9342836538461	4.826348118195931
0.0326202	187.50168028846133	4.843992858315651
0.0329188	194.63526923076932	4.774494568656955
0.0332174	192.44384134615387	4.694555520904864
0.0335161	176.92544711538517	4.710842770836889
0.0338147	178.82321394230743	4.675396276944408
0.0341133	181.32495432692323	4.691377716698597
0.0344119	185.49623076923046	4.596404586590463
0.0347106	173.29349278846166	4.59017270065828
0.0350092	174.38612740384593	4.603257039655587
0.0353078	181.184141826923	4.556725955237131
0.0356064	176.53252788461515	4.531896995490333
0.0359051	170.3868043269233	4.456071922946085
0.0362037	169.89684807692313	4.492599734684119
0.0365023	168.6816605769227	4.469382992996561
0.036801	165.67529134615404	4.420531124067685
0.0370996	165.8767860576922	4.4085833770346
0.0373982	173.67231201923084	4.363307312906536
0.0376968	169.67481201923073	4.417077804536016
0.0379955	162.79177211538453	4.331198605139648
0.0382941	157.8907644230771	4.306268007832841
0.0385927	160.58739374999982	4.310118520614532
0.0388914	160.16456249999982	4.295404298260006
0.03919	159.8609769230763	4.300317931233035
0.0394886	163.0627341346151	4.204004064280388
0.0397872	156.05830817307628	4.2151294121644325
0.0400859	152.7476264423077	4.2291932650598545
0.0403845	153.21189807692315	4.1971051441448886
0.0406831	148.1779016826925	4.197463273618188
0.0409818	147.8860925480771	4.142572964205011
0.0412804	148.24507139423062	4.153629527924889
0.041579	149.43004182692277	4.1265154583924515
0.0418776	144.81899350961484	4.077596016537523
0.0421763	151.86218581730736	4.200119625787275
0.0424749	147.84798100961524	4.22647984494591
0.0427735	140.0506521634619	4.311552383444323
0.0430722	147.37457019230746	4.2869447264330045
0.0433708	140.83455576923086	4.307530909909732
0.0436694	142.9518461538457	4.307584758571314
0.043968	145.403079807692	4.382174848455681
0.0442667	137.0586490384619	4.378976966557487
0.0445653	142.03292019230744	4.33575914806852
0.0448639	137.64839206730713	4.383197935202846
0.0451626	137.62065937500026	4.379441106702901
0.0454612	134.3080716346151	4.393531048506089
0.0457598	137.1592593749998	4.385288483941632
0.0460584	133.40772187500008	4.415698324998395
0.0463571	135.75685528846145	4.420956232775694
0.0466557	135.50419471153788	4.425853392391971
0.0469543	130.31621105769239	4.389059319808349
0.047253	119.06450985576939	4.382351204240984
0.0475516	125.00078149038465	4.378279927797998
0.0478502	121.768115625	4.401886478441195
0.0481488	125.31437235576938	4.35538429794879
0.0484475	121.70173918269221	4.385664377766896
0.0487461	122.82207187499971	4.350474602576536
0.0490447	125.96738437500015	4.346731706766644
0.0493434	119.63288293269223	4.373430139651458
0.049642	127.38642548076875	4.288336516907873
0.0499406	118.93901971153838	4.369201316668356
0.0502392	117.5676360576923	4.314162775704209
0.0505379	114.09863221153813	4.311753292445975
0.0508365	117.6299632211542	4.29766752736509
0.0511351	115.03275937500007	4.285958858872582
0.0514337	111.66792836538463	4.288673377162087
0.0517324	107.60526995192315	4.272198026569985
0.052031	110.27659182692254	4.27215546745268
0.0523296	113.61818725961498	4.285001885214254
0.0526283	111.47130793269199	4.257831954378422
0.0529269	109.16715504807698	4.263496929335523
0.0532255	115.82950600961553	4.246440653655505
0.0535241	104.87539831730757	4.239302718369161
0.0538228	103.7034533653847	4.232606297453043
0.0541214	104.7099512019227	4.232926856009886
0.05442	108.71481057692257	4.22310891480044
0.0547187	108.07756514423055	4.193667277406549
0.0550173	100.37057163461462	4.236501677631056
0.0553159	107.84333725961496	4.171787928820871
0.0556145	105.55671634615415	4.218615763337517
0.0559132	101.566251923077	4.16920344163623
0.0562118	101.852774278846	4.155206526960597
0.0565104	103.68496802884557	4.155549866452093
0.0568091	98.03860096153862	4.160504624079661
0.0571077	101.41460841346117	4.136546126112018
0.0574063	98.54199519230747	4.136743504195604
0.0577049	98.11857836538422	4.139848452145886
0.0580036	98.23196105769249	4.139127893763963
0.0583022	99.08148461538467	4.112583116978786
0.0586008	88.71794495192304	4.1163391254189685
0.0588995	93.96167740384648	4.097121010828286
0.0591981	94.99162139423085	4.097199021924618
0.0594967	86.35675673076925	4.116368923705239
0.0597953	84.95666610576883	4.043975602182382
0.060094	94.07391201923076	4.082262190636013
0.0603926	84.30883629807688	4.07261757905519
0.0606912	93.41312740384588	4.08074064507309
0.0609899	88.46440889423043	4.0562443209727
0.0612885	94.15550120192286	4.0294191633590435
0.0615871	79.83410192307666	4.076510921493032
0.0618857	87.3960093750005	4.023016561962222
0.0621844	83.96540408653834	4.011018975836374
0.062483	84.39277860576944	4.063591320838393
0.0627816	87.33024086538443	3.963784324150568
0.0630803	75.80641009615363	4.038748318923592
0.0633789	86.10431754807749	3.9981018942457784
0.0636775	78.55919278846173	3.9814775747215037
0.0639761	87.97676105769192	3.9934837960675
0.0642748	84.44252812500025	3.9833148382569488
0.0645734	84.32328750000032	3.9962035151637103
0.064872	73.07056009615344	3.945506710490018
0.0651707	83.35271899038439	3.979798814009006
0.0654693	79.85357019230761	3.9554667129140766
0.0657679	77.25302524038447	3.9460668583089515
0.0660665	80.14773533653845	3.9515970811042918
0.0663652	74.58016225961515	3.909426344190439
0.0666638	74.49600144230793	3.937622280326732
0.0669624	79.01498653846161	3.928751845879292
0.067261	79.92855865384605	3.9170965446844725
0.0675597	77.81317283653827	3.9446958365000624
0.0678583	74.72536225961541	3.8736940610970874
0.0681569	73.6822918269231	3.9158231895051516
0.0684556	71.56541538461546	3.858037741338688
0.0687542	72.10680216346148	3.9199203772723568
0.0690528	65.45445432692304	3.874385416228528
0.0693514	71.05992043269246	3.8686238141082048
0.0696501	75.07253653846149	3.8910647454141705
0.0699487	72.15150793269245	3.838421227664815
0.0702473	66.16961610576901	3.8720169471660872
0.070546	75.2141091346148	3.847214436200008
0.0708446	70.65166658653865	3.847402621865534
0.0711432	69.05229519230723	3.8402085641715633
0.0714418	67.47298052884567	3.7875576134754505
0.0717405	71.2316358173075	3.8708723111616297
0.0720391	63.06904543269184	3.816610094842408
0.0723377	66.64563677884637	3.8144433181136708
0.0726364	71.25910889423047	3.82921239093756
0.072935	61.63745552884599	3.7811655403393036
0.0732336	67.654351442308	3.808344560820286
0.0735322	62.2139329326923	3.783576084288948
0.0738309	62.778493990384305	3.78770894422324
0.0741295	66.0189216346155	3.785603581262795
0.0744281	69.45774807692281	3.7777462187805777
0.0747268	64.99058798076938	3.780314358730468
0.0750254	61.75184711538492	3.735524136541497
0.075324	67.82042235576888	3.7738564894449937
0.0756226	60.29460288461536	3.7661884715786536
0.0759213	63.78315072115399	3.7587035345782214
0.0762199	62.49967427884634	3.747183211471579
0.0765185	60.44698629807691	3.7035098914519846
0.0768172	58.60783557692265	3.7561715056805967
0.0771158	64.58438653846116	3.73540080077207
0.0774144	64.29782524038508	3.719983518039275
0.077713	58.76020240384619	3.7142994264456886
0.0780117	64.90230576923061	3.6876037031161255
0.0783103	62.83245216346103	3.7408663049905684
0.0786089	59.95656923076922	3.671057001046182
0.0789076	59.3137983173073	3.707679588646583
0.0792062	63.2512579326918	3.7366168799304798
0.0795048	56.0453314903846	3.7127731151602403
0.0798034	58.75583293269223	3.7022985697935016
0.0801021	57.886379567307245	3.632355571667932
0.0804007	59.67148269230762	3.670053092667213
0.0806993	56.333001923076935	3.6718177097791584
0.080998	58.420355769231236	3.6604252369346333
0.0812966	49.74656610576943	3.7341120255992104
0.0815952	51.76944735576974	3.802088735401147
0.0818938	54.92888437500014	3.9082352756917706
0.0821925	55.062457932692084	3.8929991147855727
0.0824911	53.952017307691946	3.970748671389783
0.0827897	53.53199062500018	3.9848384279247324
0.0830883	59.541649038461486	3.990647205375957
0.083387	53.61973052884579	4.101316234774587
0.0836856	51.98005024038444	4.028192958491158
0.0839842	54.9167834134613	4.129268119393225
0.0842829	52.428234375	4.082094187753385
0.0845815	59.61395048076902	4.132834433232697
0.0848801	50.72037620192333	4.104140071392162
0.0851787	42.76843413461506	4.07403745746408
0.0854774	53.08739567307711	4.1489897206907935
0.085776	47.54896947115334	4.133066066210595
0.0860746	48.670345673076625	4.176147826352855
0.0863733	47.33387379807695	4.01524840922417
0.0866719	51.491262980769505	3.924618744131316
0.0869705	47.05918413461532	3.8933695023050747
0.0872691	53.47802668269196	3.84105373170762
0.0875678	50.444405048076746	3.782935964080713
0.0878664	51.95341225961542	3.7400154832233734
0.088165	47.81864423076918	3.75369714738398
0.0884637	49.5589262019228	3.7102450212772764
0.0887623	46.77170120192251	3.655241189530902
0.0890609	49.859883894230705	3.698314764533704
0.0893595	48.706055769230545	3.643465749766513
0.0896582	41.3449572115379	3.6769121514809653
0.0899568	48.21699807692369	3.6498649678473463
0.0902554	48.83709374999967	3.6346476379990977
0.0905541	47.53408124999993	3.6479951633903487
0.0908527	50.604687259615346	3.606164417316334
0.0911513	49.92799254807643	3.637281103918029
0.0914499	46.533162980769305	3.6034403034691507
0.0917486	44.39486322115421	3.6036620644514143
0.0920472	45.84889759615422	3.624136200799646
0.0923458	50.995346394230765	3.566991603316444
0.0926445	40.06254302884642	3.6014749377399324
0.0929431	41.99781274038472	3.555189515916086
0.0932417	48.25142884615332	3.561867088119016
0.0935403	44.48768004807718	3.58092672689576
0.093839	37.78328725961579	3.5462613544723576
0.0941376	45.49527620192279	3.5752329222972037
0.0944362	37.66861874999911	3.525014069431963
0.0947349	45.3752581730766	3.5416304649877826
0.0950335	43.96106249999967	3.5493818342351307
0.0953321	40.41259543269227	3.5155507502449663
0.0956307	38.78489783653876	3.5360251659926165
0.0959294	41.53498774038468	3.49464834899357
0.096228	39.85100625000001	3.526527045716005
0.0965266	34.860788942307295	3.517420547621921
0.0968253	37.52031850961508	3.4800508143490814
0.0971239	42.891871153845926	3.519267662258054
0.0974225	41.53400048076875	3.492107255050233
0.0977211	43.69219615384608	3.49350892211831
0.0980198	34.91395168269236	3.463885723491379
0.0983184	45.369482451923204	3.4727027345903196
0.098617	43.202143269230504	3.488168606979782
0.0989156	36.85612211538441	3.4628940918848
0.0992143	41.19202788461514	3.4717746578567446
0.0995129	36.564240865384434	3.4148432049084563
0.0998115	49.068768749999876	3.4745728026503886
0.10011	40.43764759615385	3.433826349191712
0.100409	37.12737403846141	3.4510291178794543
0.100707	39.79738557692308	3.4354764650796428
0.101006	34.798135096153615	3.424316591749931
0.101305	39.64139278846169	3.439781188337535
0.101603	39.9378685096157	3.4239463285463767
0.101902	37.455786778846445	3.423613986270708
0.102201	33.67744182692313	3.4057195880254643
0.102499	42.32559086538487	3.407830213779811
0.102798	38.194777644230626	3.4192728806765165
0.103096	38.0193699519225	3.3762388017174563
0.103395	39.920062499999815	3.4009306357809233
0.103694	37.30902692307673	3.399805046892615
0.103992	36.744627403846266	3.3787378650226567
0.104291	33.95776730769242	3.399691418267765
0.10459	34.5553918269232	3.3486875653250827
0.104888	31.345686778845945	3.392515515668412
0.105187	37.01227788461537	3.3518514496455443
0.105485	29.733204807692175	3.370441763140927
0.105784	35.69442043269255	3.3693142645814405
0.106083	35.43625528846121	3.3395343677418996
0.106381	32.08156730769247	3.363222362134925
0.10668	35.66475288461504	3.3463248481729044
0.106979	29.88229182692308	3.335644579758992
0.107277	37.387447355769154	3.352118632691977
0.107576	36.196489182692204	3.340869206338863
0.107874	29.426953125000068	3.3163290884422487
0.108173	36.36186778846117	3.3247920167190532
0.108472	28.379414423076668	3.3424843215155704
0.10877	34.68098365384613	3.3162700847827677
0.109069	37.008017307692214	3.31970487849828
0.109368	25.996818028846036	3.3146781611227576
0.109666	31.780563461538165	3.280615943393345
0.109965	37.33195745192248	3.32536428865024
0.110264	29.796783173076946	3.283776544388251
0.110562	25.338062019230918	3.3030798257261855
0.110861	24.66982211538479	3.279918974274443
0.111159	30.10272836538462	3.289131308616278
0.111458	31.955612740384396	3.300769161960338
0.111757	31.2863026442308	3.2535728914210034
0.112055	25.173494711538353	3.281725177268131
0.112354	31.95382427884617	3.2627001629907086
0.112653	30.90525432692303	3.273891875637704
0.112951	29.71777139423061	3.271116882108643
0.11325	28.09972644230811	3.2404350716505723
0.113548	29.750513221154122	3.271443025536339
0.113847	26.193835817307445	3.242385194531915
0.114146	31.62531562499943	3.25392212071096
0.114444	27.205876442307684	3.249521203369896
0.114743	28.78145625000016	3.232372350894342
0.115042	31.209956249999564	3.2287117759484807
0.11534	30.336542307692156	3.233063522981039
0.115639	33.10106971153829	3.2407788707505736
0.115937	26.92744615384548	3.233619571080652
0.116236	30.72649543269243	3.2149918105367963
0.116535	25.800806971153563	3.2223726489845657
0.116833	20.270550000000043	3.228317743198531
0.117132	26.245967307692553	3.1929925353934028
0.117431	26.736672115384295	3.214236359755673
0.117729	27.72844182692303	3.2039404286883464
0.118028	24.95526490384634	3.2081121698812445
0.118326	22.580257211538353	3.1954725691909505
0.118625	33.868260576923106	3.186536976719725
0.118924	30.124308894231433	3.1995058265078082
0.119222	30.232915384615282	3.1869199105979624
0.119521	27.210285576922644	3.183147653934276
0.11982	23.475138461538094	3.1783686667378404
0.120118	26.44218533653799	3.183586425109656
0.120417	29.66077932692322	3.1601115669986877
0.120716	18.821715144230353	3.177391799353351
0.121014	27.054233653846396	3.1545425216553227
0.121313	20.89210168269247	3.179804979536898
0.121611	23.588941586538326	3.155461839827963
0.12191	31.685944471154173	3.1538426715037677
0.122209	27.701001201923248	3.1593451958226195
0.122507	27.772248317308055	3.1405692518696915
0.122806	25.170457211538988	3.1456205565477418
0.123105	28.336683894230816	3.153443869095406
0.123403	25.293840865384354	3.1334831833989125
0.123702	26.848441586538243	3.152796751231876
0.124	25.283017067307654	3.119585900238946
0.124299	26.6313959134623	3.1426073701226436
0.124598	20.125067307692248	3.1046823461289295
0.124896	27.046350721153658	3.1165995486515503
0.125195	28.6203490384613	3.1458150351526895
0.125494	24.75880889423152	3.094488486625242
0.125792	27.650175000000203	3.1327568027508295
0.126091	21.372787499999788	3.1067381517289068
0.126389	26.359104086538636	3.0996950772579006
0.126688	23.314647115384375	3.22504984930808
0.126987	21.822546634615207	3.229868122622589
0.127285	23.508330288461323	3.3095289860089014
0.127584	23.50909975961521	3.3359453602754754
0.127883	21.582828605769393	3.329496637183275
0.128181	25.872693028846072	3.370668732592779
0.12848	22.949903365384188	3.3540227707805754
0.128778	24.18531706730775	3.2705313836536702
0.129077	21.665808173076826	3.23002608634231
0.129376	22.168490625000103	3.2046797011609978
0.129674	22.959833653846644	3.1904951482788726
0.129973	23.732257211538865	3.195055712468821
0.130272	18.572346634615897	3.2130541234625167
0.13057	20.970200480768995	3.173524318199704
0.130869	24.062125961538428	3.1921481505367106
0.131168	32.618029326923335	3.1564264373669224
0.131466	14.13693605769268	3.1764791164379598
0.131765	20.27882884615373	3.150807022790702
0.132063	21.955149519230943	3.1466647152506746
0.132362	25.01293846153807	3.1462422939221133
0.132661	20.80383028846171	3.1229296130120123
0.132959	20.144972596153607	3.1460639759652222
0.133258	17.550184615384765	3.104085875591716
0.133557	15.381544471153674	3.099331878084773
0.133855	26.974042788461574	3.11682534118164
0.134154	21.860277403846524	3.0688194552242165
0.134452	24.739394711538907	3.0833078437065655
0.134751	22.758000721153522	3.048975985384744
0.13505	24.658412019230695	3.0714050880175487
0.135348	20.81580432692263	3.061399887102595
0.135647	24.823921874999968	3.0318717427125086
0.135946	16.813897355770138	3.060972596436232
0.136244	24.816971394230478	3.0264868714048307
0.136543	24.545684134615087	3.0493501319101144
0.136841	19.91766129807651	3.0396140457124443
0.13714	24.530256490384588	3.0315060515452843
0.137439	20.213510336538647	3.0305292835159783
0.137737	23.05454134615367	3.0021964425066234
0.138036	17.52030000000019	3.025750404251287
0.138335	20.077989663461295	3.032256944608227
0.138633	22.266057692307584	2.996735681010281
0.138932	15.011927884614948	3.0302013645222217
0.13923	23.849953125000596	2.9840831369469396
0.139529	21.42424399038447	3.0123913362454395
0.139828	16.600931249999604	2.989886791841581
0.140126	23.35351370192342	3.007633271682839
0.140425	19.559390625000077	3.0142562204786723
0.140724	24.20356225961534	2.9775341881332573
0.141022	22.856035096153917	2.9957957587021817
0.141321	24.77710384615378	2.974235629635352
0.141619	19.204404807691944	2.995492950535521
0.141918	21.6909432692308	2.960084399925639
0.142217	19.916440384615512	2.9913195394277614
0.142515	18.671849278845585	2.992234525078277
0.142814	24.115930528846405	2.956052718597086
0.143113	20.589273317307644	2.9655323834334655
0.143411	19.49311442307703	2.9593278846634137
0.14371	13.060135096154184	2.9628389883690236
0.144009	19.408246153846633	2.966109205059407
0.144307	21.31170288461533	2.9552007971863166
0.144606	21.46154134615408	3.0215542067137466
0.144904	14.846738221154183	3.048129498532156
0.145203	23.31182812499989	3.11874589134791
0.145502	19.672830288461256	3.165943550972493
0.1458	20.09314182692357	3.176737447741919
0.146099	18.086582451923192	3.193689217849401
0.146398	17.232553124999583	3.167347397457159
0.146696	22.76913389423072	3.2241363496368765
0.146995	22.512038942307484	3.2032911067022316
0.147293	22.344993028846076	3.2298027584683036
0.147592	15.136851201923491	3.260969830096627
0.147891	22.58861971153813	3.2289277672530456
0.148189	20.206506490384513	3.2416676645171996
0.148488	13.184226201922726	3.2314751289079653
0.148787	21.404275961538275	3.258513988011214
0.149085	19.342879326922997	3.262793454488819
0.149384	22.030355769230567	3.267516640375044
0.149682	18.1003716346153	3.2140261633626332
0.149981	20.606249278845894	3.1105887652150166
0.15028	16.96151033653834	3.083031220554411
0.150578	22.83887740384614	3.0459975750290345
0.150877	14.541495432692315	3.0205590308628003
0.151176	22.395491105768883	3.01685260263988
0.151474	18.71268461538456	2.9869873276198287
0.151773	18.707350240384173	2.9938655051366103
0.152071	13.243846153846164	2.9556066875473705
0.15237	15.88649206730743	2.9654551447925623
0.152669	16.836152884615032	2.9649492857922164
0.152967	15.137255769230507	2.956092320966764
0.153266	18.876363461538332	2.9729421348349647
0.153565	15.357350480769227	2.9409859423849216
0.153863	16.43292908653848	2.949368470917103
0.154162	18.98661346153858	2.9519892825074963
0.154461	17.249178605769373	2.946882691387302
0.154759	17.105538461538572	2.97172963096969
0.155058	19.558286538461402	2.9284362804886763
0.155356	21.215528365384486	2.9515157245106
0.155655	15.606818509615366	2.9248085134111457
0.155954	13.9055423076924	2.923156493847132
0.156252	18.49798918269215	2.9345669961869056
0.156551	15.819716826923482	2.9140918420163904
0.15685	17.44493942307642	2.938007135944824
0.157148	18.33686826923028	2.8964516693363898
0.157447	15.520460336538378	2.91803844859859
0.157745	13.906668028845814	2.8937404960938284
0.158044	19.378169711538007	2.9108144087532315
0.158343	22.240371634615457	2.9071703060791423
0.158641	15.394020432692201	2.896656412247953
0.15894	17.98892956730768	2.8914338528494614
0.159239	13.089506971154208	2.8849447505750385
0.159537	16.639711298076705	2.8908192305591505
0.159836	10.080703846154009	2.8921195102225083
0.160134	14.664295673076566	2.8634306294849674
0.160433	13.614700961538446	2.8863443780044413
0.160732	18.938655288461632	2.8644756229984587
0.16103	17.15826850961541	2.874664576228529
0.161329	20.730959855768916	2.856618398214601
0.161628	17.034631009615495	2.8673720584551474
0.161926	15.89458197115377	2.876136764997428
0.162225	12.650299759615322	2.8445259141092736
0.162523	13.824258173076913	2.8705400988036556
0.162822	12.907058653846377	2.8314556241019027
0.163121	15.7965865384611	2.840050794855063
0.163419	15.30134855769191	2.867372353109775
0.163718	15.18425048076864	2.836746444096296
0.164017	13.410349759615485	2.8449628424816438
0.164315	17.275611778845672	2.829463526694181
0.164614	16.300875721153503	2.834268654211109
0.164913	17.019883413461727	2.8487039987002376
0.165211	18.918385817307737	2.8143819996964514
0.16551	18.28925913461589	2.8379578129881695
0.165808	16.408739423077066	2.8192426934681074
0.166107	15.68357163461556	2.82471763910902
0.166406	15.123393749999678	2.805742549743072
0.166704	7.915554807691976	2.811219215303766
0.167003	14.95628004807692	2.8350908741717022
0.167302	16.802442548077465	2.7961181269413835
0.1676	17.683966586538133	2.8113649403519676
0.167899	18.83464543269227	2.8071545416386448
0.168197	11.680532451922971	2.796422990118438
0.168496	8.340280528846193	2.803394198876974
0.168795	16.396849759615506	2.783540289559043
0.169093	15.647751923076925	2.797936918902651
0.169392	12.772711298076658	2.7907695925803395
0.169691	16.256610576923336	2.792854852800069
0.169989	12.649668750000203	2.788299675007995
0.170288	12.292197836538676	2.7719691443660954
0.170586	16.067845673076988	2.777904008135558
0.170885	14.590266346153697	2.7753609362284895
0.171184	13.981158894230532	2.788746220902166
0.171482	12.977138942307462	2.759520181018772
0.171781	14.91534086538472	2.775357410656492
0.17208	17.08050360576891	2.7863072389869465
0.172378	10.2575913461542	2.743330444566421
0.172677	18.307712019230564	2.768820257088832
0.172975	8.598200480769265	2.7457463250782603
0.173274	7.833483173076985	2.7683881511751602
0.173573	16.20740985576937	2.7594677701087194
0.173871	16.098354807692346	2.745333659703389
0.17417	14.195526201923343	2.757376560577762
0.174469	19.163500240384437	2.740854558525547
0.174767	9.98963653846154	2.749844168352905
0.175066	13.552355048076805	2.7436100939718835
0.175364	11.448416105769539	2.7405371056163736
0.175663	18.510618028846153	2.751008905415745
0.175962	18.733084615384854	2.716302893739862
0.17626	12.302715144230518	2.7417980761249474
0.176559	12.678723317307572	2.7249185647329632
0.176858	14.70097427884582	2.7318063980052156
0.177156	11.897684134615147	2.737682811853185
0.177455	10.130468509615014	2.710950896848914
0.177754	7.366091105769357	2.726447385498085
0.178052	11.86003557692274	2.71218651730274
0.178351	10.239938221154006	2.716206014182949
0.178649	15.079018269230247	2.716515978178665
0.178948	8.953115625000194	2.7110604152306927
0.179247	14.98055480769203	2.7147548956960543
0.179545	13.849739423076741	2.719095575981071
0.179844	11.96508677884637	2.695554858070752
0.180143	16.79361129807738	2.703853820647285
0.180441	9.575903365384022	2.6966920305154716
0.18074	12.733321874999817	2.7083110472277157
0.181038	17.86724423076926	2.6959001732462133
0.181337	14.223870432692536	2.6890963514642383
0.181636	18.893243509615303	2.6957618819313245
0.181934	9.645069230769181	2.694576128707432
0.182233	12.522903605769429	2.6853428570599904
0.182532	14.719464663461466	2.6734177713996696
0.18283	11.884303846153728	2.6989619721632527
0.183129	10.84928076923049	2.6701513574749587
0.183427	9.250228124999964	2.6878506517404657
0.183726	13.692519230769165	2.6559833345254082
0.184025	15.463022596153664	2.679513237132079
0.184323	13.892341586538564	2.684758587436481
0.184622	15.436916105769143	2.6600098988863246
0.184921	12.665455528846081	2.6745194378725254
0.185219	16.299760817307458	2.659138417072386
0.185518	11.737693269230789	2.6623492203403143
0.185816	13.448128846153864	2.6685223046161233
0.186115	16.349055288461614	2.64197496548271
0.186414	11.390293990384421	2.673053022284228
0.186712	8.70040600961481	2.645587761883439
0.187011	8.895783894230647	2.655738000108216
0.18731	10.164392307692651	2.6460290563041684
0.187608	14.741758413461454	2.6364904106763345
0.187907	12.85622235576902	2.6666415441488565
0.188206	13.006093269230732	2.6366146901229226
0.188504	14.795716586537964	2.6380659723323334
0.188803	10.684003124999961	2.6374174196996245
0.189101	13.037034374999763	2.6341748381337617
0.1894	8.020430048077145	2.65545200446877
0.189699	12.180742067307833	2.621812538433179
0.189997	10.00193004807663	2.6295476740139327
0.190296	9.438936057692544	2.6183436862893976
0.190595	15.624990144230324	2.628516745960604
0.190893	8.500226682692187	2.6232072340724297
0.191192	10.643141105768663	2.6233213276718597
0.19149	12.309804086538136	2.626977844584441
0.191789	12.360825721154143	2.607743042381043
0.192088	11.22024374999988	2.625864912356386
0.192386	12.847934134615357	2.598483126809988
0.192685	9.463274999999882	2.602266164829853
0.192984	10.447724278846167	2.6037888307262795
0.193282	13.764529326922883	2.5908008550778487
0.193581	13.967606249999562	2.614657310516006
0.193879	11.526984375000282	2.5845038510600307
0.194178	10.896668509615637	2.5918171232305802
0.194477	12.001670913461524	2.5901340309139065
0.194775	12.625125721154262	2.590054985355725
0.195074	10.62985600961568	2.5857103837951363
0.195373	11.504452644231122	2.5778483095440388
0.195671	11.9979338942305	2.592939365329887
0.19597	11.496212740384948	2.582158890068654
0.196268	18.0233762019229	2.5735005196759495
0.196567	9.114006490384625	2.602631049492457
0.196866	12.202378846153863	2.5638227333488164
0.197164	12.188852163461519	2.5949217725089135
0.197463	9.090513461538166	2.5798585995916534
0.197762	11.695208653846052	2.573019420566779
0.19806	11.07150360576938	2.584188124785529
0.198359	11.837394951922988	2.5581119308468825
0.198658	12.45673197115373	2.5890170430074697
0.198956	10.757065384615103	2.5634632338541525
0.199255	7.297525961538511	2.570870676270474
0.199553	6.866924278846369	2.565376324878533
0.199852	9.41319735576947	2.560350655819776
0.200151	9.66401899038452	2.5673544680502167
0.200449	10.556234134615678	2.5530589046381005
0.200748	12.01065144230732	2.5544541954993094
0.201047	11.863886538461301	2.5690655248626335
0.201345	12.799578605769213	2.5590757336626337
0.201644	11.876635096153692	2.561960912106679
0.201942	6.885962740384315	2.5375433647607797
0.202241	7.73237163461495	2.554333996819931
0.20254	14.241867548077067	2.542078695319974
0.202838	10.972309615384361	2.5525546033639537
0.203137	7.94439374999989	2.5396808046298256
0.203436	13.039660817307777	2.54617808921597
0.203734	9.733562740384372	2.5429941666296716
0.204033	8.659644951923227	2.5294505108487937
0.204331	12.634010336538566	2.543124482532193
0.20463	15.140559375000038	2.528213963170173
0.204929	11.225971153846217	2.543029275403294
0.205227	10.331600480769083	2.5243521742089934
0.205526	12.030161538461854	2.5201860599945722
0.205825	9.469853365384253	2.5325811627266277
0.206123	11.446662980769702	2.535951798938908
0.206422	11.852560096153724	2.5273688852712644
0.20672	12.837894951923161	2.525471850305946
0.207019	9.395585336538304	2.5109113031073993
0.207318	12.084585576923033	2.5160590836008714
0.207616	7.933252644230322	2.51001671780822
0.207915	7.694058173076641	2.55547092415707
0.208214	11.754178125000294	2.611143133336211
0.208512	10.221854567307531	2.637476693488041
0.208811	12.797936538461485	2.6631481226068217
0.209109	12.976500721153883	2.665226215412512
0.209408	11.401452403845909	2.6742297045483836
0.209707	6.1448942307693954	2.6863049053730417
0.210005	12.717522836538748	2.6921455489834942
0.210304	7.451546394230633	2.70924116205605
0.210603	10.01690264423047	2.6985791336464504
0.210901	14.79543533653846	2.7066539423959006
0.2112	11.433908653846032	2.714999629457421
0.211499	11.068936298076864	2.7272449015874565
0.211797	7.662774519230453	2.730953157672913
0.212096	11.315711538461244	2.7244848616662294
0.212394	8.946802644230587	2.738159827528811
0.212693	11.970768750000431	2.7247371822011184
0.212992	13.604420913461652	2.70225208791034
0.21329	8.665781250000038	2.6242565268170726
0.213589	7.668162259615485	2.6140685904721743
0.213888	9.137775000000161	2.5987055371753187
0.214186	7.712348798076931	2.56709756068555
0.214485	10.933059374999985	2.577499113339358
0.214783	9.221865865384515	2.547926701445018
0.215082	11.344043509615034	2.575046112908013
0.215381	12.510729807692087	2.559035445421167
0.215679	9.393806971153538	2.534836599838353
0.215978	8.179584374999962	2.564413037642884
0.216277	9.536120192307322	2.5319135599905813
0.216575	9.02087956730746	2.5364785831547145
0.216874	10.607210336538557	2.5362332120020046
0.217172	18.056715144231177	2.5276928842068274
0.217471	10.118220432692198	2.5465362071027164
0.21777	11.280849519230998	2.513992805814807
0.218068	5.368052163461172	2.521349490063978
0.218367	9.597185336538132	2.516658576399834
0.218666	12.144299278845807	2.512303555266453
0.218964	10.739984855768867	2.527240153163274
0.219263	12.408951201923273	2.49214209432668
0.219561	12.670739423076824	2.509568480615286
0.21986	10.657484855769539	2.49979965203078
0.220159	13.175041586538327	2.50886812031518
0.220457	5.563016105768952	2.4985250372261048
0.220756	8.33314110576893	2.490284594485642
0.221055	7.541129567307578	2.503380006576237
0.221353	10.870363701923154	2.4879145423521574
0.221652	10.583848557692406	2.49001825611854
0.221951	7.772721634615181	2.4743798340242376
0.222249	13.702244711538256	2.480934262287938
0.222548	8.586470913461639	2.497337732064513
0.222846	7.257954086538021	2.470325354584485
0.223145	7.740314423076882	2.4799890010403565
0.223444	9.034762499999971	2.4651871850271556
0.223742	10.212062740384482	2.4760416131097718
0.224041	11.468681250000188	2.471703235479542
0.22434	9.593961057691871	2.4596420892136743
0.224638	11.538362740384258	2.4667983798780404
0.224937	9.33911466346089	2.4596676063530185
0.225235	8.089748076923016	2.4660809919857165
0.225534	8.952042548076875	2.454244517721723
0.225833	9.5906459134617	2.4522431665184956
0.226131	7.1938146634618505	2.4657855676911096
0.22643	8.748341826922896	2.444030117653206
0.226729	7.7337706730769895	2.4544539127271716
0.227027	15.02330841346172	2.442079597358203
0.227326	8.971346394230864	2.4523736276561374
0.227624	13.668935336538368	2.446661783631024
0.227923	8.3667735576919	2.430208378446511
0.228222	8.359308173076982	2.4498529425204736
0.22852	8.611272115384736	2.424615191003611
0.228819	11.23644591346121	2.4465859408464627
0.229118	10.974214182691853	2.423202346808582
0.229416	4.745529807692108	2.432037968732325
0.229715	7.452347596153572	2.431303617002082
0.230013	12.984475961538351	2.4223331068753473
0.230312	3.619352884615523	2.4320504163922854
0.230611	10.998712500000067	2.4243971360147945
0.230909	10.549963701922707	2.4217189019831644
0.231208	6.9123324519227225	2.4304468527765044
0.231507	9.316973076923318	2.403538865143971
0.231805	5.337546634615151	2.4228631829133813
0.232104	9.747971394230959	2.406951340477314
0.232403	11.212081009615247	2.4185557275907343
0.232701	8.501888942307474	2.409838320143005
0.233	12.007197115384685	2.4039267862840608
0.233298	11.776460336538364	2.4228705973202675
0.233597	4.544202403845929	2.3798866036684725
0.233896	7.572448557692155	2.413672879329968
0.234194	5.286643990384263	2.3998458038802366
0.234493	8.326146634615625	2.400074351446694
0.234792	4.812853124999634	2.402589504329827
0.23509	6.2042524038459135	2.3805315034518606
0.235389	10.565761298076808	2.4051897899392918
0.235687	8.391408894230636	2.389248551624796
0.235986	5.407814423076829	2.3938852146240155
0.236285	5.858245673077036	2.39588975372442
0.236583	6.212857932692657	2.3745374481786286
0.236882	10.565927884615505	2.3927546330123297
0.237181	7.167434855768704	2.372322529243611
0.237479	11.920818028845588	2.3899403345978585
0.237778	11.641221634615277	2.388085702947359
0.238076	12.516409615385058	2.377010653400261
0.238375	6.594482451923298	2.3902841383653826
0.238674	9.054640384615524	2.35512099981462
0.238972	5.824991826922883	2.379247794408033
0.239271	9.77548990384598	2.3708590512631145
0.23957	3.395413701923218	2.373845234767214
0.239868	6.195863221153601	2.3801469834821005
0.240167	9.891580528845765	2.361070461464682
0.240465	9.718035576923256	2.3681175683544606
0.240764	8.311293749999962	2.352732608439545
0.241063	7.906533894230847	2.3596307524118254
0.241361	9.187881490384626	2.3605776284614017
0.24166	7.197082211538444	2.364782720806486
0.241959	7.3321355769233065	2.3588236179220314
0.242257	10.713824278845792	2.3484877640016935
0.242556	7.860027403846033	2.3585287949346463
0.242854	5.09352692307651	2.3509157180406306
0.243153	6.649375961538482	2.3525406084377924
0.243452	6.024827163461595	2.357485520736259
0.24375	4.324174038461592	2.3279577257219524
0.244049	9.555730528845956	2.338383348129979
0.244348	6.269855048076565	2.333219683578637
0.244646	8.86138485576943	2.3381796859408706
0.244945	6.024450721153656	2.333970654246197
0.245244	8.687917788461306	2.3309926596244215
0.245542	7.441499278845853	2.341144770153227
0.245841	8.825974038461482	2.315204278786391
0.246139	1.9305028846149241	2.3240457072423175
0.246438	12.136787740384065	2.3312708225467054
0.246737	7.24493798076935	2.322460329560107
0.247035	10.67935889423083	2.336895528823999
0.247334	2.8171990384618084	2.3062065296893945
0.247633	6.7496358173072935	2.328897725496759
0.247931	7.661188701922796	2.3187234739362577
0.24823	7.988791586538184	2.320979837163594
0.248528	6.891169471153731	2.3323524995671447
0.248827	3.271642788461264	2.308241717083284
0.249126	6.192261778846344	2.328922818983668
0.249424	6.2745584134616195	2.307246037942896
0.249723	10.512325240383973	2.3168222193250583
0.250022	10.131224999999802	2.3146712845863253
0.25032	7.066055769231028	2.315697744425015
0.250619	6.706909615384049	2.314249120801851
0.250917	4.493013461538382	2.307137310147444
0.251216	4.133792307692659	2.3050541958360364
0.251515	5.241278365384758	2.3071447701064445
0.251813	7.549370192308089	2.3049828724458368
0.252112	7.103896153846421	2.3097411897563354
0.252411	10.505847836538678	2.301215357731622
0.252709	7.853379807692065	2.305446493586218
0.253008	7.565500961538518	2.297489493013747
0.253306	8.619367788461716	2.290665287044496
0.253605	6.52828918269222	2.2941866796702874
0.253904	4.87886249999967	2.2980670708696165
0.254202	7.825556250000005	2.307095258909101
0.254501	6.236252884615681	2.281144384410283
0.2548	9.89380745192328	2.2976376139086496
0.255098	6.55228052884631	2.2767221958452724
0.255397	7.790433894231086	2.2982334256789434
0.255696	4.946541346153879	2.2918736561754103
0.255994	8.144004807692227	2.2726305809965623
0.256293	10.0643985576923	2.2935566417222244
0.256591	7.295018509615616	2.2797420978724556
0.25689	7.757599759615417	2.286628294248317
0.257189	5.950463942307849	2.2861534424644505
0.257487	6.939074999999946	2.2694969147278132
0.257786	5.0733735576920935	2.285866183941485
0.258085	7.621719230769415	2.2686956020501596
0.258383	3.9349572115385456	2.2724467567726148
0.258682	9.808726442307574	2.2761760837500313
0.25898	7.653107451922736	2.2559073909975176
0.259279	5.62615096153813	2.285859476890589
0.259578	9.334251201922754	2.2621212923518024
0.259876	10.43248774038453	2.272932255984413
0.260175	6.041756971154086	2.26528337981538
0.260474	6.048911538461539	2.271060968731171
0.260772	5.625218509615522	2.2655011219002916
0.261071	7.528835336538364	2.2530885141831547
0.261369	5.384657451922763	2.265526882061911
0.261668	4.796630048076622	2.2581855768995496
0.261967	13.193415144231224	2.258982940113241
0.262265	8.588379807692164	2.25693604619967
0.262564	5.043837980769013	2.246036730607761
0.262863	8.178460096153941	2.26300832308096
0.263161	7.0904242788459015	2.243109843360955
0.26346	5.952431250000174	2.2538395811778082
0.263758	0.57494134615375	2.240501430800917
0.264057	9.865095432692002	2.2572662175640463
0.264356	3.892771153845871	2.2531494755025196
0.264654	9.048816346153785	2.2404474001050336
0.264953	9.984308653845915	2.24912512318667
0.265252	2.352145673076862	2.223479273779264
0.26555	5.267008413461554	2.2500311370189867
0.265849	3.847498557692006	2.2399551774832736
0.266148	7.701202644230847	2.237606335884601
0.266446	2.3903502403845778	2.238922747745477
0.266745	10.646259374999545	2.2264172958437345
0.267043	9.668065384615403	2.245991586230996
0.267342	9.73422908653788	2.2276529538885734
0.267641	12.296286057692498	2.2283651366378203
0.267939	8.042633653845854	2.246898604561446
0.268238	1.1285379807689822	2.2125282112039115
0.268537	8.57889879807722	2.2326182519688444
0.268835	1.9889141826921275	2.221497511175108
0.269134	3.9213223557690924	2.2269779520879975
0.269432	5.335491346153702	2.2440155862076296
0.269731	7.934831249999732	2.205813313304178
0.27003	5.04750144230762	2.223669833313158
0.270328	3.463943509614822	2.2066923288641735
0.270627	4.968002884615146	2.225385482541587
0.270926	10.180393990384289	2.2118308921591736
0.271224	6.400416346153435	2.2549306788146795
0.271523	5.315720913461135	2.2954438600455993
0.271821	6.652072355769363	2.306608087988306
0.27212	2.9379216346153214	2.321349112971069
0.272419	4.339876442307897	2.334702861368939
0.272717	5.074230288461408	2.338475147506635
0.273016	7.76094158653855	2.3539965290037093
0.273315	2.0123776442310515	2.3429372587172423
0.273613	6.2966718749994754	2.357958741465537
0.273912	2.906935096153589	2.3511787465708722
0.27421	4.319449759615495	2.438786348432143
0.274509	5.610227163461516	2.4882086222378157
0.274808	9.62854831730759	2.4829341800385754
0.275106	5.365590144230765	2.528123316434445
0.275405	11.38996370192288	2.5305241638012648
0.275704	4.82863774038421	2.5830189239227024
0.276002	2.4836112980768377	2.586947827687262
0.276301	8.5300658653847	2.622800101244059
0.276599	6.848446874999823	2.651893227542218
0.276898	7.983993750000309	2.6498855527574485
0.277197	6.716482932692429	2.678968806802308
0.277495	4.613793750000426	2.6712804889191553
0.277794	3.9827387019231253	2.7002048652925246
0.278093	7.665364182692045	2.72701039511811
0.278391	5.850932451923256	2.7149032545990046
0.27869	8.339270192307708	2.741803485371255
0.278989	3.776007692307388	2.7268028462555725
0.279287	5.434153846154004	2.760101866183721
0.279586	6.449245673076405	2.7704179010688166
0.279884	2.7532593749997147	2.7805640766983206
0.280183	12.130282211538201	2.7922130896608577
0.280482	4.876153125000329	2.7820727487903243
0.28078	9.763805769230416	2.8134590601378062
0.281079	6.730603846154111	2.805482115106873
0.281378	5.139129807691916	2.8300908323051117
0.281676	6.933846634615151	2.8463270259343276
0.281975	6.034424999999928	2.8475584799495595
0.282273	10.831626201923115	2.865317742852668
0.282572	8.05551346153834	2.846084093780875
0.282871	6.698137500000101	2.875464545209401
0.283169	5.7670853365385	2.882921942843463
0.283468	5.212028365384427	2.897374965313038
0.283767	2.5286098557692327	2.916556182089418
0.284065	4.016819711538417	2.890507361360402
0.284364	4.592677644230463	2.93061703729098
0.284662	10.058234855769257	2.9184647135380883
0.284961	9.776530528846337	2.955062745585629
0.28526	5.262564663461049	2.9582120972818817
0.285558	6.1024990384611755	2.9368947951120528
0.285857	0.12255144230813642	2.9976971950802915
0.286156	7.409390625000043	2.9255118376995806
0.286454	5.399904807692408	2.9799779955969985
0.286753	8.92156802884621	2.9625171777256956
0.287051	8.6379973557694	2.9656076957348025
0.28735	3.0229788461539187	3.0095446710638085
0.287649	1.7022064903842704	2.968409693392361
0.287947	5.469647596153919	3.0008060538678745
0.288246	6.583368749999963	3.0113373246421142
0.288545	5.91683221153815	3.0064263457582157
0.288843	4.707787499999938	3.0614925841197325
0.289142	4.231275721154049	2.9915993573014314
0.289441	7.358744711538705	3.0594801746906226
0.289739	6.519434134615025	3.0430570117969338
0.290038	7.547606971153726	3.0441540342643245
0.290336	5.1884336538462605	3.097577429981081
0.290635	3.6348987980770175	3.028765136106956
0.290934	8.804718028846423	3.1316992499686096
0.291232	4.149271874999982	3.064741360646656
0.291531	5.120835576923142	3.0969038813194096
0.29183	1.2471562500000744	3.106896344502382
0.292128	11.058892067307298	3.1145031544356563
0.292427	9.304806490384436	3.1461876953699104
0.292725	4.45058221153829	3.1275928204655137
0.293024	5.725753846153836	3.126527165826717
0.293323	1.6294593749996267	3.158832501185127
0.293621	5.788823798076876	3.1545061958011713
0.29392	0.20832043269209066	3.197200874188747
0.294219	4.058756250000002	3.155921369496536
0.294517	11.746087499999618	3.1790944999264648
0.294816	6.181214423076753	3.2049235229503923
0.295114	-2.571138461538638	3.1856942795691117
0.295413	4.141712740384662	3.2311723612026393
0.295712	3.5644701923077093	3.205685656248645
0.29601	4.832212499999784	3.2366951161264463
0.296309	2.5716879807689708	3.2373193914280773
0.296608	8.090503124999984	3.227800824917214
0.296906	9.570914423076218	3.2812043668361546
0.297205	8.237406490384132	3.257486411435191
0.297503	3.3160031249994404	3.2648124625773427
0.297802	3.613600961538168	3.2883294064895425
0.298101	3.0257112980770984	3.2755742713066156
0.298399	0.8588524038461998	3.3193687773564964
0.298698	2.168094230769242	3.2895827572986827
0.298997	2.2771774038457693	3.323015321351637
0.299295	-3.8503557692311574	3.294403138650709
0.299594	6.522775240384888	3.338044856001443
0.299893	2.3207661057689677	3.3240807724886334
0.300191	7.019294711538606	3.3336272785477132
0.30049	7.705894471153343	3.324542203946604
0.300788	8.741300480768643	3.3567385587271596
0.301087	4.360624759615348	3.369225303041858
0.301386	-3.7507586538463045	3.3395887297173177
0.301684	-0.374991346154232	3.3905357565228966
0.301983	3.763249759615235	3.360214736491825
0.302282	14.559494711538363	3.4281213082577873
0.30258	5.7629495192306734	3.4026794301484085
0.302879	7.55040793269238	3.3906278096501827
0.303177	10.404152884615101	3.440866011326208
0.303476	1.9285096153846126	3.4077409325924353
0.303775	3.8417682692304567	3.4605205612191203
0.304073	0.5398586538464656	3.4367282195131
0.304372	3.0372483173074016	3.4152892949138884
0.304671	2.4636526442308337	3.505694623510657
0.304969	9.318558173076852	3.4498154344308034
0.305268	8.279094951922872	3.522379490423766
0.305566	1.9172048076924142	3.458594988754362
0.305865	9.046495673076933	3.4827163201412645
0.306164	5.7735137019230365	3.5650711422788492
0.306462	13.497802644230745	3.4729287120824384
0.306761	1.011307211538437	3.5730521698544218
0.30706	11.141993509615489	3.5054600251396204
0.307358	3.331424278845816	3.5440945501900716
0.307657	8.71649423076903	3.5776096177807886
0.307955	3.8840170673077523	3.5268907007329697
0.308254	2.351901923077051	3.6322542161788074
0.308553	7.624567788461647	3.546798055611934
0.308851	2.096626442307823	3.6052940327517353
0.30915	-0.018553846153750442	3.601547066373588
0.309449	11.444406490384651	3.598339173705476
0.309747	6.852036778845587	3.669309478781595
0.310046	7.359694471153659	3.5637383582943816
0.310344	5.594563701922937	3.6270341558744783
0.310643	7.222732211538485	3.629399283717794
0.310942	5.742512740384811	3.6235709144738735
0.31124	6.371620673076279	3.6680900665456804
0.311539	4.832206730768931	3.5738571712103324
0.311838	9.013287980768965	3.6470500783343036
0.312136	7.676974759615405	3.617578555825531
0.312435	0.6292074519229374	3.6899435338425453
0.312734	13.351830288461386	3.651285553748531
0.313032	5.097177403846018	3.6498093847008595
0.313331	1.3941418269227057	3.716987838252441
0.313629	-3.534455769231286	3.639778010132322
0.313928	12.018816346153471	3.752195939805742
0.314227	3.3112348557688875	3.700587916558772
0.314525	4.722582692307711	3.7018837940027884
0.314824	5.4130384615383775	3.7596467695200606
0.315123	2.0649944711542645	3.6859520873634444
0.315421	6.624094471153583	3.780789056850857
0.31572	10.594763221153869	3.74348815778795
0.316018	9.714948317307517	3.7660503796699834
0.316317	-2.769852403846329	3.7851958176025806
0.316616	9.415656490384663	3.765964248873104
0.316914	5.5778978365382414	3.852882570662532
0.317213	3.6055882211535817	3.758435425473915
0.317512	4.980578365384503	3.834133411583224
0.31781	4.051483413461767	3.8273767246819386
0.318109	3.114260336538024	3.840428606472173
0.318407	1.4763656250001134	3.907019599265734
0.318706	4.352107211538367	3.792166922430456
0.319005	6.232458894230888	3.9192687674425213
0.319303	5.325465144231032	3.855559378120678
0.319602	6.4819737980766945	3.8963595073565314
0.319901	5.538449999999813	3.968170058060413
0.320199	1.828640625000233	3.8542721804493847
0.320498	5.39370504807664	3.957980080123049
0.320796	3.797604086538513	3.9156545119501205
0.321095	10.611747115384915	3.9575428249854134
0.321394	2.964398076922805	3.963783548440443
0.321692	4.2052406249995755	3.9523698258871427
0.321991	4.741907451923595	4.047872151077339
0.32229	4.4142699519226625	3.9366962565870187
0.322588	3.533182932692398	4.041303593816288
0.322887	9.224872355768952	3.993970877282622
0.323186	5.936281730769153	4.044270210697075
0.323484	9.438601442307757	4.117239597324196
0.323783	8.88793341346151	3.9850506739858034
0.324081	9.629221874999985	4.098269814169984
0.32438	-2.2049776442305813	4.0426952031247225
0.324679	4.326667067307355	4.1018534698223
0.324977	7.2672959134613535	4.143450815278356
0.325276	1.5547723557691029	4.07285169855303
0.325575	6.233376923077216	4.185035337268754
0.325873	11.728667307692504	4.078803841185939
0.326172	11.034203365384343	4.175591224453778
0.32647	3.2476514423073866	4.175440160584519
0.326769	2.150539903845967	4.166012173101607
0.327068	6.5225949519227555	4.2504758511483685
0.327366	10.169806730769366	4.137770198254649
0.327665	10.55234711538482	4.247393288382349
0.327964	3.240816346153892	4.230045195956927
0.328262	5.414167067307432	4.239079647968413
0.328561	1.715122355768841	4.300016182909462
0.328859	5.899986057691962	4.209604608114647
0.329158	-6.05161514423088	4.328684744957359
0.329457	6.624486057692138	4.254938900116182
0.329755	4.355272355769131	4.327405658468109
0.330054	7.145750480769095	4.329315296179723
0.330353	12.321591346153866	4.317226043109235
0.330651	9.792941105769302	4.422042930376094
0.33095	9.317333653845878	4.299576624159271
0.331248	8.919152884615471	4.420874091750621
0.331547	8.181195432692121	4.363521033484088
0.331846	-1.9194461538466356	4.4060147103897584
0.332144	11.005742307692188	4.512717111038953
0.332443	8.591005528846267	4.361674573363761
0.332742	7.9536137019231035	4.510126271236834
0.33304	1.888673076922629	4.404729350619965
0.333339	3.078498317307705	4.49741261743469
0.333637	10.398516346154167	4.525771431612822
0.333936	9.704689182691979	4.492358094735717
0.334235	3.991180528846172	4.58114771153415
0.334533	4.794848076922946	4.469688470623784
0.334832	-4.299443509615273	4.592415041285199
0.335131	2.732985576922786	4.567775448666872
0.335429	9.47742692307692	4.595226200734405
0.335728	11.42189278846132	4.701001303119459
0.336027	13.067530528845808	4.525840715959577
0.336325	0.6995350961535962	4.693378507053716
0.336624	3.088357211538195	4.618356333457238
0.336922	6.813563221154197	4.697814208363571
0.337221	10.766593269230569	4.752828613247442
0.33752	12.400623317307762	4.640231997381699
0.337818	10.070200961538447	4.793597876633823
0.338117	2.9003040865384833	4.670241491831537
0.338416	1.2604896634613993	4.8129350651608185
0.338714	-3.4878807692305713	4.743513676671814
0.339013	-0.055306009615634366	4.788416339457751
0.339311	1.6198882211540422	4.893281067865465
0.33961	9.90200048076936	4.75547215801618
0.339909	8.035098317307856	4.898952996256936
0.340207	11.661007211538461	4.825409028895513
0.340506	1.417193509615302	4.918371637521227
0.340805	4.528818028845976	5.006150112365017
0.341103	-2.1220348557691437	4.814242886914617
0.341402	5.162337980769323	5.029602693334495
0.3417	5.878891586538231	4.8712544722574895
0.341999	11.161255528846112	5.020748828352449
0.342298	11.317101923077004	5.030682612078288
0.342596	13.407828605769367	4.999116795439051
0.342895	0.346895192307457	5.161918917367259
0.343194	7.706111538461897	4.934178380902215
0.343492	0.1755750000000944	5.171983816675772
0.343791	6.115795673076505	5.051723815863689
0.344089	3.3310269230772604	5.103908952593264
0.344388	6.071081249999466	5.241996638899014
0.344687	12.887554326923123	4.941397743463939
0.344985	-0.5033264423074968	5.208818626046135
0.345284	2.511032451922759	5.02325598935872
0.345583	7.074268990384454	5.13118021270907
0.345881	1.637717307692057	5.170885335725641
0.34618	6.658671634615416	5.018946208012576
0.346479	-0.11723004807727477	5.218878403332697
0.346777	5.449518749999882	5.052496902060217
0.347076	1.7729286057689109	5.182791211119621
0.347374	1.3160682692306835	5.154647422279743
0.347673	5.647137259615604	5.158285044797116
0.347972	8.21490144230772	5.344362179983865
0.34827	4.145799519230664	5.129597494155929
0.348569	-4.691061057692565	5.295158720978986
0.348868	1.757143269230852	5.205990066818458
0.349166	2.9047586538461445	5.319505966705122
0.349465	14.609425240384368	5.465024346858802
0.349763	15.349693990384807	5.196288128508219
0.350062	-5.349933894230858	5.483742433216498
0.350361	7.029199759615281	5.25814684968016
0.350659	-1.0838307692310423	5.509406664766555
0.350958	5.29146850961574	5.4306633066412004
0.351257	4.560968509615151	5.431246753865069
0.351555	3.7211199519230576	5.644126961258951
0.351854	3.4435463942308076	5.3641600283338455
0.352152	4.077726923077023	5.678229822667146
0.352451	14.494086057692215	5.479648691881164
0.35275	5.069302644230831	5.623461438329113
0.353048	5.420828365384409	5.822613478946515
0.353347	-8.716668028846186	5.440122337216361
0.353646	12.463492067307413	5.826327726328408
0.353944	2.176909615384801	5.58549495006977
0.354243	8.454323798077112	5.812405420245305
0.354541	11.328707451922995	5.83234193411265
0.35484	3.272462740384796	5.742947985429451
0.355139	2.40058774038431	5.9782392126157475
0.355437	11.531785817307707	5.673376803755696
0.355736	5.936687740384201	6.026167733567493
0.356035	11.260864903846155	5.853060035683071
0.356333	14.966858653846202	5.973787398862805
0.356632	9.380215384615056	6.1649917032559065
0.356931	15.300931730768852	5.818970081041797
0.357229	9.251554326922857	6.165452438061789
0.357528	11.614218028845897	5.988027805042205
0.357826	8.395443028846117	6.195737225083142
0.358125	5.506274278845922	6.27261956167713
0.358424	10.902419711538016	5.997521805624571
0.358722	14.364546634615323	6.450655611910033
0.359021	8.264163461538487	6.0858712648861015
0.35932	7.548805528845861	6.421360681639543
0.359618	6.31044879807682	6.33909585261421
0.359917	6.034638461538293	6.319311758307366
0.360215	8.975226923076747	6.65688257995795
0.360514	14.130046874999778	6.230148791798144
0.360813	-8.434709134615872	6.611599311638129
0.361111	6.605176442307723	6.403011867783155
0.36141	12.813191105769164	6.635387988198082
0.361709	-2.2453550480770446	6.923222328294122
0.362007	7.52807235576924	6.354412133334661
0.362306	9.212976923077179	6.926468607286731
0.362604	11.763818509614836	6.562226676070202
0.362903	13.083417548076852	6.929247656420498
0.363202	10.919632932692167	6.8978563593981495
0.3635	-0.39388990384644273	6.789638131801694
0.363799	22.031190865384715	7.207178522420336
0.364098	-0.431959615384514	6.699829649208791
0.364396	5.943954086538099	7.2487861284604325
0.364695	6.292283653845985	6.985612132820279
0.364993	12.408201201923035	7.146191744670693
0.365292	-1.865389182692354	7.573914561776536
0.365591	-4.000412740384363	6.839342973682602
0.365889	1.8971372596156044	7.584687029534682
0.366188	4.826061778846054	7.205388346011601
0.366487	-1.279873557692568	7.512947459446716
0.366785	-4.6432831730771085	7.686230057340967
0.367084	-0.06282980769256596	7.288578882143047
0.367382	-3.492289903846384	7.98933961933012
0.367681	-0.5823526442309657	7.347515002333509
0.36798	13.748749038461554	7.970520374582433
0.368278	11.310962019230857	7.79936253778059
0.368577	15.304983173076891	7.868754238963863
0.368876	15.959229807692097	8.50176248319148
0.369174	20.04155841346183	7.556856532761756
0.369473	15.161199519230806	8.508639418174152
0.369772	-3.4964754807690923	7.874454917363744
0.37007	7.858770432692097	8.490407615244507
0.370369	11.11363557692286	8.911910440007901
0.370667	8.64753028846117	7.864534746185494
0.370966	-3.513390144230968	8.938065628164257
0.371265	12.90761826923081	8.294891643003375
0.371563	20.899432932692505	8.9222806121909
0.371862	1.530193269230864	8.927975893337587
0.372161	-1.8666612980766928	8.65395323593247
0.372459	-2.4329942307693386	9.82047590601462
0.372758	10.910167788461749	8.420841844211587
0.373056	-5.276915624999745	9.722064018348668
0.373355	0.24884783653838838	9.082723570894057
0.373654	14.558663942307462	9.513488524254853
0.373952	4.126716346153714	10.695599259712555
0.374251	1.4571540865384947	8.78830828913468
0.37455	10.866181730769142	10.727648844653839
0.374848	6.836203846153737	9.427339960463149
0.375147	11.821972355769006	10.572607312025575
0.375445	-3.5184324519229904	10.539572471243307
0.375744	15.765172355769153	10.027231393364639
0.376043	28.43217259615365	11.89994562993224
0.376341	-10.91084278846175	9.70607700064946
0.37664	11.266851201923131	12.020456019746387
0.376939	1.7456487980769708	10.947335822974047
0.377237	12.372217788461342	11.503337331510911
0.377536	9.170922115384812	13.573598722464949
0.377834	-1.2816973557691824	10.431702465053608
0.378133	17.87111177884583	13.770842124172953
0.378432	-0.8494911057692178	11.28656698505478
0.37873	2.1893379807688973	13.61287212114808
0.379029	-19.294039903845928	14.277366733801271
0.379328	5.26736899038454	11.79682504625718
0.379626	-17.94002668269229	16.44076247545243
0.379925	7.8407617788458595	12.17931432410282
0.380224	-40.44802572115408	16.626358320868125
0.380522	-15.632149038461662	13.935228433872064
0.380821	-9.481477644231049	16.10323299739603
0.381119	-11.155749519230724	19.107956640441287
0.381418	11.12745288461575	14.179628925791805
0.381717	-15.330032451923046	20.89012175831274
0.382015	0.7826783653847258	15.544159525382668
0.382314	-0.10768918269249639	23.17044751358882
0.382613	-51.7854728365387	24.2770398723003
0.382911	29.660064663461796	18.236797967811512
0.38321	0.	0.
0.383508	0.8518269230766862	21.4740904054433